success		1       0       1       56      1       0       64334.58  100     47.0     ms
success		1       1       2       88      2       0       63854.19  99      47.0     ms
success		1       2       1       63      1       0       63835.37  98      47.0     ms
success		1       3       1       38      1       0       63663.28  97      47.0     ms
success		1       4       1       41      1       0       63418.26  96      47.0     ms
success		1       5       1       77      1       0       63390.74  95      47.0     ms
success		1       6       2       54      2       0       63512.72  94      47.0     ms
success		1       7       1       50      1       0       63348.54  93      47.0     ms
success		1       8       1       19      1       0       63164.12  92      47.0     ms
success		1       9       2       79      2       0       62374.47  91      47.0     ms
success		1       10      1       10      1       0       62420.51  90      47.0     ms
success		1       11      1       49      1       0       61579.01  89      47.0     ms
success		1       12      1       83      1       0       61300.24  88      47.0     ms
success		1       13      1       42      1       0       60139.77  87      47.0     ms
success		1       14      1       4       1       0       59243.38  86      47.0     ms
success		1       15      1       45      1       0       59154.83  85      47.0     ms
success		1       16      1       69      1       0       59203.54  84      47.0     ms
success		1       17      1       81      1       0       59203.87  83      47.0     ms
success		1       18      1       10      1       0       59249.10  82      47.0     ms
success		1       19      2       19      2       0       58797.15  81      47.0     ms
success		1       20      1       7       1       0       58766.95  80      47.0     ms
success		1       21      1       64      1       0       58629.29  79      47.0     ms
success		1       22      1       44      1       0       57594.68  78      47.0     ms
success		1       23      1       77      1       0       57250.10  77      47.0     ms
success		1       24      2       9       2       0       56311.44  76      47.0     ms
success		1       25      1       48      1       0       55094.38  75      47.0     ms
success		1       26      1       64      1       0       54903.07  74      47.0     ms
success		1       27      1       56      1       0       54382.19  73      47.0     ms
success		1       28      1       44      1       0       54070.30  72      47.0     ms
success		1       29      2       27      2       0       53396.09  71      47.0     ms
success		1       30      1       20      1       0       53168.07  70      47.0     ms
success		1       31      2       3       2       0       53148.99  69      47.0     ms
success		1       32      2       35      2       0       52784.18  68      47.0     ms
success		1       33      2       29      2       0       52991.05  67      47.0     ms
success		1       34      1       18      1       0       53138.57  66      47.0     ms
success		1       35      1       2       1       0       53160.45  65      47.0     ms
success		1       36      1       24      1       0       53075.17  64      47.0     ms
success		1       37      2       55      2       0       53068.71  63      47.0     ms
success		1       38      1       12      1       0       52055.75  62      47.0     ms
success		1       39      1       42      1       0       51718.24  61      47.0     ms
success		1       40      2       30      2       0       51374.07  60      47.0     ms
success		1       41      1       32      1       0       50682.26  59      47.0     ms
success		1       42      3       9       3       0       50030.35  58      63.0     ms
success		1       43      2       17      2       0       50041.10  57      63.0     ms
success		1       44      1       30      1       0       49827.10  56      63.0     ms
success		1       45      1       55      1       0       48809.63  55      63.0     ms
success		1       46      1       28      1       0       48853.70  54      63.0     ms
success		1       47      3       6       3       0       48381.56  53      63.0     ms
success		1       48      1       51      1       0       47859.63  52      63.0     ms
success		1       49      2       28      2       0       46649.41  51      63.0     ms
success		1       50      2       50      2       0       46350.28  50      63.0     ms
success		1       51      2       30      2       0       45365.39  49      63.0     ms
success		1       52      3       9       3       0       45007.46  48      63.0     ms
success		1       53      1       10      1       0       44488.70  47      63.0     ms
success		1       54      1       5       1       0       44513.09  46      63.0     ms
success		1       55      5       16      5       0       44523.93  45      63.0     ms
success		1       56      3       31      3       0       44072.73  44      63.0     ms
success		1       57      2       10      2       0       43723.47  43      63.0     ms
success		1       58      2       9       2       0       43224.29  42      63.0     ms
success		1       59      2       14      2       0       42593.75  41      63.0     ms
success		1       60      4       19      4       0       41440.41  40      63.0     ms
success		1       61      3       5       3       0       41426.05  39      63.0     ms
success		1       62      3       7       3       0       40113.78  38      63.0     ms
success		1       63      4       14      4       0       39135.36  37      63.0     ms
success		1       64      4       34      4       0       38279.82  36      63.0     ms
success		1       65      3       25      3       0       37393.84  35      63.0     ms
success		1       66      3       16      3       0       37242.29  34      63.0     ms
success		1       67      3       16      3       0       36937.87  33      63.0     ms
success		1       68      6       16      6       0       36290.27  32      63.0     ms
success		1       69      2       8       2       0       35306.87  31      63.0     ms
success		1       70      3       15      3       0       34954.48  30      63.0     ms
success		1       71      6       4       6       0       33998.51  29      63.0     ms
success		1       72      1       10      1       0       33619.64  28      63.0     ms
success		1       73      4       18      4       0       33948.72  27      63.0     ms
success		1       74      4       20      4       0       32909.27  26      63.0     ms
success		1       75      7       14      7       0       31512.35  25      63.0     ms
success		1       76      5       23      5       0       29724.38  24      63.0     ms
success		1       77      2       20      2       0       28363.72  23      63.0     ms
success		1       78      4       11      4       0       28111.30  22      63.0     ms
success		1       79      5       16      5       0       26855.58  21      63.0     ms
success		1       80      6       3       6       0       26103.31  20      63.0     ms
success		1       81      4       18      4       0       25521.25  19      63.0     ms
success		1       82      5       3       5       0       24579.14  18      63.0     ms
success		1       83      5       10      5       0       23085.21  17      63.0     ms
success		1       84      6       6       6       0       22026.43  16      63.0     ms
success		1       85      7       9       7       0       20637.36  15      63.0     ms
success		1       86      7       9       7       0       19613.88  14      63.0     ms
success		1       87      8       10      7       0       20658.19  13      63.0     ms
success		1       88      6       3       6       0       18873.83  12      63.0     ms
success		1       89      9       10      9       0       17696.47  11      63.0     ms
success		1       90      9       6       9       0       16066.96  10      63.0     ms
success		1       91      12      8       11      0       14421.58  9       78.0     ms
success		1       92      14      8       11      0       13131.60  8       94.0     ms
success		1       93      16      2       12      0       11409.86  7       125.0    ms
success		1       94      21      1       13      0       9693.50   6       203.0    ms
success		1       95      121     2       17      0       8161.66   5       2091.0   ms
success		1       0       1       40      1       0       79594.32  100     38064.0  ms
success		1       1       1       32      1       0       79165.90  99      38064.0  ms
success		1       2       1       93      1       0       78565.68  98      38064.0  ms
success		1       3       1       41      1       0       76925.11  97      38064.0  ms
success		1       4       1       19      1       0       76515.93  96      38064.0  ms
success		1       5       1       42      1       0       74941.82  95      38064.0  ms
success		1       6       1       76      1       0       73072.88  94      38064.0  ms
success		1       7       1       6       1       0       71377.14  93      38064.0  ms
success		1       8       1       82      1       0       70057.52  92      38064.0  ms
success		1       9       1       57      1       0       69465.67  91      38064.0  ms
success		1       10      1       71      1       0       67919.26  90      38064.0  ms
success		1       11      1       8       1       0       67737.16  89      38064.0  ms
success		1       12      1       68      1       0       67646.07  88      38064.0  ms
success		1       13      1       44      1       0       67496.53  87      38064.0  ms
success		1       14      1       37      1       0       66976.50  86      38064.0  ms
success		1       15      1       36      1       0       65576.29  85      38064.0  ms
success		1       16      1       28      1       0       65308.96  84      38079.0  ms
success		1       17      1       5       1       0       64818.66  83      38079.0  ms
success		1       18      1       67      1       0       64304.97  82      38079.0  ms
success		1       19      4       38      4       0       64216.75  81      38079.0  ms
success		1       20      1       6       1       0       63852.52  80      38079.0  ms
success		1       21      1       45      1       0       62669.08  79      38079.0  ms
success		1       22      1       69      1       0       62518.66  78      38079.0  ms
success		1       23      2       24      2       0       61996.68  77      38079.0  ms
success		1       24      1       40      1       0       61385.63  76      38079.0  ms
success		1       25      1       45      1       0       61085.11  75      38079.0  ms
success		1       26      2       22      2       0       60660.32  74      38079.0  ms
success		1       27      2       39      2       0       60358.04  73      38079.0  ms
success		1       28      2       43      2       0       60073.64  72      38079.0  ms
success		1       29      2       27      2       0       59880.78  71      38079.0  ms
success		1       30      3       69      3       0       59212.32  70      38079.0  ms
success		1       31      1       4       1       0       58615.11  69      38079.0  ms
success		1       32      2       48      2       0       56889.44  68      38079.0  ms
success		1       33      2       29      2       0       56466.23  67      38079.0  ms
success		1       34      1       47      1       0       56086.00  66      38079.0  ms
success		1       35      1       22      1       0       54710.89  65      38079.0  ms
success		1       36      2       48      2       0       54614.59  64      38079.0  ms
success		1       37      4       35      4       0       53884.68  63      38079.0  ms
success		1       38      1       9       1       0       53372.94  62      38079.0  ms
success		1       39      1       28      1       0       51787.94  61      38079.0  ms
success		1       40      1       25      1       0       51582.95  60      38079.0  ms
success		1       41      2       58      2       0       51096.61  59      38079.0  ms
success		1       42      2       24      2       0       50654.00  58      38079.0  ms
success		1       43      4       40      4       0       50264.70  57      38079.0  ms
success		1       44      1       51      1       0       49977.46  56      38079.0  ms
success		1       45      1       55      1       0       49413.56  55      38079.0  ms
success		1       46      2       38      2       0       48630.47  54      38079.0  ms
success		1       47      1       13      1       0       47551.94  53      38079.0  ms
success		1       48      4       51      4       0       46149.41  52      38079.0  ms
success		1       49      2       0       2       0       45563.52  51      38079.0  ms
success		1       50      1       27      1       0       45046.72  50      38079.0  ms
success		1       51      2       47      2       0       44732.46  49      38079.0  ms
success		1       52      2       11      2       0       44123.20  48      38079.0  ms
success		1       53      1       3       1       0       43902.91  47      38079.0  ms
success		1       54      4       21      4       0       42951.16  46      38079.0  ms
success		1       55      5       23      5       0       41282.10  45      38079.0  ms
success		1       56      4       31      4       0       40736.25  44      38079.0  ms
success		1       57      3       38      3       0       41914.28  43      38079.0  ms
success		1       58      2       25      2       0       41825.51  42      38079.0  ms
success		1       59      3       7       3       0       40919.49  41      38079.0  ms
success		1       60      2       13      2       0       39472.59  40      38079.0  ms
success		1       61      1       34      1       0       38903.56  39      38079.0  ms
success		1       62      5       26      5       0       38469.84  38      38079.0  ms
success		1       63      3       11      3       0       36925.30  37      38079.0  ms
success		1       64      5       27      5       0       36600.71  36      38079.0  ms
success		1       65      1       24      1       0       35701.73  35      38079.0  ms
success		1       66      1       25      1       0       34703.31  34      38079.0  ms
success		1       67      1       9       1       0       34418.19  33      38079.0  ms
success		1       68      4       1       4       0       33952.60  32      38079.0  ms
success		1       69      4       12      4       0       33137.20  31      38079.0  ms
success		1       70      2       22      2       0       32424.81  30      38079.0  ms
success		1       71      5       9       5       0       32724.27  29      38079.0  ms
success		1       72      2       0       2       0       32098.66  28      38079.0  ms
success		1       73      5       25      5       0       30619.07  27      38079.0  ms
success		1       74      2       5       2       0       30088.46  26      38079.0  ms
success		1       75      2       21      2       0       29886.95  25      38079.0  ms
success		1       76      4       13      4       0       28467.95  24      38079.0  ms
success		1       77      3       9       3       0       27634.36  23      38079.0  ms
success		1       78      4       16      4       0       26766.24  22      38079.0  ms
success		1       79      4       13      4       0       25843.31  21      38079.0  ms
success		1       80      6       20      6       0       25012.39  20      38079.0  ms
success		1       81      5       16      5       0       24364.16  19      38079.0  ms
success		1       82      4       8       4       0       23925.18  18      38079.0  ms
success		1       83      10      0       10      0       22152.85  17      38079.0  ms
success		1       84      9       0       9       0       21672.53  16      38079.0  ms
success		1       85      3       6       3       0       20106.38  15      38079.0  ms
success		1       86      5       4       5       0       18897.85  14      38079.0  ms
success		1       87      10      1       10      0       18274.63  13      38079.0  ms
success		1       88      9       10      9       0       17587.35  12      38079.0  ms
success		1       89      5       10      5       0       16599.26  11      38079.0  ms
success		1       90      11      10      10      0       15542.43  10      38095.0  ms
success		1       91      11      3       9       0       14168.69  9       38095.0  ms
success		1       92      17      4       14      0       12240.42  8       38126.0  ms
success		1       93      22      5       15      0       10823.54  7       38157.0  ms
success		1       94      32      1       18      0       9859.10   6       38298.0  ms
success		1       95      67      0       14      0       7675.58   5       38891.0  ms
success		1       0       1       71      1       0       79033.94  100     80199.0  ms
success		1       1       1       86      1       0       78677.62  99      80199.0  ms
success		1       2       1       83      1       0       78280.75  98      80199.0  ms
success		1       3       1       39      1       0       77896.86  97      80199.0  ms
success		1       4       1       7       1       0       76392.39  96      80199.0  ms
success		1       5       1       88      1       0       76113.19  95      80199.0  ms
success		1       6       1       89      1       0       75543.69  94      80199.0  ms
success		1       7       1       24      1       0       74827.11  93      80199.0  ms
success		1       8       1       40      1       0       74521.05  92      80199.0  ms
success		1       9       1       28      1       0       74307.41  91      80199.0  ms
success		1       10      1       11      1       0       73725.69  90      80199.0  ms
success		1       11      1       79      1       0       73122.17  89      80199.0  ms
success		1       12      1       77      1       0       72674.39  88      80199.0  ms
success		1       13      2       86      2       0       73627.59  87      80199.0  ms
success		1       14      1       7       1       0       73362.22  86      80199.0  ms
success		1       15      1       72      1       0       72881.09  85      80199.0  ms
success		1       16      1       6       1       0       71758.64  84      80199.0  ms
success		1       17      1       32      1       0       71264.28  83      80214.0  ms
success		1       18      1       52      1       0       71105.05  82      80214.0  ms
success		1       19      1       30      1       0       69943.64  81      80214.0  ms
success		1       20      3       76      3       0       69372.95  80      80214.0  ms
success		1       21      1       35      1       0       69146.72  79      80214.0  ms
success		1       22      1       25      1       0       68675.47  78      80214.0  ms
success		1       23      1       58      1       0       68208.50  77      80214.0  ms
success		1       24      1       23      1       0       68156.74  76      80214.0  ms
success		1       25      1       63      1       0       67486.32  75      80214.0  ms
success		1       26      1       26      1       0       67220.55  74      80214.0  ms
success		1       27      2       15      2       0       66052.45  73      80214.0  ms
success		1       28      3       57      3       0       65437.05  72      80214.0  ms
success		1       29      1       45      1       0       64597.96  71      80214.0  ms
success		1       30      1       59      1       0       64140.64  70      80214.0  ms
success		1       31      1       27      1       0       62662.32  69      80214.0  ms
success		1       32      2       22      2       0       62303.37  68      80214.0  ms
success		1       33      2       28      2       0       61898.06  67      80214.0  ms
success		1       34      1       5       1       0       60437.17  66      80214.0  ms
success		1       35      2       32      2       0       59354.57  65      80214.0  ms
success		1       36      2       20      2       0       58794.23  64      80214.0  ms
success		1       37      1       32      1       0       58118.73  63      80214.0  ms
success		1       38      2       56      2       0       57697.19  62      80214.0  ms
success		1       39      1       50      1       0       57759.20  61      80214.0  ms
success		1       40      1       46      1       0       57354.73  60      80214.0  ms
success		1       41      1       20      1       0       57042.39  59      80214.0  ms
success		1       42      1       57      1       0       56921.00  58      80214.0  ms
success		1       43      1       11      1       0       56687.06  57      80214.0  ms
success		1       44      1       29      1       0       56243.68  56      80214.0  ms
success		1       45      1       3       1       0       56052.70  55      80214.0  ms
success		1       46      1       10      1       0       55755.79  54      80214.0  ms
success		1       47      2       40      2       0       54848.23  53      80214.0  ms
success		1       48      4       6       4       0       55946.06  52      80214.0  ms
success		1       49      1       49      1       0       55299.02  51      80214.0  ms
success		1       50      3       11      3       0       53661.40  50      80214.0  ms
success		1       51      1       17      1       0       52768.37  49      80214.0  ms
success		1       52      2       44      2       0       51900.12  48      80214.0  ms
success		1       53      3       2       3       0       51356.03  47      80214.0  ms
success		1       54      3       7       3       0       50770.57  46      80214.0  ms
success		1       55      1       25      1       0       49991.63  45      80214.0  ms
success		1       56      3       13      3       0       49346.59  44      80214.0  ms
success		1       57      3       5       3       0       48772.76  43      80214.0  ms
success		1       58      3       8       3       0       47756.20  42      80214.0  ms
success		1       59      2       39      2       0       47572.41  41      80214.0  ms
success		1       60      2       37      2       0       46061.81  40      80214.0  ms
success		1       61      2       34      2       0       44393.43  39      80214.0  ms
success		1       62      3       15      3       0       44432.92  38      80214.0  ms
success		1       63      2       12      2       0       43769.14  37      80214.0  ms
success		1       64      2       19      2       0       42678.86  36      80214.0  ms
success		1       65      2       12      2       0       42124.18  35      80214.0  ms
success		1       66      3       5       3       0       41057.78  34      80214.0  ms
success		1       67      4       20      4       0       40411.54  33      80214.0  ms
success		1       68      1       21      1       0       38909.39  32      80214.0  ms
success		1       69      2       6       2       0       37871.05  31      80214.0  ms
success		1       70      3       2       3       0       36516.37  30      80214.0  ms
success		1       71      1       2       1       0       36437.35  29      80214.0  ms
success		1       72      3       13      3       0       35505.76  28      80214.0  ms
success		1       73      8       15      8       0       34703.38  27      80214.0  ms
success		1       74      4       12      4       0       33777.46  26      80214.0  ms
success		1       75      6       3       6       0       33026.56  25      80214.0  ms
success		1       76      2       14      2       0       32085.59  24      80214.0  ms
success		1       77      5       23      5       0       30774.38  23      80214.0  ms
success		1       78      7       18      7       0       29453.70  22      80214.0  ms
success		1       79      6       5       6       0       27888.72  21      80214.0  ms
success		1       80      4       17      4       0       27347.47  20      80214.0  ms
success		1       81      6       19      6       0       26122.80  19      80214.0  ms
success		1       82      7       9       7       0       24848.51  18      80214.0  ms
success		1       83      7       14      7       0       22904.38  17      80214.0  ms
success		1       84      7       16      7       0       22742.17  16      80214.0  ms
success		1       85      5       7       5       0       21410.13  15      80214.0  ms
success		1       86      4       13      4       0       19789.63  14      80214.0  ms
success		1       87      5       3       5       0       19292.81  13      80214.0  ms
success		1       88      4       12      4       0       18525.91  12      80214.0  ms
success		1       89      11      1       11      0       16737.21  11      80214.0  ms
success		1       90      11      6       10      0       15522.96  10      80230.0  ms
success		1       91      8       2       8       0       13674.54  9       80230.0  ms
success		1       92      15      0       11      0       13260.33  8       80230.0  ms
success		1       93      17      3       11      0       11524.43  7       80277.0  ms
success		1       94      40      2       17      0       9541.20   6       80480.0  ms
success		1       95      91      3       17      0       8217.72   5       81899.0  ms
success		1       0       1       38      1       0       79422.47  100     109839.0 ms
success		1       1       1       28      1       0       79336.45  99      109839.0 ms
success		1       2       2       40      2       0       78876.94  98      109839.0 ms
success		1       3       1       93      1       0       78329.02  97      109839.0 ms
success		1       4       1       77      1       0       77577.69  96      109839.0 ms
success		1       5       1       33      1       0       77185.80  95      109839.0 ms
success		1       6       1       64      1       0       77061.08  94      109839.0 ms
success		1       7       1       31      1       0       76875.34  93      109839.0 ms
success		1       8       2       67      2       0       76529.75  92      109839.0 ms
success		1       9       2       91      2       0       75985.18  91      109839.0 ms
success		1       10      1       46      1       0       75544.84  90      109839.0 ms
success		1       11      1       19      1       0       74948.94  89      109839.0 ms
success		1       12      1       75      1       0       74430.97  88      109839.0 ms
success		1       13      1       43      1       0       74359.39  87      109839.0 ms
success		1       14      1       52      1       0       73516.88  86      109839.0 ms
success		1       15      1       84      1       0       73150.81  85      109839.0 ms
success		1       16      1       44      1       0       72704.52  84      109839.0 ms
success		1       17      1       67      1       0       71477.81  83      109839.0 ms
success		1       18      2       56      2       0       70999.45  82      109839.0 ms
success		1       19      2       45      2       0       70821.40  81      109839.0 ms
success		1       20      1       63      1       0       70528.98  80      109839.0 ms
success		1       21      2       2       2       0       70305.96  79      109839.0 ms
success		1       22      1       40      1       0       68742.57  78      109839.0 ms
success		1       23      1       11      1       0       68371.80  77      109839.0 ms
success		1       24      1       3       1       0       68020.66  76      109839.0 ms
success		1       25      1       17      1       0       67541.69  75      109839.0 ms
success		1       26      1       20      1       0       66181.70  74      109839.0 ms
success		1       27      3       16      3       0       66441.41  73      109839.0 ms
success		1       28      1       5       1       0       65938.40  72      109839.0 ms
success		1       29      2       8       2       0       65445.13  71      109839.0 ms
success		1       30      3       48      3       0       64759.28  70      109839.0 ms
success		1       31      1       50      1       0       63791.25  69      109839.0 ms
success		1       32      2       36      2       0       63426.72  68      109839.0 ms
success		1       33      1       29      1       0       62478.07  67      109839.0 ms
success		1       34      1       26      1       0       62011.01  66      109839.0 ms
success		1       35      2       49      2       0       60535.16  65      109839.0 ms
success		1       36      1       41      1       0       60228.64  64      109839.0 ms
success		1       37      1       22      1       0       59754.46  63      109839.0 ms
success		1       38      2       62      2       0       59141.64  62      109839.0 ms
success		1       39      1       51      1       0       57354.05  61      109839.0 ms
success		1       40      1       43      1       0       55516.91  60      109839.0 ms
success		1       41      5       37      5       0       54756.08  59      109839.0 ms
success		1       42      2       16      2       0       53405.45  58      109839.0 ms
success		1       43      1       52      1       0       53100.64  57      109839.0 ms
success		1       44      2       15      2       0       52629.08  56      109839.0 ms
success		1       45      1       3       1       0       51177.40  55      109854.0 ms
success		1       46      2       49      2       0       50718.16  54      109854.0 ms
success		1       47      1       7       1       0       50627.96  53      109854.0 ms
success		1       48      1       36      1       0       49669.52  52      109854.0 ms
success		1       49      1       18      1       0       49366.83  51      109854.0 ms
success		1       50      3       8       3       0       48709.88  50      109854.0 ms
success		1       51      4       42      4       0       48478.56  49      109854.0 ms
success		1       52      1       16      1       0       47490.58  48      109854.0 ms
success		1       53      3       25      3       0       46870.86  47      109854.0 ms
success		1       54      4       26      4       0       46563.32  46      109854.0 ms
success		1       55      2       0       2       0       46138.27  45      109854.0 ms
success		1       56      3       15      3       0       44829.86  44      109854.0 ms
success		1       57      2       24      2       0       44736.45  43      109854.0 ms
success		1       58      2       22      2       0       43398.47  42      109854.0 ms
success		1       59      3       26      3       0       42319.70  41      109854.0 ms
success		1       60      2       13      2       0       41838.05  40      109854.0 ms
success		1       61      3       26      3       0       41144.10  39      109854.0 ms
success		1       62      2       30      2       0       39926.29  38      109854.0 ms
success		1       63      1       9       1       0       39598.07  37      109854.0 ms
success		1       64      1       2       1       0       37934.89  36      109854.0 ms
success		1       65      2       19      2       0       36260.52  35      109854.0 ms
success		1       66      1       16      1       0       34764.07  34      109854.0 ms
success		1       67      2       26      2       0       34476.97  33      109854.0 ms
success		1       68      3       12      3       0       34119.06  32      109854.0 ms
success		1       69      2       13      2       0       32619.86  31      109854.0 ms
success		1       70      1       30      1       0       32498.53  30      109854.0 ms
success		1       71      2       21      2       0       32560.44  29      109854.0 ms
success		1       72      6       7       6       0       32710.32  28      109854.0 ms
success		1       73      3       1       3       0       32313.22  27      109854.0 ms
success		1       74      5       3       5       0       31666.31  26      109854.0 ms
success		1       75      5       14      5       0       31312.01  25      109854.0 ms
success		1       76      3       5       3       0       29882.40  24      109854.0 ms
success		1       77      2       8       2       0       28592.83  23      109854.0 ms
success		1       78      2       16      2       0       27499.28  22      109854.0 ms
success		1       79      5       6       5       0       26348.24  21      109854.0 ms
success		1       80      5       15      5       0       25661.94  20      109854.0 ms
success		1       81      7       2       7       0       24522.28  19      109854.0 ms
success		1       82      4       16      4       0       23845.45  18      109854.0 ms
success		1       83      7       5       7       0       23109.44  17      109854.0 ms
success		1       84      7       9       7       0       21439.51  16      109854.0 ms
success		1       85      8       2       8       0       20869.46  15      109854.0 ms
success		1       86      8       9       8       0       19902.31  14      109854.0 ms
success		1       87      6       8       6       0       19117.83  13      109854.0 ms
success		1       88      11      0       11      0       18977.40  12      109854.0 ms
success		1       89      5       0       5       0       17405.43  11      109854.0 ms
success		1       90      9       0       8       0       15359.74  10      109854.0 ms
success		1       91      13      7       12      0       14723.11  9       109870.0 ms
success		1       92      18      1       16      0       13071.96  8       109870.0 ms
success		1       93      18      4       13      0       10390.78  7       109885.0 ms
success		1       94      29      6       16      0       9811.81   6       109995.0 ms
success		1       95      164     2       16      0       8232.39   5       112272.0 ms
success		1       0       1       18      1       0       79462.66  100     151412.0 ms
success		1       1       1       26      1       0       78957.23  99      151412.0 ms
success		1       2       1       60      1       0       78395.38  98      151412.0 ms
success		1       3       1       36      1       0       77728.35  97      151412.0 ms
success		1       4       1       56      1       0       77516.17  96      151412.0 ms
success		1       5       1       37      1       0       76007.06  95      151412.0 ms
success		1       6       1       50      1       0       74804.57  94      151412.0 ms
success		1       7       1       27      1       0       74178.03  93      151412.0 ms
success		1       8       1       1       1       0       73353.14  92      151412.0 ms
success		1       9       1       54      1       0       72743.86  91      151412.0 ms
success		1       10      1       33      1       0       71854.01  90      151412.0 ms
success		1       11      1       20      1       0       71552.74  89      151412.0 ms
success		1       12      1       56      1       0       71376.57  88      151412.0 ms
success		1       13      1       26      1       0       70092.07  87      151412.0 ms
success		1       14      1       57      1       0       68331.06  86      151412.0 ms
success		1       15      1       38      1       0       67330.25  85      151412.0 ms
success		1       16      1       12      1       0       67103.06  84      151412.0 ms
success		1       17      1       68      1       0       66799.96  83      151412.0 ms
success		1       18      1       75      1       0       66637.66  82      151412.0 ms
success		1       19      2       40      2       0       66389.51  81      151412.0 ms
success		1       20      1       10      1       0       64395.61  80      151412.0 ms
success		1       21      3       3       3       0       63617.63  79      151412.0 ms
success		1       22      1       22      1       0       63059.55  78      151412.0 ms
success		1       23      1       11      1       0       62588.77  77      151412.0 ms
success		1       24      1       53      1       0       62080.87  76      151412.0 ms
success		1       25      1       24      1       0       60962.06  75      151412.0 ms
success		1       26      2       23      2       0       59765.62  74      151412.0 ms
success		1       27      4       53      4       0       58859.82  73      151412.0 ms
success		1       28      1       15      1       0       58619.99  72      151412.0 ms
success		1       29      1       61      1       0       58121.81  71      151412.0 ms
success		1       30      1       6       1       0       57856.57  70      151412.0 ms
success		1       31      1       35      1       0       56742.92  69      151412.0 ms
success		1       32      3       21      3       0       55957.32  68      151412.0 ms
success		1       33      1       23      1       0       55330.12  67      151412.0 ms
success		1       34      2       43      2       0       54888.10  66      151412.0 ms
success		1       35      1       9       1       0       54490.68  65      151412.0 ms
success		1       36      3       8       3       0       55485.69  64      151412.0 ms
success		1       37      1       29      1       0       54699.48  63      151412.0 ms
success		1       38      2       22      2       0       53093.45  62      151412.0 ms
success		1       39      2       5       2       0       51781.05  61      151412.0 ms
success		1       40      1       25      1       0       51679.44  60      151412.0 ms
success		1       41      4       14      4       0       50776.56  59      151412.0 ms
success		1       42      1       34      1       0       50501.02  58      151412.0 ms
success		1       43      2       33      2       0       49445.26  57      151412.0 ms
success		1       44      2       21      2       0       48229.12  56      151412.0 ms
success		1       45      3       41      3       0       47815.63  55      151412.0 ms
success		1       46      2       0       2       0       47530.95  54      151412.0 ms
success		1       47      1       0       1       0       47214.85  53      151412.0 ms
success		1       48      1       16      1       0       46877.32  52      151412.0 ms
success		1       49      2       3       2       0       45401.18  51      151412.0 ms
success		1       50      2       41      2       0       45157.59  50      151412.0 ms
success		1       51      1       10      1       0       44861.78  49      151412.0 ms
success		1       52      1       5       1       0       44383.50  48      151412.0 ms
success		1       53      1       40      1       0       44153.11  47      151412.0 ms
success		1       54      1       5       1       0       43492.50  46      151412.0 ms
success		1       55      5       11      5       0       43808.19  45      151412.0 ms
success		1       56      3       9       3       0       43536.63  44      151412.0 ms
success		1       57      2       6       2       0       43095.28  43      151412.0 ms
success		1       58      1       7       1       0       42937.07  42      151412.0 ms
success		1       59      1       21      1       0       42083.38  41      151412.0 ms
success		1       60      1       39      1       0       40721.81  40      151412.0 ms
success		1       61      4       37      4       0       39506.20  39      151412.0 ms
success		1       62      1       31      1       0       39165.99  38      151412.0 ms
success		1       63      5       21      5       0       37800.17  37      151412.0 ms
success		1       64      4       32      4       0       36565.82  36      151412.0 ms
success		1       65      3       31      3       0       36198.46  35      151412.0 ms
success		1       66      3       22      3       0       36003.17  34      151412.0 ms
success		1       67      3       17      3       0       35631.65  33      151412.0 ms
success		1       68      2       16      2       0       34935.14  32      151412.0 ms
success		1       69      3       4       3       0       34402.19  31      151412.0 ms
success		1       70      2       20      2       0       34002.76  30      151428.0 ms
success		1       71      8       29      8       0       33401.09  29      151428.0 ms
success		1       72      5       0       5       0       32005.18  28      151428.0 ms
success		1       73      9       24      9       0       32148.43  27      151428.0 ms
success		1       74      7       12      7       0       31011.35  26      151428.0 ms
success		1       75      2       11      2       0       30217.17  25      151428.0 ms
success		1       76      3       12      3       0       29886.51  24      151428.0 ms
success		1       77      2       15      2       0       29477.48  23      151428.0 ms
success		1       78      8       4       8       0       28238.50  22      151428.0 ms
success		1       79      5       13      5       0       27931.68  21      151428.0 ms
success		1       80      8       14      8       0       26692.98  20      151428.0 ms
success		1       81      4       11      4       0       25219.19  19      151428.0 ms
success		1       82      4       7       4       0       24157.48  18      151428.0 ms
success		1       83      8       2       8       0       22583.60  17      151428.0 ms
success		1       84      3       8       3       0       21755.69  16      151428.0 ms
success		1       85      6       0       6       0       20511.19  15      151428.0 ms
success		1       86      4       0       4       0       19241.05  14      151428.0 ms
success		1       87      10      8       10      0       18350.12  13      151428.0 ms
success		1       88      10      4       10      0       17639.93  12      151428.0 ms
success		1       89      12      3       11      0       16315.02  11      151428.0 ms
success		1       90      4       4       4       0       15162.83  10      151428.0 ms
success		1       91      10      5       8       0       13785.86  9       151428.0 ms
success		1       92      15      0       13      0       12551.12  8       151443.0 ms
success		1       93      17      5       13      0       11296.33  7       151474.0 ms
success		1       94      36      6       17      0       9327.88   6       151646.0 ms
success		1       95      87      0       15      0       7960.75   5       152769.0 ms
success		1       0       1       59      1       0       78542.76  100     198586.0 ms
success		1       1       1       7       1       0       77038.29  99      198586.0 ms
success		1       2       1       51      1       0       76723.49  98      198586.0 ms
success		1       3       1       25      1       0       76545.24  97      198586.0 ms
success		1       4       1       18      1       0       76321.98  96      198586.0 ms
success		1       5       1       37      1       0       74760.14  95      198586.0 ms
success		1       6       1       30      1       0       74371.48  94      198586.0 ms
success		1       7       1       5       1       0       73340.25  93      198586.0 ms
success		1       8       1       9       1       0       71455.77  92      198586.0 ms
success		1       9       1       87      1       0       70917.91  91      198586.0 ms
success		1       10      1       35      1       0       70789.29  90      198586.0 ms
success		1       11      1       79      1       0       69626.03  89      198586.0 ms
success		1       12      1       38      1       0       69060.33  88      198586.0 ms
success		1       13      1       2       1       0       68718.73  87      198586.0 ms
success		1       14      1       41      1       0       68266.99  86      198586.0 ms
success		1       15      1       18      1       0       67851.64  85      198586.0 ms
success		1       16      1       11      1       0       67718.80  84      198586.0 ms
success		1       17      1       26      1       0       67099.39  83      198586.0 ms
success		1       18      1       70      1       0       66534.26  82      198586.0 ms
success		1       19      1       9       1       0       66189.80  81      198586.0 ms
success		1       20      1       45      1       0       65669.85  80      198586.0 ms
success		1       21      1       63      1       0       65171.10  79      198586.0 ms
success		1       22      1       32      1       0       63666.69  78      198586.0 ms
success		1       23      1       22      1       0       62405.57  77      198586.0 ms
success		1       24      1       41      1       0       61474.42  76      198586.0 ms
success		1       25      2       43      2       0       61608.89  75      198586.0 ms
success		1       26      1       63      1       0       60856.83  74      198586.0 ms
success		1       27      1       34      1       0       60695.74  73      198586.0 ms
success		1       28      1       44      1       0       59856.36  72      198586.0 ms
success		1       29      1       69      1       0       59595.45  71      198586.0 ms
success		1       30      1       3       1       0       59409.51  70      198586.0 ms
success		1       31      2       28      2       0       58622.22  69      198586.0 ms
success		1       32      1       18      1       0       58477.23  68      198586.0 ms
success		1       33      1       43      1       0       57857.49  67      198586.0 ms
success		1       34      1       27      1       0       57599.00  66      198586.0 ms
success		1       35      1       63      1       0       57511.52  65      198586.0 ms
success		1       36      1       5       1       0       57329.41  64      198586.0 ms
success		1       37      1       21      1       0       56469.88  63      198586.0 ms
success		1       38      3       54      3       0       56158.36  62      198586.0 ms
success		1       39      1       30      1       0       55518.25  61      198586.0 ms
success		1       40      2       53      2       0       55378.48  60      198586.0 ms
success		1       41      4       38      4       0       54049.51  59      198586.0 ms
success		1       42      1       8       1       0       53561.69  58      198586.0 ms
success		1       43      1       20      1       0       52792.82  57      198586.0 ms
success		1       44      1       20      1       0       52068.63  56      198586.0 ms
success		1       45      1       18      1       0       51958.08  55      198586.0 ms
success		1       46      1       13      1       0       50677.00  54      198586.0 ms
success		1       47      1       7       1       0       50470.84  53      198586.0 ms
success		1       48      3       35      3       0       49340.09  52      198586.0 ms
success		1       49      3       27      3       0       49318.25  51      198586.0 ms
success		1       50      3       28      3       0       48278.97  50      198586.0 ms
success		1       51      1       3       1       0       47804.16  49      198586.0 ms
success		1       52      1       48      1       0       47470.70  48      198586.0 ms
success		1       53      2       6       2       0       46723.46  47      198586.0 ms
success		1       54      2       5       2       0       45698.55  46      198586.0 ms
success		1       55      1       44      1       0       45163.61  45      198586.0 ms
success		1       56      3       13      3       0       44974.07  44      198586.0 ms
success		1       57      4       39      4       0       43948.15  43      198586.0 ms
success		1       58      2       24      2       0       42781.40  42      198601.0 ms
success		1       59      1       19      1       0       41840.21  41      198601.0 ms
success		1       60      3       30      3       0       41583.83  40      198601.0 ms
success		1       61      1       38      1       0       41331.07  39      198601.0 ms
success		1       62      3       21      3       0       40480.18  38      198601.0 ms
success		1       63      2       1       2       0       39194.12  37      198601.0 ms
success		1       64      3       18      3       0       37946.24  36      198601.0 ms
success		1       65      1       22      1       0       37426.11  35      198601.0 ms
success		1       66      3       7       3       0       37047.62  34      198601.0 ms
success		1       67      2       31      2       0       36815.94  33      198601.0 ms
success		1       68      7       0       7       0       36660.38  32      198601.0 ms
success		1       69      5       2       5       0       35862.20  31      198601.0 ms
success		1       70      2       23      2       0       35124.42  30      198601.0 ms
success		1       71      2       15      2       0       34713.70  29      198601.0 ms
success		1       72      3       9       3       0       34016.38  28      198601.0 ms
success		1       73      4       9       4       0       32851.69  27      198601.0 ms
success		1       74      3       16      3       0       32173.04  26      198601.0 ms
success		1       75      3       4       3       0       30799.04  25      198601.0 ms
success		1       76      1       16      1       0       30712.38  24      198601.0 ms
success		1       77      3       9       3       0       30163.67  23      198601.0 ms
success		1       78      3       13      3       0       29477.88  22      198601.0 ms
success		1       79      6       11      6       0       28607.48  21      198601.0 ms
success		1       80      1       17      1       0       27616.64  20      198601.0 ms
success		1       81      2       19      2       0       26440.64  19      198601.0 ms
success		1       82      7       4       7       0       24796.21  18      198601.0 ms
success		1       83      8       1       8       0       23821.19  17      198601.0 ms
success		1       84      6       16      6       0       23372.94  16      198601.0 ms
success		1       85      6       4       6       0       22863.91  15      198601.0 ms
success		1       86      6       10      6       0       21434.82  14      198601.0 ms
success		1       87      6       1       6       0       20325.79  13      198601.0 ms
success		1       88      8       3       8       0       18746.29  12      198601.0 ms
success		1       89      9       9       9       0       17633.58  11      198601.0 ms
success		1       90      11      9       9       0       15550.84  10      198601.0 ms
success		1       91      11      3       10      0       13434.44  9       198617.0 ms
success		1       92      14      6       14      0       12637.51  8       198617.0 ms
success		1       93      18      2       11      0       11091.91  7       198648.0 ms
success		1       94      33      0       16      0       9753.57   6       198789.0 ms
success		1       95      81      0       15      0       8267.94   5       199787.0 ms
cross iterater0
rand   	success		6667.44   7885.11   5       241376.0 ms cross
rand   	success		6973.88   7830.89   5       242484.0 ms cross
ab
ab7	0
fail		5896.26   7676.33   5       271686.0 ms
cross iterater1
rand   	success		6550.85   7601.78   5       272529.0 ms cross
rand   	success		6986.80   7776.98   5       273527.0 ms cross
ab
ab6	4
ab7	5
fail		5854.37   6784.39   5       307285.0 ms
cross iterater2
ab
ab6	2
fail		5450.14   6302.90   5       341168.0 ms
cross iterater3
rand   	success		6437.88   7622.26   5       342400.0 ms cross
rand   	success		6780.66   7907.50   5       343633.0 ms cross
ab
ab6	1
fail		6031.10   7186.36   5       385456.0 ms
cross iterater4
rand   	success		6793.03   7407.80   5       387421.0 ms cross
rand   	success		6323.24   7277.02   5       387999.0 ms cross
ab
ab6	2
ab7	5
cross iterater5
rand   	success		5829.79   7266.51   5       387999.0 ms cross
rand   	success		6732.06   7950.96   5       389169.0 ms cross
ab
ab6	2
fail		5964.12   6909.37   5       424221.0 ms
cross iterater6
rand   	success		6930.38   8188.75   5       424752.0 ms cross
rand   	success		6433.44   7650.15   5       425032.0 ms cross
ab
ab6	2
ab7	4
cross iterater7
rand   	success		6301.97   7710.99   5       425734.0 ms cross
rand   	success		6095.00   7417.75   5       428636.0 ms cross
ab
ab6	3
ab7	2
fail		6370.39   7424.33   5       461973.0 ms
fail		5916.23   7269.20   5       510410.0 ms
fail		5964.12   6909.37   5       554027.0 ms
cross iterater8
rand   	success		6523.09   8361.78   5       555743.0 ms cross
rand   	success		6788.06   7876.51   5       557100.0 ms cross
ab
ab6	3
ab7	1
fail		5719.02   6721.42   5       586678.0 ms
cross iterater9
rand   	success		6544.21   7558.24   5       587302.0 ms cross
rand   	success		6579.68   7540.00   5       588362.0 ms cross
ab
ab6	1
ab7	2
fail		5822.40   6732.51   5       620888.0 ms
fail		5591.40   6539.35   5       703442.0 ms
cross iterater10
rand   	success		6468.20   7691.95   5       704222.0 ms cross
rand   	success		6839.36   7304.25   5       704222.0 ms cross
ab
ab6	4
ab7	2
cross iterater11
rand   	success		6533.39   8102.70   5       704737.0 ms cross
rand   	success		6133.76   7466.19   5       706468.0 ms cross
ab
ab7	5
ab6	0
fail		5591.40   6539.35   5       771317.0 ms
fail		6026.56   6886.85   5       810582.0 ms
cross iterater12
rand   	success		6247.16   7828.09   5       811299.0 ms cross
rand   	success		6646.44   8099.44   5       811674.0 ms cross
ab
ab7	4
ab6	3
fail		6753.64   8189.86   5       848879.0 ms
cross iterater13
ab
ab7	4
fail		5950.63   8039.63   5       877988.0 ms
cross iterater14
ab
ab7	3
cross iterater15
rand   	success		6823.68   8096.83   5       880718.0 ms cross
rand   	success		6825.60   8018.31   5       882107.0 ms cross
ab
ab7	2
ab6	0
fail		6765.58   8236.64   5       919203.0 ms
fail		6738.76   8106.95   5       960901.0 ms
cross iterater16
ab
ab6	1
cross iterater17
rand   	success		6509.99   7567.21   5       963241.0 ms cross
rand   	success		6789.52   7592.32   5       964084.0 ms cross
ab
ab6	2
ab7	5
fail		6188.61   7169.60   5       993396.0 ms
fail		6126.85   7013.84   5       1028916.0 ms
cross iterater18
ab
ab7	5
fail		6035.77   7163.98   5       1056684.0 ms
fail		5936.62   6547.61   5       1076480.0 ms
cross iterater19
ab
ab6	1
fail		5936.62   6547.61   5       1103951.0 ms
cross iterater20
rand   	success		6447.63   6552.21   5       1103967.0 ms cross
rand   	success		6628.45   8182.56   5       1104373.0 ms cross
ab
ab6	0
fail		5761.63   6959.23   5       1145603.0 ms
cross iterater21
rand   	success		7222.71   8075.56   5       1147241.0 ms cross
rand   	success		6232.43   7531.12   5       1150673.0 ms cross
ab
ab6	1
ab7	5
cross iterater22
ab
fail		5946.42   6716.60   5       1185445.0 ms
cross iterater23
ab
ab7	5
fail		5870.72   7347.97   5       1215693.0 ms
fail		6045.73   6878.67   5       1254021.0 ms
fail		5634.51   7240.43   5       1286235.0 ms
cross iterater24
rand   	success		6796.00   7950.24   5       1286953.0 ms cross
rand   	success		6523.42   7826.45   5       1289870.0 ms cross
ab
ab7	2
ab6	3
fail		6299.70   6895.05   5       1324891.0 ms
fail		5772.11   6830.63   5       1358072.0 ms
cross iterater25
rand   	success		6464.22   7836.04   5       1358712.0 ms cross
rand   	success		6517.40   7959.04   5       1359523.0 ms cross
ab
ab7	0
ab6	2
fail		5881.25   6785.08   5       1392282.0 ms
fail		5770.46   6827.74   5       1526207.0 ms
fail		6313.21   6919.69   5       1552383.0 ms
cross iterater26
rand   	success		6287.38   8239.33   5       1552929.0 ms cross
rand   	success		6362.54   7713.04   5       1554567.0 ms cross
ab
ab7	3
ab6	2
fail		5931.65   6618.64   5       1632114.0 ms
cross iterater27
rand   	success		5913.54   7541.85   5       1632129.0 ms cross
rand   	success		6383.58   8042.41   5       1633783.0 ms cross
ab
ab7	3
ab6	4
fail		6363.53   7907.62   5       1664281.0 ms
cross iterater28
rand   	success		6291.86   7821.43   5       1665404.0 ms cross
rand   	success		6758.88   8069.85   5       1669085.0 ms cross
ab
ab7	4
ab6	0
fail		6635.59   7741.39   5       1702562.0 ms
cross iterater29
rand   	success		6424.15   7239.75   5       1702578.0 ms cross
rand   	success		6237.92   7819.30   5       1703420.0 ms cross
ab
ab7	5
ab6	2
fail		6507.89   7051.40   5       1736835.0 ms
cross iterater30
rand   	success		5968.05   7733.90   5       1736851.0 ms cross
rand   	success		6330.15   7883.80   5       1737787.0 ms cross
ab
ab6	4
ab7	0
fail		6507.89   7051.40   5       1776209.0 ms
cross iterater31
rand   	success		6648.73   7936.95   5       1777114.0 ms cross
rand   	success		6271.48   7896.13   5       1778066.0 ms cross
ab
ab6	1
ab7	4
fail		5764.12   7791.35   5       1827049.0 ms
fail		5959.42   6916.70   5       1923846.0 ms
cross iterater32
rand   	success		6517.58   8074.14   5       1924501.0 ms cross
rand   	success		6294.35   8006.59   5       1925031.0 ms cross
ab
ab6	5
ab7	1
fail		6049.25   6763.94   5       1964218.0 ms
fail		5715.16   6578.60   5       1987789.0 ms
fail		5764.12   7791.35   5       2026570.0 ms
cross iterater33
rand   	success		6603.78   7815.62   5       2026820.0 ms cross
rand   	success		6023.96   7359.17   5       2026836.0 ms cross
ab
ab6	0
ab7	3
fail		5715.16   6578.60   5       2052138.0 ms
cross iterater34
rand   	success		6816.06   8036.85   5       2054728.0 ms cross
rand   	success		6562.26   7964.82   5       2055976.0 ms cross
ab
ab6	0
ab7	5
fail		6387.06   7754.73   5       2076427.0 ms
fail		5814.98   6864.45   5       2094741.0 ms
fail		6391.29   7769.77   5       2115754.0 ms
cross iterater35
ab
ab6	4
fail		6240.46   7247.74   5       2138546.0 ms
fail		5761.57   6485.90   5       2160900.0 ms
fail		5956.68   7279.36   5       2186375.0 ms
fail		6078.18   7782.20   5       2214891.0 ms
cross iterater36
rand   	success		6099.22   8313.23   5       2215843.0 ms cross
rand   	success		6590.08   7787.73   5       2216810.0 ms cross
ab
ab7	0
ab6	5
fail		5814.98   6864.45   5       2242425.0 ms
cross iterater37
rand   	success		6647.01   8269.12   5       2242565.0 ms cross
rand   	success		5966.18   7672.27   5       2242565.0 ms cross
ab
ab6	3
ab7	5
fail		5761.57   6485.90   5       2266402.0 ms
cross iterater38
ab
ab6	4
ab7	2
cross iterater39
rand   	success		6296.14   7630.72   5       2268710.0 ms cross
rand   	success		6977.96   7902.19   5       2270660.0 ms cross
ab
ab6	1
ab7	5
fail		6029.79   6759.82   5       2301002.0 ms
cross iterater40
ab
ab6	5
cross iterater41
rand   	success		6843.38   8058.54   5       2304153.0 ms cross
rand   	success		6812.49   8127.40   5       2304933.0 ms cross
ab
ab6	1
ab7	5
fail		5855.27   7057.61   5       2338769.0 ms
fail		6261.66   7785.04   5       2367395.0 ms
cross iterater42
rand   	success		6476.18   7664.38   5       2368534.0 ms cross
rand   	success		6483.68   7764.20   5       2369766.0 ms cross
ab
ab6	3
ab7	4
fail		6238.81   7222.59   5       2405209.0 ms
cross iterater43
rand   	success		6484.29   7823.18   5       2405848.0 ms cross
rand   	success		6248.77   7766.55   5       2407892.0 ms cross
ab
ab6	3
ab7	4
fail		5872.44   7553.05   5       2440090.0 ms
fail		5823.93   7201.35   5       2478107.0 ms
cross iterater44
rand   	success		6329.66   7458.90   5       2478153.0 ms cross
rand   	success		6419.02   8320.19   5       2481866.0 ms cross
ab
ab7	1
cross iterater45
rand   	success		6071.69   7530.53   5       2481882.0 ms cross
rand   	success		6159.43   7540.45   5       2481882.0 ms cross
ab
ab7	0
cross iterater46
rand   	success		6624.33   7702.48   5       2485236.0 ms cross
rand   	success		6567.44   7884.05   5       2485251.0 ms cross
ab
ab6	0
ab7	1
fail		5829.77   6710.70   5       2520226.0 ms
cross iterater47
rand   	success		6438.44   7905.84   5       2523065.0 ms cross
rand   	success		6780.97   7475.81   5       2526357.0 ms cross
ab
ab6	4
ab7	5
cross iterater48
ab
ab7	0
fail		5769.09   7779.46   5       2562657.0 ms
fail		6034.26   6743.30   5       2589411.0 ms
cross iterater49
rand   	success		6533.60   8245.51   5       2589957.0 ms cross
rand   	success		6202.26   7224.41   5       2589957.0 ms cross
ab
ab6	4
ab7	1
fail		5586.73   6337.30   5       2620611.0 ms
cross iterater50
rand   	success		7241.65   8209.59   5       2622592.0 ms cross
rand   	success		6617.42   8071.39   5       2622951.0 ms cross
ab
ab6	1
ab7	4
fail		5633.63   7886.61   5       2649190.0 ms
cross iterater51
ab
ab6	2
ab7	5
fail		5546.04   6760.59   5       2701168.0 ms
fail		6108.15   7335.30   5       2739450.0 ms
cross iterater52
ab
ab6	5
fail		6261.76   7324.86   5       2764878.0 ms
fail		5639.20   6559.95   5       2795297.0 ms
cross iterater53
rand   	success		6698.10   7776.73   5       2796888.0 ms cross
rand   	success		6122.11   7342.63   5       2797466.0 ms cross
ab
ab6	2
ab7	3
fail		6116.15   7947.98   5       2827776.0 ms
cross iterater54
rand   	success		6818.55   7665.67   5       2828993.0 ms cross
rand   	success		6731.31   7840.69   5       2830584.0 ms cross
ab
ab6	3
ab7	5
fail		6056.22   7947.07   5       2888958.0 ms
fail		6289.74   7061.77   5       2920205.0 ms
cross iterater55
rand   	success		6556.77   7769.57   5       2923559.0 ms cross
rand   	success		6529.35   8048.37   5       2925056.0 ms cross
ab
ab6	4
fail		5603.24   7041.46   5       2957067.0 ms
cross iterater56
rand   	success		6122.79   7811.41   5       2957956.0 ms cross
rand   	success		6660.85   7821.09   5       2959111.0 ms cross
ab
ab6	1
fail		6114.08   7597.00   5       2997034.0 ms
fail		5973.85   7382.51   5       3087466.0 ms
fail		5853.22   7460.65   5       3136028.0 ms
cross iterater57
rand   	success		6838.04   7622.63   5       3138040.0 ms cross
rand   	success		6706.73   8028.30   5       3139179.0 ms cross
ab
ab7	2
ab6	0
fail		5331.97   6814.69   5       3188007.0 ms
cross iterater58
ab
ab7	4
cross iterater59
ab
ab7	0
fail		6078.47   6891.74   5       3216944.0 ms
cross iterater60
rand   	success		6352.54   8181.03   5       3217677.0 ms cross
rand   	success		6314.31   7607.28   5       3218629.0 ms cross
ab
ab6	5
ab7	0
cross iterater61
rand   	success		6399.08   7549.65   5       3219752.0 ms cross
rand   	success		6819.59   7893.31   5       3219815.0 ms cross
ab
ab6	5
ab7	4
fail		6689.76   7840.59   5       3242559.0 ms
fail		6048.25   7817.94   5       3288251.0 ms
cross iterater62
rand   	success		6560.82   7620.22   5       3288485.0 ms cross
rand   	success		6716.10   7856.08   5       3289312.0 ms cross
ab
ab6	3
ab7	4
fail		6224.29   8311.56   5       3315566.0 ms
cross iterater63
rand   	success		6627.74   8268.42   5       3316206.0 ms cross
rand   	success		6771.65   7958.62   5       3316611.0 ms cross
ab
ab6	4
ab7	3
fail		5998.15   7868.47   5       3346828.0 ms
fail		5647.47   7257.65   5       3381101.0 ms
cross iterater64
rand   	success		7068.78   8065.06   5       3382162.0 ms cross
rand   	success		6067.93   7769.65   5       3382801.0 ms cross
ab
ab7	5
fail		6186.27   7330.17   5       3413549.0 ms
cross iterater65
rand   	success		6570.71   7393.17   5       3414110.0 ms cross
rand   	success		6446.67   7899.80   5       3415093.0 ms cross
ab
ab7	0
fail		5702.78   6843.09   5       3449132.0 ms
cross iterater66
rand   	success		6404.58   7789.08   5       3450114.0 ms cross
rand   	success		6622.58   7990.78   5       3450660.0 ms cross
ab
ab7	0
ab6	5
fail		6186.27   7330.17   5       3467305.0 ms
cross iterater67
rand   	success		6364.19   8066.14   5       3467820.0 ms cross
rand   	success		6392.99   8085.45   5       3468413.0 ms cross
ab
ab6	3
ab7	5
fail		5993.11   6684.00   5       3497241.0 ms
cross iterater68
rand   	success		6833.27   7857.43   5       3498552.0 ms cross
rand   	success		6581.42   7934.48   5       3499129.0 ms cross
ab
ab6	1
ab7	3
fail		6267.19   7392.76   5       3520563.0 ms
cross iterater69
rand   	success		6733.40   7662.82   5       3521203.0 ms cross
rand   	success		6610.95   7713.77   5       3522638.0 ms cross
ab
ab6	3
ab7	1
fail		6267.19   7392.76   5       3542965.0 ms
cross iterater70
rand   	success		6318.69   7774.74   5       3544556.0 ms cross
rand   	success		6306.05   7392.30   5       3545351.0 ms cross
ab
ab6	5
ab7	1
fail		6166.50   6911.75   5       3565491.0 ms
cross iterater71
ab
ab6	4
ab7	2
cross iterater72
rand   	success		6578.26   7661.11   5       3565506.0 ms cross
rand   	success		6617.24   8086.52   5       3566333.0 ms cross
ab
ab6	5
ab7	0
fail		6085.86   6821.75   5       3589078.0 ms
cross iterater73
rand   	success		6651.00   7629.59   5       3593055.0 ms cross
rand   	success		6191.57   7313.34   5       3593508.0 ms cross
ab
ab6	5
ab7	1
fail		5851.08   6728.62   5       3610995.0 ms
cross iterater74

R.size:5

1		142	156	102	169	57	195	133	147	167	18	124	3	136	48	14	78	159	138	5	197	149	187	130	171	150	43	180	190	61	72	161	198	111	79	44	116	91	194	107	55	41	80	178	73	126	11	8	97	75	148	146	202	
2		88	127	199	9	100	37	59	143	92	182	24	15	183	27	152	119	16	98	132	58	118	134	105	188	29	21	144	129	110	95	70	201	13	137	121	17	185	60	120	2	34	96	93	39	30	1	67	64	
3		162	63	200	47	49	6	153	163	131	179	7	68	184	196	103	170	104	164	181	42	172	62	186	25	35	77	10	122	26	20	46	69	176	139	114	52	106	22	33	50	81	115	123	158	174	157	154	175	83	36	
4		4	54	140	155	12	165	53	177	32	56	65	128	94	38	108	45	31	85	99	168	189	151	86	117	125	109	160	192	101	23	74	112	191	71	87	145	90	193	19	76	141	135	66	82	
5		28	173	51	40	84	89	113	166	

data1/pdp200/LRC2_2_9.txt
total_cost 6078.467388

