success		1       0       1       8       1       0       20000.83  103     16.0     ms
success		1       1       1       2       1       0       19873.06  102     16.0     ms
success		1       2       1       35      1       0       19778.66  101     16.0     ms
success		1       3       1       9       1       0       19519.84  100     16.0     ms
success		1       4       1       0       1       0       19351.04  99      16.0     ms
success		1       5       1       6       1       0       19305.13  98      16.0     ms
success		1       6       1       5       1       0       19438.26  97      16.0     ms
success		1       7       1       83      1       0       19358.01  96      16.0     ms
success		1       8       1       65      1       0       19160.28  95      16.0     ms
success		1       9       1       4       1       0       18737.77  94      16.0     ms
success		1       10      1       57      1       0       18865.65  93      16.0     ms
success		1       11      1       2       1       0       18669.11  92      16.0     ms
success		1       12      1       88      1       0       18701.41  91      16.0     ms
success		1       13      1       69      1       0       18608.50  90      16.0     ms
success		1       14      1       58      1       0       18516.05  89      16.0     ms
success		1       15      1       6       1       0       18376.08  88      16.0     ms
success		1       16      1       65      1       0       18368.12  87      16.0     ms
success		1       17      1       85      1       0       18145.39  86      16.0     ms
success		1       18      1       62      1       0       18035.38  85      16.0     ms
success		1       19      1       42      1       0       17791.86  84      16.0     ms
success		1       20      1       17      1       0       17843.76  83      16.0     ms
success		1       21      1       82      1       0       17908.13  82      16.0     ms
success		1       22      1       1       1       0       17888.33  81      16.0     ms
success		1       23      2       66      2       0       17815.57  80      16.0     ms
success		1       24      1       39      1       0       17726.14  79      16.0     ms
success		1       25      1       37      1       0       17570.40  78      16.0     ms
success		1       26      2       57      2       0       17326.46  77      16.0     ms
success		1       27      1       24      1       0       17218.32  76      16.0     ms
success		1       28      1       33      1       0       17031.79  75      16.0     ms
success		1       29      1       21      1       0       16991.42  74      16.0     ms
success		1       30      1       54      1       0       16960.63  73      16.0     ms
success		1       31      1       29      1       0       16899.88  72      16.0     ms
success		1       32      2       58      2       0       16600.83  71      16.0     ms
success		1       33      2       1       2       0       16495.46  70      16.0     ms
success		1       34      2       5       2       0       16509.25  69      16.0     ms
success		1       35      1       56      1       0       16266.67  68      16.0     ms
success		1       36      1       10      1       0       15993.44  67      16.0     ms
success		1       37      2       59      2       0       15784.93  66      16.0     ms
success		1       38      1       3       1       0       15601.08  65      16.0     ms
success		1       39      2       5       2       0       15435.86  64      16.0     ms
success		1       40      1       49      1       0       15309.86  63      16.0     ms
success		1       41      1       48      1       0       15055.40  62      16.0     ms
success		1       42      1       47      1       0       14890.33  61      16.0     ms
success		1       43      2       19      2       0       14748.87  60      16.0     ms
success		1       44      1       48      1       0       14731.29  59      16.0     ms
success		1       45      1       17      1       0       14709.63  58      16.0     ms
success		1       46      2       9       2       0       14613.83  57      16.0     ms
success		1       47      2       0       2       0       14539.44  56      16.0     ms
success		1       48      2       28      2       0       14398.32  55      16.0     ms
success		1       49      4       38      4       0       14592.97  54      16.0     ms
success		1       50      3       7       3       0       14829.33  53      16.0     ms
success		1       51      1       6       1       0       14648.86  52      16.0     ms
success		1       52      1       35      1       0       14492.12  51      16.0     ms
success		1       53      2       47      2       0       14090.10  50      16.0     ms
success		1       54      3       44      3       0       14037.63  49      16.0     ms
success		1       55      1       24      1       0       13994.00  48      16.0     ms
success		1       56      2       33      2       0       13986.64  47      16.0     ms
success		1       57      2       28      2       0       13738.45  46      16.0     ms
success		1       58      1       17      1       0       13650.36  45      16.0     ms
success		1       59      2       18      2       0       13347.52  44      16.0     ms
success		1       60      3       16      3       0       12942.69  43      16.0     ms
success		1       61      3       29      3       0       12331.34  42      16.0     ms
success		1       62      3       26      3       0       12205.52  41      16.0     ms
success		1       63      2       14      2       0       12035.72  40      32.0     ms
success		1       64      3       36      3       0       11737.40  39      32.0     ms
success		1       65      2       6       2       0       11510.81  38      32.0     ms
success		1       66      3       12      3       0       11417.60  37      32.0     ms
success		1       67      1       36      1       0       11421.59  36      32.0     ms
success		1       68      3       11      3       0       11216.44  35      32.0     ms
success		1       69      3       6       3       0       11048.26  34      32.0     ms
success		1       70      5       18      5       0       11023.44  33      32.0     ms
success		1       71      2       18      2       0       10860.81  32      32.0     ms
success		1       72      3       9       3       0       10569.59  31      32.0     ms
success		1       73      4       2       4       0       10698.43  30      32.0     ms
success		1       74      2       28      2       0       10358.84  29      32.0     ms
success		1       75      5       16      3       0       11306.12  28      32.0     ms
success		1       76      4       26      4       0       10834.89  27      32.0     ms
success		1       77      5       10      5       0       10610.33  26      32.0     ms
success		1       78      3       0       3       0       9924.00   25      32.0     ms
success		1       79      3       23      3       0       9533.18   24      32.0     ms
success		1       80      5       2       5       0       8999.05   23      32.0     ms
success		1       81      7       21      2       0       9123.47   22      47.0     ms
success		1       82      10      20      4       0       8363.61   21      47.0     ms
success		1       83      7       4       4       0       7887.00   20      47.0     ms
success		1       84      11      6       4       0       7548.02   19      63.0     ms
success		1       85      14      0       6       0       7523.86   18      78.0     ms
success		1       86      18      13      7       0       6655.30   17      94.0     ms
success		1       87      22      13      5       0       6489.40   16      110.0    ms
success		1       88      101     5       5       0       6096.53   15      281.0    ms
success		1       89      220     10      7       0       5856.02   14      671.0    ms
success		1       0       1       99      1       0       33329.97  103     2684.0   ms
success		1       1       1       66      1       0       32881.73  102     2684.0   ms
success		1       2       1       22      1       0       32608.30  101     2684.0   ms
success		1       3       1       27      1       0       32312.21  100     2684.0   ms
success		1       4       1       47      1       0       31874.96  99      2684.0   ms
success		1       5       1       27      1       0       31720.12  98      2684.0   ms
success		1       6       1       49      1       0       31558.66  97      2684.0   ms
success		1       7       1       81      1       0       31163.49  96      2684.0   ms
success		1       8       1       54      1       0       30840.53  95      2684.0   ms
success		1       9       1       63      1       0       30430.84  94      2684.0   ms
success		1       10      1       54      1       0       29921.96  93      2684.0   ms
success		1       11      1       74      1       0       29555.91  92      2684.0   ms
success		1       12      2       15      2       0       29297.38  91      2684.0   ms
success		1       13      1       71      1       0       28912.72  90      2684.0   ms
success		1       14      1       44      1       0       28391.97  89      2684.0   ms
success		1       15      1       78      1       0       28178.27  88      2684.0   ms
success		1       16      1       52      1       0       27712.42  87      2684.0   ms
success		1       17      1       6       1       0       27397.09  86      2684.0   ms
success		1       18      2       17      2       0       26887.59  85      2684.0   ms
success		1       19      1       13      1       0       26462.42  84      2684.0   ms
success		1       20      1       23      1       0       26264.39  83      2684.0   ms
success		1       21      1       13      1       0       25920.28  82      2684.0   ms
success		1       22      1       80      1       0       25546.74  81      2684.0   ms
success		1       23      1       75      1       0       25203.24  80      2684.0   ms
success		1       24      1       23      1       0       24959.85  79      2684.0   ms
success		1       25      1       33      1       0       24757.41  78      2684.0   ms
success		1       26      1       64      1       0       24333.70  77      2684.0   ms
success		1       27      1       32      1       0       24203.11  76      2684.0   ms
success		1       28      1       35      1       0       23955.36  75      2684.0   ms
success		1       29      1       16      1       0       23525.52  74      2699.0   ms
success		1       30      2       35      2       0       22993.69  73      2699.0   ms
success		1       31      1       24      1       0       22731.02  72      2699.0   ms
success		1       32      1       55      1       0       22287.46  71      2699.0   ms
success		1       33      1       68      1       0       21932.35  70      2699.0   ms
success		1       34      1       32      1       0       21479.84  69      2699.0   ms
success		1       35      1       68      1       0       21294.03  68      2699.0   ms
success		1       36      2       11      2       0       20772.66  67      2699.0   ms
success		1       37      1       0       1       0       20484.72  66      2699.0   ms
success		1       38      1       43      1       0       20190.67  65      2699.0   ms
success		1       39      2       8       2       0       19643.14  64      2699.0   ms
success		1       40      2       0       2       0       19340.24  63      2699.0   ms
success		1       41      1       11      1       0       19050.77  62      2699.0   ms
success		1       42      3       13      3       0       18726.86  61      2699.0   ms
success		1       43      3       25      3       0       18382.60  60      2699.0   ms
success		1       44      2       41      2       0       17925.20  59      2699.0   ms
success		1       45      1       55      1       0       17540.87  58      2699.0   ms
success		1       46      3       34      3       0       17175.23  57      2699.0   ms
success		1       47      2       13      2       0       16964.43  56      2699.0   ms
success		1       48      4       32      4       0       16695.99  55      2699.0   ms
success		1       49      2       22      2       0       16295.15  54      2699.0   ms
success		1       50      1       2       1       0       15994.62  53      2699.0   ms
success		1       51      4       37      4       0       15734.16  52      2699.0   ms
success		1       52      1       6       1       0       15385.53  51      2699.0   ms
success		1       53      3       13      3       0       15173.39  50      2699.0   ms
success		1       54      1       17      1       0       15188.47  49      2699.0   ms
success		1       55      1       21      1       0       15138.70  48      2699.0   ms
success		1       56      3       44      3       0       14835.03  47      2699.0   ms
success		1       57      2       40      2       0       14521.33  46      2699.0   ms
success		1       58      3       40      3       0       14570.10  45      2699.0   ms
success		1       59      2       28      2       0       14263.09  44      2699.0   ms
success		1       60      2       30      2       0       13931.83  43      2699.0   ms
success		1       61      1       24      1       0       13716.18  42      2699.0   ms
success		1       62      2       35      2       0       13577.71  41      2699.0   ms
success		1       63      3       18      3       0       13285.99  40      2699.0   ms
success		1       64      4       31      4       0       13007.25  39      2699.0   ms
success		1       65      4       8       4       0       12677.23  38      2699.0   ms
success		1       66      2       14      2       0       12347.62  37      2699.0   ms
success		1       67      3       2       3       0       11948.88  36      2699.0   ms
success		1       68      2       1       2       0       11655.59  35      2699.0   ms
success		1       69      4       20      4       0       11415.88  34      2699.0   ms
success		1       70      3       4       3       0       11050.84  33      2699.0   ms
success		1       71      2       27      2       0       10879.76  32      2699.0   ms
success		1       72      2       8       2       0       10715.01  31      2699.0   ms
success		1       73      5       10      5       0       10608.47  30      2699.0   ms
success		1       74      3       22      3       0       10134.68  29      2699.0   ms
success		1       75      3       0       3       0       9906.45   28      2699.0   ms
success		1       76      3       11      3       0       9759.41   27      2699.0   ms
success		1       77      7       24      4       0       10399.72  26      2699.0   ms
success		1       78      3       16      3       0       9559.55   25      2699.0   ms
success		1       79      7       3       3       0       9593.60   24      2699.0   ms
success		1       80      6       4       5       0       9018.95   23      2699.0   ms
success		1       81      3       22      3       0       8604.08   22      2699.0   ms
success		1       82      7       8       5       0       8474.88   21      2699.0   ms
success		1       83      10      2       5       0       8340.86   20      2715.0   ms
success		1       84      10      12      4       0       7750.48   19      2715.0   ms
success		1       85      12      14      6       0       7207.20   18      2715.0   ms
success		1       86      24      1       5       0       6909.44   17      2746.0   ms
success		1       87      21      15      7       0       6572.95   16      2762.0   ms
success		1       88      47      3       6       0       6057.47   15      2855.0   ms
success		1       89      113     14      6       0       5280.78   14      3058.0   ms
success		1       90      524     7       7       0       5122.77   13      4150.0   ms
success		1       0       1       56      1       0       33235.72  103     6022.0   ms
success		1       1       1       62      1       0       33072.77  102     6022.0   ms
success		1       2       1       99      1       0       32833.27  101     6022.0   ms
success		1       3       1       16      1       0       32489.86  100     6022.0   ms
success		1       4       1       46      1       0       32193.71  99      6022.0   ms
success		1       5       1       53      1       0       31984.19  98      6022.0   ms
success		1       6       1       32      1       0       31690.69  97      6022.0   ms
success		1       7       1       74      1       0       31447.44  96      6022.0   ms
success		1       8       3       35      3       0       31129.75  95      6022.0   ms
success		1       9       1       39      1       0       30960.54  94      6022.0   ms
success		1       10      1       30      1       0       30658.48  93      6022.0   ms
success		1       11      1       6       1       0       30373.52  92      6022.0   ms
success		1       12      1       5       1       0       29919.59  91      6022.0   ms
success		1       13      1       76      1       0       29564.16  90      6022.0   ms
success		1       14      1       48      1       0       29370.85  89      6022.0   ms
success		1       15      1       25      1       0       29093.74  88      6022.0   ms
success		1       16      3       64      3       0       28610.57  87      6022.0   ms
success		1       17      1       20      1       0       28271.31  86      6022.0   ms
success		1       18      1       83      1       0       27985.81  85      6022.0   ms
success		1       19      1       56      1       0       27522.68  84      6022.0   ms
success		1       20      1       35      1       0       27123.51  83      6022.0   ms
success		1       21      1       38      1       0       26634.11  82      6022.0   ms
success		1       22      1       44      1       0       26230.04  81      6022.0   ms
success		1       23      1       58      1       0       25823.60  80      6022.0   ms
success		1       24      2       74      2       0       25414.14  79      6022.0   ms
success		1       25      1       25      1       0       25103.04  78      6022.0   ms
success		1       26      2       3       2       0       24840.89  77      6022.0   ms
success		1       27      2       26      2       0       24336.35  76      6022.0   ms
success		1       28      1       27      1       0       24094.12  75      6022.0   ms
success		1       29      1       34      1       0       23866.26  74      6038.0   ms
success		1       30      2       33      2       0       23394.03  73      6038.0   ms
success		1       31      2       45      2       0       23014.89  72      6038.0   ms
success		1       32      2       62      2       0       22284.84  71      6038.0   ms
success		1       33      1       22      1       0       21915.31  70      6038.0   ms
success		1       34      1       67      1       0       21514.12  69      6038.0   ms
success		1       35      2       45      2       0       21421.80  68      6038.0   ms
success		1       36      1       64      1       0       21118.40  67      6038.0   ms
success		1       37      2       13      2       0       20737.18  66      6038.0   ms
success		1       38      2       36      2       0       20550.18  65      6038.0   ms
success		1       39      1       49      1       0       20194.29  64      6038.0   ms
success		1       40      2       43      2       0       19812.90  63      6038.0   ms
success		1       41      2       8       2       0       19470.75  62      6038.0   ms
success		1       42      3       52      3       0       19024.79  61      6038.0   ms
success		1       43      2       17      2       0       18503.92  60      6038.0   ms
success		1       44      1       41      1       0       18463.49  59      6038.0   ms
success		1       45      1       1       1       0       17896.85  58      6038.0   ms
success		1       46      2       3       2       0       17463.72  57      6038.0   ms
success		1       47      3       16      3       0       17188.27  56      6038.0   ms
success		1       48      2       21      2       0       17253.12  55      6038.0   ms
success		1       49      2       18      2       0       16871.66  54      6038.0   ms
success		1       50      3       24      3       0       16636.17  53      6038.0   ms
success		1       51      3       20      3       0       16396.55  52      6038.0   ms
success		1       52      2       36      2       0       16035.03  51      6038.0   ms
success		1       53      2       33      2       0       15590.41  50      6038.0   ms
success		1       54      1       48      1       0       15067.45  49      6038.0   ms
success		1       55      3       21      3       0       14487.62  48      6038.0   ms
success		1       56      3       4       3       0       14295.37  47      6038.0   ms
success		1       57      2       12      2       0       13974.47  46      6038.0   ms
success		1       58      3       33      3       0       13704.54  45      6038.0   ms
success		1       59      2       43      2       0       13218.43  44      6038.0   ms
success		1       60      2       36      2       0       13158.23  43      6038.0   ms
success		1       61      2       41      2       0       12836.46  42      6038.0   ms
success		1       62      3       17      3       0       12425.19  41      6038.0   ms
success		1       63      3       38      3       0       11940.93  40      6038.0   ms
success		1       64      4       29      4       0       11678.62  39      6038.0   ms
success		1       65      1       38      1       0       11342.97  38      6038.0   ms
success		1       66      4       13      4       0       10961.12  37      6038.0   ms
success		1       67      3       27      3       0       10657.46  36      6038.0   ms
success		1       68      3       23      3       0       10729.10  35      6038.0   ms
success		1       69      4       24      4       0       10953.07  34      6038.0   ms
success		1       70      3       25      3       0       10817.16  33      6038.0   ms
success		1       71      4       9       4       0       10387.55  32      6038.0   ms
success		1       72      3       28      3       0       10029.02  31      6038.0   ms
success		1       73      6       9       6       0       9799.41   30      6038.0   ms
success		1       74      3       22      3       0       9713.51   29      6038.0   ms
success		1       75      3       6       3       0       9298.16   28      6038.0   ms
success		1       76      3       8       3       0       9150.99   27      6038.0   ms
success		1       77      4       2       4       0       9017.58   26      6038.0   ms
success		1       78      10      16      6       0       9707.28   25      6038.0   ms
success		1       79      5       18      5       0       9284.10   24      6038.0   ms
success		1       80      9       3       5       0       10136.73  23      6038.0   ms
success		1       81      5       20      5       0       9378.92   22      6038.0   ms
success		1       82      4       5       4       0       8550.68   21      6038.0   ms
success		1       83      4       2       4       0       7880.10   20      6038.0   ms
success		1       84      16      14      6       0       8095.04   19      6053.0   ms
success		1       85      21      1       7       0       7663.29   18      6069.0   ms
success		1       86      8       7       5       0       6974.40   17      6069.0   ms
success		1       87      18      13      7       0       6644.43   16      6084.0   ms
success		1       88      91      6       7       0       5788.67   15      6256.0   ms
success		1       89      386     13      6       0       5764.17   14      6989.0   ms
success		1       0       1       25      1       0       33346.17  103     8658.0   ms
success		1       1       1       79      1       0       33128.76  102     8658.0   ms
success		1       2       1       50      1       0       32827.75  101     8658.0   ms
success		1       3       1       89      1       0       32307.89  100     8658.0   ms
success		1       4       1       32      1       0       32014.67  99      8658.0   ms
success		1       5       1       82      1       0       31738.16  98      8658.0   ms
success		1       6       1       44      1       0       31265.14  97      8658.0   ms
success		1       7       1       63      1       0       30851.99  96      8658.0   ms
success		1       8       1       92      1       0       30312.86  95      8658.0   ms
success		1       9       1       60      1       0       30068.02  94      8658.0   ms
success		1       10      1       57      1       0       29814.77  93      8658.0   ms
success		1       11      3       57      3       0       29446.06  92      8658.0   ms
success		1       12      1       41      1       0       29125.86  91      8658.0   ms
success		1       13      1       0       1       0       28700.92  90      8658.0   ms
success		1       14      2       79      2       0       28332.40  89      8658.0   ms
success		1       15      4       36      4       0       27740.25  88      8658.0   ms
success		1       16      1       14      1       0       27330.31  87      8658.0   ms
success		1       17      1       24      1       0       26996.38  86      8658.0   ms
success		1       18      2       19      2       0       26845.69  85      8658.0   ms
success		1       19      1       1       1       0       26526.13  84      8658.0   ms
success		1       20      2       15      2       0       26179.72  83      8658.0   ms
success		1       21      1       30      1       0       25959.73  82      8658.0   ms
success		1       22      1       60      1       0       25726.62  81      8658.0   ms
success		1       23      1       76      1       0       25169.39  80      8658.0   ms
success		1       24      1       71      1       0       24667.71  79      8658.0   ms
success		1       25      2       66      2       0       24520.23  78      8658.0   ms
success		1       26      1       34      1       0       24212.20  77      8658.0   ms
success		1       27      2       71      2       0       23862.19  76      8658.0   ms
success		1       28      2       9       2       0       23477.49  75      8658.0   ms
success		1       29      1       59      1       0       23007.59  74      8658.0   ms
success		1       30      1       32      1       0       22809.91  73      8658.0   ms
success		1       31      1       58      1       0       22391.18  72      8658.0   ms
success		1       32      1       42      1       0       22081.64  71      8658.0   ms
success		1       33      1       12      1       0       21623.09  70      8658.0   ms
success		1       34      3       39      3       0       21323.32  69      8658.0   ms
success		1       35      2       61      2       0       20875.85  68      8658.0   ms
success		1       36      1       16      1       0       20542.76  67      8658.0   ms
success		1       37      1       23      1       0       20281.71  66      8658.0   ms
success		1       38      2       64      2       0       20085.75  65      8658.0   ms
success		1       39      2       58      2       0       19941.78  64      8658.0   ms
success		1       40      2       15      2       0       19739.03  63      8658.0   ms
success		1       41      2       16      2       0       19676.34  62      8658.0   ms
success		1       42      1       51      1       0       19346.95  61      8658.0   ms
success		1       43      2       22      2       0       19220.01  60      8658.0   ms
success		1       44      3       9       3       0       18842.86  59      8658.0   ms
success		1       45      2       44      2       0       18547.20  58      8658.0   ms
success		1       46      4       20      4       0       18270.29  57      8658.0   ms
success		1       47      2       24      2       0       17708.75  56      8658.0   ms
success		1       48      3       12      3       0       17363.52  55      8658.0   ms
success		1       49      3       14      3       0       16680.15  54      8674.0   ms
success		1       50      2       43      2       0       16412.15  53      8674.0   ms
success		1       51      3       32      3       0       16448.24  52      8674.0   ms
success		1       52      1       48      1       0       16150.25  51      8674.0   ms
success		1       53      1       16      1       0       15757.31  50      8674.0   ms
success		1       54      2       44      2       0       15448.18  49      8674.0   ms
success		1       55      4       14      4       0       15330.79  48      8674.0   ms
success		1       56      1       42      1       0       15168.50  47      8674.0   ms
success		1       57      2       22      2       0       14672.70  46      8674.0   ms
success		1       58      3       41      3       0       14288.90  45      8674.0   ms
success		1       59      4       3       4       0       14120.21  44      8674.0   ms
success		1       60      1       19      1       0       13898.44  43      8674.0   ms
success		1       61      3       24      3       0       13386.95  42      8674.0   ms
success		1       62      2       35      2       0       13152.27  41      8674.0   ms
success		1       63      1       26      1       0       12833.11  40      8674.0   ms
success		1       64      2       37      2       0       12489.07  39      8674.0   ms
success		1       65      4       22      4       0       12357.56  38      8674.0   ms
success		1       66      3       23      3       0       11888.91  37      8674.0   ms
success		1       67      3       30      3       0       11541.41  36      8674.0   ms
success		1       68      1       32      1       0       11157.46  35      8674.0   ms
success		1       69      4       2       4       0       10827.72  34      8674.0   ms
success		1       70      4       8       4       0       10500.68  33      8674.0   ms
success		1       71      1       8       1       0       10366.47  32      8674.0   ms
success		1       72      6       18      5       0       11507.89  31      8674.0   ms
success		1       73      2       26      2       0       10963.36  30      8674.0   ms
success		1       74      4       2       3       0       11729.29  29      8674.0   ms
success		1       75      4       15      4       0       10698.72  28      8674.0   ms
success		1       76      4       0       4       0       10303.39  27      8674.0   ms
success		1       77      5       15      3       0       10055.59  26      8674.0   ms
success		1       78      4       4       4       0       9565.20   25      8674.0   ms
success		1       79      4       8       4       0       9130.04   24      8674.0   ms
success		1       80      4       7       4       0       8628.88   23      8674.0   ms
success		1       81      5       4       4       0       8938.50   22      8674.0   ms
success		1       82      6       18      5       0       8499.39   21      8674.0   ms
success		1       83      5       8       5       0       8157.15   20      8674.0   ms
success		1       84      19      6       5       0       7824.41   19      8689.0   ms
success		1       85      16      17      6       0       7429.42   18      8705.0   ms
success		1       86      19      9       7       0       7128.96   17      8721.0   ms
success		1       87      45      16      6       0       6627.44   16      8752.0   ms
success		1       88      167     2       6       0       6025.82   15      9079.0   ms
success		1       89      84      4       7       0       5403.91   14      9220.0   ms
success		1       0       1       97      1       0       33294.06  103     10858.0  ms
success		1       1       1       55      1       0       32958.20  102     10858.0  ms
success		1       2       1       101     1       0       32695.02  101     10858.0  ms
success		1       3       1       24      1       0       32311.38  100     10858.0  ms
success		1       4       1       41      1       0       32044.93  99      10858.0  ms
success		1       5       1       98      1       0       31515.71  98      10858.0  ms
success		1       6       1       59      1       0       31135.09  97      10858.0  ms
success		1       7       1       65      1       0       30708.19  96      10858.0  ms
success		1       8       2       4       2       0       30181.88  95      10858.0  ms
success		1       9       1       94      1       0       30051.91  94      10858.0  ms
success		1       10      1       20      1       0       29699.48  93      10873.0  ms
success		1       11      1       0       1       0       29347.75  92      10873.0  ms
success		1       12      1       22      1       0       28982.19  91      10873.0  ms
success		1       13      1       11      1       0       28992.63  90      10873.0  ms
success		1       14      1       27      1       0       28706.85  89      10873.0  ms
success		1       15      1       76      1       0       28131.85  88      10873.0  ms
success		1       16      2       83      2       0       27741.94  87      10873.0  ms
success		1       17      2       9       2       0       27409.36  86      10873.0  ms
success		1       18      1       38      1       0       27088.97  85      10873.0  ms
success		1       19      1       52      1       0       26860.45  84      10873.0  ms
success		1       20      2       37      2       0       26643.59  83      10873.0  ms
success		1       21      2       45      2       0       26215.35  82      10873.0  ms
success		1       22      1       13      1       0       25953.88  81      10873.0  ms
success		1       23      1       73      1       0       25512.69  80      10873.0  ms
success		1       24      2       56      2       0       25362.93  79      10873.0  ms
success		1       25      2       10      2       0       25323.48  78      10873.0  ms
success		1       26      1       59      1       0       25069.90  77      10873.0  ms
success		1       27      2       52      2       0       24590.00  76      10873.0  ms
success		1       28      1       31      1       0       24165.35  75      10873.0  ms
success		1       29      2       6       2       0       23717.24  74      10873.0  ms
success		1       30      1       13      1       0       23423.60  73      10873.0  ms
success		1       31      1       26      1       0       23278.33  72      10873.0  ms
success		1       32      2       5       2       0       22874.35  71      10873.0  ms
success		1       33      1       54      1       0       22400.37  70      10873.0  ms
success		1       34      1       63      1       0       22072.55  69      10873.0  ms
success		1       35      2       34      2       0       21740.46  68      10873.0  ms
success		1       36      1       17      1       0       21611.76  67      10873.0  ms
success		1       37      1       36      1       0       21413.13  66      10873.0  ms
success		1       38      1       50      1       0       21099.23  65      10873.0  ms
success		1       39      1       38      1       0       20759.36  64      10873.0  ms
success		1       40      1       0       1       0       20335.54  63      10873.0  ms
success		1       41      1       9       1       0       20006.55  62      10873.0  ms
success		1       42      2       8       2       0       19840.28  61      10873.0  ms
success		1       43      1       38      1       0       19297.80  60      10873.0  ms
success		1       44      2       2       2       0       19031.07  59      10873.0  ms
success		1       45      2       26      2       0       18872.16  58      10873.0  ms
success		1       46      2       16      2       0       18606.85  57      10873.0  ms
success		1       47      2       5       2       0       18296.74  56      10873.0  ms
success		1       48      2       28      2       0       18042.17  55      10873.0  ms
success		1       49      2       30      2       0       17694.14  54      10873.0  ms
success		1       50      2       20      2       0       17496.67  53      10873.0  ms
success		1       51      3       24      3       0       16978.60  52      10873.0  ms
success		1       52      1       27      1       0       16659.08  51      10873.0  ms
success		1       53      2       5       2       0       16582.83  50      10873.0  ms
success		1       54      3       4       3       0       16094.82  49      10873.0  ms
success		1       55      2       2       2       0       15689.49  48      10873.0  ms
success		1       56      2       45      2       0       15313.05  47      10873.0  ms
success		1       57      4       32      4       0       14911.37  46      10873.0  ms
success		1       58      2       32      2       0       14376.27  45      10873.0  ms
success		1       59      4       15      4       0       14459.15  44      10873.0  ms
success		1       60      2       13      2       0       14245.42  43      10873.0  ms
success		1       61      2       7       2       0       14068.54  42      10873.0  ms
success		1       62      2       31      2       0       13900.23  41      10873.0  ms
success		1       63      2       12      2       0       13720.81  40      10873.0  ms
success		1       64      5       0       5       0       13551.94  39      10873.0  ms
success		1       65      4       7       4       0       12975.11  38      10873.0  ms
success		1       66      3       21      3       0       12570.67  37      10873.0  ms
success		1       67      4       12      4       0       12164.42  36      10873.0  ms
success		1       68      3       29      3       0       11894.52  35      10873.0  ms
success		1       69      3       15      3       0       11680.27  34      10873.0  ms
success		1       70      4       24      4       0       11321.42  33      10873.0  ms
success		1       71      3       15      3       0       10765.99  32      10873.0  ms
success		1       72      7       9       7       0       10386.39  31      10873.0  ms
success		1       73      3       15      3       0       10117.67  30      10873.0  ms
success		1       74      2       5       2       0       9857.78   29      10873.0  ms
success		1       75      3       18      3       0       9674.67   28      10873.0  ms
success		1       76      3       5       3       0       9446.62   27      10873.0  ms
success		1       77      3       22      2       0       10702.42  26      10873.0  ms
success		1       78      8       1       5       0       10541.50  25      10873.0  ms
success		1       79      3       5       3       0       9873.10   24      10873.0  ms
success		1       80      6       10      4       0       9903.50   23      10873.0  ms
success		1       81      4       12      3       0       9127.50   22      10889.0  ms
success		1       82      4       9       4       0       8798.10   21      10889.0  ms
success		1       83      6       17      4       0       7917.50   20      10889.0  ms
success		1       84      17      15      5       0       7505.50   19      10905.0  ms
success		1       85      20      7       6       0       6994.39   18      10905.0  ms
success		1       86      15      8       6       0       7153.73   17      10920.0  ms
success		1       87      30      6       6       0       6562.44   16      10967.0  ms
success		1       88      61      14      6       0       6329.11   15      11107.0  ms
success		1       89      234     1       7       0       5854.98   14      11607.0  ms
success		1       0       1       66      1       0       33249.63  103     13104.0  ms
success		1       1       1       66      1       0       32982.54  102     13104.0  ms
success		1       2       1       96      1       0       32657.30  101     13104.0  ms
success		1       3       1       41      1       0       32089.88  100     13104.0  ms
success		1       4       1       49      1       0       31842.90  99      13104.0  ms
success		1       5       1       5       1       0       31595.76  98      13104.0  ms
success		1       6       1       59      1       0       31231.33  97      13104.0  ms
success		1       7       2       10      2       0       30856.30  96      13104.0  ms
success		1       8       1       14      1       0       30486.18  95      13104.0  ms
success		1       9       1       25      1       0       30164.15  94      13104.0  ms
success		1       10      1       21      1       0       29818.39  93      13104.0  ms
success		1       11      1       43      1       0       29412.74  92      13104.0  ms
success		1       12      1       74      1       0       29139.89  91      13104.0  ms
success		1       13      1       65      1       0       28897.20  90      13104.0  ms
success		1       14      2       30      2       0       28586.09  89      13104.0  ms
success		1       15      1       48      1       0       28220.61  88      13104.0  ms
success		1       16      1       1       1       0       27956.53  87      13104.0  ms
success		1       17      1       39      1       0       27589.83  86      13104.0  ms
success		1       18      1       56      1       0       27342.13  85      13104.0  ms
success		1       19      1       10      1       0       26968.22  84      13104.0  ms
success		1       20      1       39      1       0       26705.66  83      13104.0  ms
success		1       21      1       79      1       0       26487.99  82      13104.0  ms
success		1       22      1       75      1       0       26067.05  81      13104.0  ms
success		1       23      1       8       1       0       25680.80  80      13104.0  ms
success		1       24      2       34      2       0       25371.61  79      13104.0  ms
success		1       25      2       32      2       0       25037.57  78      13104.0  ms
success		1       26      1       59      1       0       24620.19  77      13104.0  ms
success		1       27      1       3       1       0       24391.54  76      13104.0  ms
success		1       28      1       68      1       0       23878.33  75      13104.0  ms
success		1       29      1       55      1       0       23548.57  74      13104.0  ms
success		1       30      3       70      3       0       23075.43  73      13104.0  ms
success		1       31      1       61      1       0       22696.40  72      13104.0  ms
success		1       32      2       13      2       0       22338.56  71      13104.0  ms
success		1       33      1       9       1       0       22004.53  70      13120.0  ms
success		1       34      2       34      2       0       21888.55  69      13120.0  ms
success		1       35      2       28      2       0       21333.44  68      13120.0  ms
success		1       36      1       4       1       0       21067.13  67      13120.0  ms
success		1       37      2       2       2       0       20663.66  66      13120.0  ms
success		1       38      1       12      1       0       20347.62  65      13120.0  ms
success		1       39      1       17      1       0       19860.62  64      13120.0  ms
success		1       40      1       23      1       0       19648.06  63      13120.0  ms
success		1       41      2       2       2       0       19411.41  62      13120.0  ms
success		1       42      2       31      2       0       19133.05  61      13120.0  ms
success		1       43      2       56      2       0       18703.55  60      13120.0  ms
success		1       44      3       13      3       0       18216.25  59      13120.0  ms
success		1       45      1       11      1       0       17894.15  58      13120.0  ms
success		1       46      1       51      1       0       17456.09  57      13120.0  ms
success		1       47      1       1       1       0       17160.33  56      13120.0  ms
success		1       48      2       3       2       0       16932.66  55      13120.0  ms
success		1       49      1       18      1       0       16677.12  54      13120.0  ms
success		1       50      2       2       2       0       16184.60  53      13120.0  ms
success		1       51      2       40      2       0       15802.09  52      13120.0  ms
success		1       52      1       34      1       0       15748.86  51      13120.0  ms
success		1       53      2       6       2       0       15250.12  50      13120.0  ms
success		1       54      1       33      1       0       14878.96  49      13120.0  ms
success		1       55      3       32      3       0       14542.17  48      13120.0  ms
success		1       56      3       10      3       0       14195.28  47      13120.0  ms
success		1       57      3       9       3       0       13985.53  46      13120.0  ms
success		1       58      3       41      3       0       13508.65  45      13120.0  ms
success		1       59      2       38      2       0       13266.72  44      13120.0  ms
success		1       60      1       36      1       0       12944.92  43      13120.0  ms
success		1       61      1       31      1       0       12783.33  42      13120.0  ms
success		1       62      2       19      2       0       12695.91  41      13120.0  ms
success		1       63      2       14      2       0       12582.78  40      13120.0  ms
success		1       64      3       9       3       0       12343.25  39      13120.0  ms
success		1       65      4       3       4       0       11984.74  38      13120.0  ms
success		1       66      2       10      2       0       11829.38  37      13120.0  ms
success		1       67      2       34      2       0       11576.80  36      13120.0  ms
success		1       68      2       21      2       0       11358.24  35      13120.0  ms
success		1       69      3       11      3       0       11098.02  34      13120.0  ms
success		1       70      3       9       3       0       10877.64  33      13120.0  ms
success		1       71      3       0       3       0       10341.67  32      13120.0  ms
success		1       72      3       2       3       0       10270.59  31      13120.0  ms
success		1       73      3       10      3       0       10107.06  30      13120.0  ms
success		1       74      5       18      5       0       9630.61   29      13120.0  ms
success		1       75      4       22      4       0       9322.77   28      13120.0  ms
success		1       76      3       9       3       0       9119.59   27      13120.0  ms
success		1       77      3       15      3       0       9107.15   26      13120.0  ms
success		1       78      8       17      5       0       10188.30  25      13120.0  ms
success		1       79      3       10      3       0       9952.51   24      13120.0  ms
success		1       80      2       18      2       0       9180.22   23      13120.0  ms
success		1       81      4       21      4       0       8708.64   22      13120.0  ms
success		1       82      7       2       3       0       8395.18   21      13120.0  ms
success		1       83      14      17      5       0       8243.49   20      13135.0  ms
success		1       84      14      2       5       0       7667.09   19      13135.0  ms
success		1       85      13      1       6       0       7200.37   18      13151.0  ms
success		1       86      15      6       7       0       7013.63   17      13151.0  ms
success		1       87      27      13      5       0       6628.70   16      13182.0  ms
success		1       88      39      11      6       0       5991.29   15      13245.0  ms
success		1       89      279     13      5       0       5429.58   14      13728.0  ms
cross iterater0
rand   	success		5525.55   5484.29   14      15803.0  ms cross
rand   	fail		5391.84   5622.40   14      17769.0  ms cross
ab
ab7	4
fail		5604.50   5794.70   14      19531.0  ms
cross iterater1
ab
ab7	0
cross iterater2
rand   	success		5663.11   5512.14   14      19859.0  ms cross
rand   	fail		5305.98   5641.25   14      21871.0  ms cross
ab
ab6	4
ab7	2
fail		5131.15   5757.48   14      24320.0  ms
cross iterater3
ab
ab6	3
success		5068.67   5121.22   13      25787.0  ms
fail		5525.55   5793.84   14      27284.0  ms
cross iterater4
rand   	fail		5321.88   5650.64   14      28829.0  ms cross
rand   	fail		5389.60   5595.20   14      30436.0  ms cross
ab
ab7	1
ab6	5
fail		5068.67   5247.46   13      32713.0  ms
cross iterater5
rand   	success		5510.36   5609.26   14      32869.0  ms cross
rand   	success		5576.07   5722.10   14      32869.0  ms cross
ab
ab7	4
ab6	2
fail		5389.60   5595.20   14      34882.0  ms
fail		5068.67   5247.46   13      37128.0  ms
cross iterater6
rand   	success		5521.32   5614.21   14      37190.0  ms cross
rand   	success		5272.98   5194.91   13      37549.0  ms cross
ab
ab7	5
ab6	3
fail		5478.56   5715.94   14      39562.0  ms
cross iterater7
rand   	success		5563.27   5694.14   14      39593.0  ms cross
rand   	success		5111.08   5187.06   13      40919.0  ms cross
ab
ab7	2
ab6	3
fail		5590.09   5736.32   14      42791.0  ms
cross iterater8
ab
ab7	0
fail		5050.83   5187.83   13      45505.0  ms
cross iterater9
rand   	
rand   	fail		5562.48   5863.86   14      49171.0  ms cross
ab
ab7	3
ab6	1
cross iterater10
rand   	success		5173.74   5229.25   13      49187.0  ms cross
rand   	
ab
ab6	5
fail		5053.61   5234.66   13      53711.0  ms
fail		5050.83   5187.83   13      56128.0  ms
cross iterater11
rand   	success		5054.07   5189.94   13      56160.0  ms cross
rand   	
ab
ab6	3
fail		5054.07   5275.41   13      59857.0  ms
cross iterater12
rand   	
rand   	
ab
ab6	2
fail		5100.34   5217.00   13      66081.0  ms
cross iterater13
rand   	fail		5346.15   5609.77   14      68078.0  ms cross
rand   	
ab
ab7	4
ab6	5
fail		5094.58   5259.27   13      72399.0  ms
fail		5055.08   5201.21   13      74630.0  ms
cross iterater14
rand   	
rand   	
ab
ab6	3
ab7	0
fail		5178.37   5320.17   13      81447.0  ms
cross iterater15
rand   	success		5135.05   5178.90   13      81447.0  ms cross
rand   	
ab
ab6	5
fail		5091.82   5240.75   13      86018.0  ms
fail		5055.08   5201.21   13      87874.0  ms
cross iterater16
rand   	
rand   	
ab
ab7	0
cross iterater17
rand   	success		5051.51   5353.42   13      93225.0  ms cross
rand   	
ab
ab6	5
ab7	1
fail		4978.15   5153.21   13      97780.0  ms
cross iterater18
ab
cross iterater19
rand   	
rand   	fail		5280.86   5607.86   14      102616.0 ms cross
ab
ab6	4
ab7	2
fail		5011.14   5190.98   13      105127.0 ms
fail		4978.15   5153.21   13      107764.0 ms
cross iterater20
rand   	success		5088.18   5076.63   13      108029.0 ms cross
rand   	
ab
ab7	5
fail		5040.19   5246.27   13      111882.0 ms
cross iterater21
rand   	
rand   	
ab
ab7	4
fail		5043.53   5203.68   13      118278.0 ms
fail		5088.18   5298.01   13      120431.0 ms
cross iterater22
rand   	success		5055.06   5369.59   13      120446.0 ms cross
rand   	
ab
ab7	4
ab6	1
fail		5007.02   5196.88   13      125126.0 ms
cross iterater23
rand   	
rand   	success		5218.34   4942.10   13      128917.0 ms cross
ab
ab6	2
ab7	1
cross iterater24
rand   	
rand   	
ab
ab6	2
fail		5126.45   5323.98   13      135391.0 ms
cross iterater25
rand   	
rand   	
ab
ab6	2
ab7	4
fail		5215.18   5350.04   13      141693.0 ms
cross iterater26
rand   	success		5113.61   5239.13   13      141693.0 ms cross
rand   	
ab
ab6	5
cross iterater27
rand   	
rand   	
ab
ab6	1
fail		5164.05   5310.71   13      150195.0 ms
cross iterater28
rand   	
rand   	
ab
ab7	0
fail		5178.90   5276.80   13      157387.0 ms
cross iterater29
ab
ab7	0
cross iterater30
rand   	success		5270.38   5190.71   13      158354.0 ms cross
rand   	success		5085.40   5172.64   13      158354.0 ms cross
ab
fail		5182.98   5280.87   13      160834.0 ms
cross iterater31
rand   	
rand   	
ab
ab7	0
fail		5152.00   5286.86   13      167152.0 ms
cross iterater32
rand   	
rand   	success		5045.89   5108.89   13      169321.0 ms cross
ab
ab6	4
ab7	5
fail		5082.98   5219.17   13      171692.0 ms
fail		4919.00   5193.63   13      174687.0 ms
cross iterater33
rand   	success		5083.29   5171.04   13      174703.0 ms cross
rand   	
ab
ab6	4
fail		5128.23   5243.41   13      181286.0 ms
fail		5045.89   5194.24   13      184187.0 ms
cross iterater34
rand   	
rand   	
ab
ab7	0
cross iterater35
rand   	
rand   	
ab
fail		5083.29   5281.13   13      195138.0 ms
cross iterater36
rand   	
rand   	
ab
ab6	2
ab7	0
cross iterater37
rand   	
rand   	
ab
cross iterater38
rand   	
rand   	success		5156.16   5259.50   13      207384.0 ms cross
ab
ab7	1
ab6	2
fail		5111.87   5218.46   13      209272.0 ms
cross iterater39
rand   	
rand   	
ab
ab7	0
cross iterater40
rand   	
rand   	
ab
ab6	2
ab7	1
fail		5027.43   5158.22   13      222890.0 ms
cross iterater41
rand   	
rand   	
ab
ab7	2
fail		5060.31   5142.24   13      229302.0 ms
cross iterater42
rand   	
rand   	
ab
ab7	0
fail		4909.11   5183.74   13      236759.0 ms
cross iterater43
rand   	
rand   	fail		5478.23   5730.46   14      240815.0 ms cross
ab
ab6	2
ab7	0
cross iterater44
rand   	
rand   	
ab
ab6	5
ab7	4
fail		5220.89   5364.79   13      248568.0 ms
fail		5172.74   5283.25   13      250408.0 ms
cross iterater45
rand   	
rand   	
ab
ab6	1
fail		4909.11   5183.74   13      256430.0 ms
cross iterater46
ab
ab7	0
fail		5174.48   5326.55   13      258520.0 ms
fail		5060.31   5142.24   13      260548.0 ms
fail		5220.44   5352.65   13      262826.0 ms
fail		5162.84   5273.35   13      264557.0 ms
cross iterater47
rand   	
rand   	
ab
ab7	4
fail		5176.60   5314.57   13      270563.0 ms
fail		5162.84   5273.35   13      272030.0 ms
cross iterater48
ab
ab7	0
fail		5196.16   5309.90   13      273808.0 ms
fail		5114.55   5242.61   13      275415.0 ms
cross iterater49
rand   	
rand   	fail		5031.78   5310.49   13      279143.0 ms cross
ab
ab7	3
ab6	4
fail		5060.31   5142.24   13      280485.0 ms
fail		5162.84   5273.35   13      281920.0 ms
cross iterater50
rand   	
rand   	
ab
ab7	4
fail		5060.31   5142.24   13      285851.0 ms
cross iterater51
rand   	
rand   	
ab
ab7	0
fail		5200.13   5350.72   13      290125.0 ms
fail		5162.84   5273.35   13      291483.0 ms
cross iterater52
rand   	
rand   	
ab
ab7	0
fail		5159.74   5266.34   13      296100.0 ms
fail		5200.73   5351.31   13      297707.0 ms
cross iterater53
rand   	
rand   	
ab
ab7	4
fail		5109.87   5243.78   13      301825.0 ms
cross iterater54
rand   	
rand   	
ab
ab7	0
fail		5109.87   5243.78   13      306053.0 ms
fail		5162.84   5273.35   13      307691.0 ms
cross iterater55
rand   	
rand   	
ab
ab6	4
ab7	5
fail		5060.31   5142.24   13      311903.0 ms
cross iterater56
rand   	
rand   	
ab
ab6	1
fail		5060.31   5142.24   13      316208.0 ms
cross iterater57
rand   	
rand   	
ab
ab6	3
ab7	4
fail		5092.10   5216.01   13      320218.0 ms
cross iterater58
rand   	
rand   	
ab
ab6	5
cross iterater59
rand   	
rand   	
ab
fail		5128.62   5283.22   13      327284.0 ms
fail		5062.26   5171.50   13      328751.0 ms
cross iterater60
rand   	
rand   	
ab
ab7	0
cross iterater61
rand   	
rand   	
ab
fail		5078.57   5238.22   13      336020.0 ms
fail		5069.06   5175.32   13      337284.0 ms
cross iterater62
rand   	success		5270.22   5064.66   13      337330.0 ms cross
rand   	success		5068.63   5241.34   13      337892.0 ms cross
ab
ab7	4
fail		5121.68   5239.69   13      339421.0 ms
cross iterater63
rand   	
rand   	success		5193.10   5150.80   13      341121.0 ms cross
ab
ab7	1
fail		5136.93   5262.03   13      342837.0 ms
fail		5060.31   5142.24   13      344038.0 ms
fail		5193.10   5287.53   13      345068.0 ms
cross iterater64
ab
ab7	4
fail		5221.88   5361.18   13      346534.0 ms
fail		5270.22   5367.02   13      347814.0 ms
cross iterater65
rand   	
rand   	fail		5414.12   5646.35   14      350310.0 ms cross
ab
ab6	1
fail		5060.31   5142.24   13      351745.0 ms
cross iterater66
ab
ab6	4
fail		5097.49   5269.22   13      352993.0 ms
cross iterater67
rand   	
rand   	
ab
ab7	1
cross iterater68
rand   	
rand   	
ab
ab7	0
fail		5143.91   5283.49   13      360481.0 ms
cross iterater69
rand   	
rand   	
ab
ab6	0
fail		5150.75   5272.84   13      364864.0 ms
fail		5215.87   5352.63   13      366471.0 ms
cross iterater70
rand   	
rand   	
ab
ab6	1
cross iterater71
rand   	
rand   	
ab
ab6	1
fail		5074.65   5245.63   13      373959.0 ms
fail		5113.46   5221.37   13      375800.0 ms
cross iterater72
rand   	
rand   	
ab
ab6	1
fail		5074.65   5245.63   13      380105.0 ms
cross iterater73
rand   	
rand   	
ab
ab6	1
ab7	0
cross iterater74
rand   	
rand   	
ab
ab7	0
fail		5113.46   5221.37   13      387593.0 ms
cross iterater75
rand   	
rand   	
ab
ab6	4
fail		5113.46   5221.37   13      392117.0 ms
cross iterater76
rand   	
rand   	
ab
fail		5060.31   5142.24   13      396579.0 ms
cross iterater77
ab
cross iterater78
rand   	
rand   	
ab
ab6	1
fail		4990.38   5251.17   13      400634.0 ms
cross iterater79
rand   	
rand   	
ab
ab6	0
fail		5113.46   5221.37   13      404628.0 ms
cross iterater80
ab
ab6	1
fail		5011.35   5260.80   13      406219.0 ms
fail		5060.31   5142.24   13      407779.0 ms
cross iterater81
rand   	
rand   	
ab
ab7	0
fail		5101.55   5237.98   13      411929.0 ms
fail		5062.09   5376.83   13      413348.0 ms
fail		5078.27   5240.35   13      414674.0 ms
cross iterater82
rand   	success		5213.65   5123.67   13      415595.0 ms cross
rand   	fail		5364.05   5601.74   14      416609.0 ms cross
ab
ab7	0
fail		5213.65   5405.24   13      418059.0 ms
fail		5171.04   5283.85   13      419323.0 ms
cross iterater83
rand   	success		5403.22   5218.79   13      420665.0 ms cross
rand   	fail		5393.67   5855.04   14      422303.0 ms cross
ab
ab6	4
fail		5113.46   5221.37   13      423644.0 ms
fail		5062.26   5171.50   13      424674.0 ms
cross iterater84
ab
fail		5132.17   5260.08   13      426062.0 ms
cross iterater85
ab
ab6	1
fail		5310.73   5444.64   13      427279.0 ms
fail		5062.26   5171.50   13      428402.0 ms
cross iterater86
ab
ab7	0
fail		5125.27   5262.72   13      429635.0 ms
cross iterater87
rand   	success		5181.64   5216.63   13      429744.0 ms cross
rand   	success		5275.59   5068.33   13      430118.0 ms cross
ab
cross iterater88
rand   	success		5114.60   5204.18   13      430118.0 ms cross
rand   	success		5153.34   5268.00   13      430508.0 ms cross
ab
ab6	2
fail		5181.64   5326.96   13      432224.0 ms
fail		5114.60   5263.38   13      433846.0 ms
cross iterater89
ab
ab6	4
ab7	2
fail		5062.26   5171.50   13      435048.0 ms
cross iterater90
ab
ab6	2
fail		5136.09   5276.84   13      436498.0 ms
fail		5108.31   5255.57   13      437793.0 ms
fail		5062.26   5171.50   13      439088.0 ms
cross iterater91
rand   	
rand   	fail		5481.00   5843.72   14      441740.0 ms cross
ab
ab6	0
ab7	1
fail		5240.89   5357.42   13      442770.0 ms
fail		5136.09   5276.84   13      444033.0 ms
fail		5062.26   5171.50   13      445312.0 ms
cross iterater92
rand   	
rand   	fail		5377.40   5654.07   14      448448.0 ms cross
ab
ab7	1
fail		5235.89   5353.49   13      450023.0 ms
cross iterater93
rand   	fail		5249.45   5712.36   14      451474.0 ms cross
rand   	
ab
ab7	1
ab6	4
cross iterater94
ab
ab7	4
cross iterater95
rand   	
rand   	fail		4816.23   5007.79   13      455639.0 ms cross
ab
ab7	0
cross iterater96
rand   	
rand   	
ab
fail		5108.31   5255.57   13      459976.0 ms
fail		4816.23   5007.79   13      461598.0 ms
cross iterater97
ab
fail		5113.46   5221.37   13      463080.0 ms
fail		4816.23   5007.79   13      464640.0 ms
cross iterater98
rand   	
rand   	
ab
ab6	0
fail		5119.64   5215.89   13      469461.0 ms
fail		5062.26   5171.50   13      471052.0 ms
cross iterater99
rand   	
rand   	
ab
ab6	1
fail		4816.23   5007.79   13      475560.0 ms
fail		5062.26   5171.50   13      477151.0 ms

R.size:13

1		150	18	158	50	66	86	131	195	160	130	11	79	116	49	206	27	61	91	
2		55	157	147	166	71	193	151	125	129	164	141	191	43	70	107	28	
3		140	73	13	173	57	89	106	19	23	178	95	6	84	128	83	77	
4		149	81	1	143	26	176	51	21	113	124	134	203	69	165	185	31	156	126	172	197	
5		112	145	92	48	76	205	8	16	169	146	181	121	101	103	154	108	97	24	
6		67	63	36	44	3	137	5	117	25	201	80	182	175	9	37	65	29	96	198	74	
7		4	188	184	41	155	14	68	180	56	167	33	144	179	202	186	190	
8		7	46	54	85	94	12	114	90	204	127	47	82	58	22	174	110	
9		87	2	35	60	62	163	194	142	98	189	177	102	10	52	59	105	
10		161	196	99	152	32	38	104	207	100	159	88	183	118	111	40	200	
11		132	120	123	168	139	162	115	171	187	170	122	17	192	53	42	78	148	119	
12		72	15	153	93	199	135	133	64	109	39	208	138	45	75	
13		20	30	34	136	

data1/pdp200/LR1_2_10.txt
total_cost 4816.225260

