success		1       0       1       50      1       0       108815.08 101     47.0     ms
success		1       1       1       26      1       0       108398.58 100     47.0     ms
success		1       2       1       1       1       0       107277.61 99      47.0     ms
success		1       3       1       22      1       0       106360.93 98      47.0     ms
success		1       4       1       96      1       0       105666.49 97      47.0     ms
success		1       5       1       48      1       0       104082.73 96      47.0     ms
success		1       6       1       39      1       0       103451.35 95      47.0     ms
success		1       7       1       21      1       0       102496.72 94      47.0     ms
success		1       8       1       66      1       0       102418.20 93      63.0     ms
success		1       9       1       55      1       0       101649.59 92      63.0     ms
success		1       10      1       75      1       0       100259.75 91      63.0     ms
success		1       11      1       48      1       0       99512.67  90      63.0     ms
success		1       12      1       16      1       0       99121.60  89      63.0     ms
success		1       13      1       53      1       0       97858.09  88      63.0     ms
success		1       14      1       57      1       0       96067.92  87      63.0     ms
success		1       15      1       74      1       0       95024.36  86      63.0     ms
success		1       16      2       66      2       0       94283.34  85      63.0     ms
success		1       17      1       79      1       0       93028.97  84      63.0     ms
success		1       18      1       50      1       0       92936.42  83      63.0     ms
success		1       19      2       29      2       0       92007.36  82      63.0     ms
success		1       20      1       10      1       0       91559.01  81      63.0     ms
success		1       21      1       50      1       0       90482.14  80      63.0     ms
success		1       22      1       73      1       0       89382.71  79      63.0     ms
success		1       23      2       52      2       0       88951.11  78      63.0     ms
success		1       24      3       39      3       0       87749.05  77      63.0     ms
success		1       25      1       13      1       0       86846.47  76      63.0     ms
success		1       26      1       21      1       0       86713.50  75      63.0     ms
success		1       27      1       7       1       0       86621.97  74      63.0     ms
success		1       28      1       19      1       0       85085.84  73      63.0     ms
success		1       29      1       43      1       0       84794.59  72      63.0     ms
success		1       30      2       45      2       0       83779.99  71      63.0     ms
success		1       31      2       60      2       0       82511.44  70      63.0     ms
success		1       32      1       34      1       0       81664.56  69      63.0     ms
success		1       33      1       53      1       0       80474.63  68      63.0     ms
success		1       34      1       49      1       0       79162.28  67      63.0     ms
success		1       35      1       46      1       0       78311.55  66      63.0     ms
success		1       36      1       17      1       0       77270.93  65      63.0     ms
success		1       37      1       2       1       0       75871.07  64      63.0     ms
success		1       38      1       12      1       0       75393.65  63      63.0     ms
success		1       39      1       33      1       0       74834.86  62      63.0     ms
success		1       40      1       13      1       0       74074.71  61      63.0     ms
success		1       41      3       44      3       0       73294.01  60      63.0     ms
success		1       42      1       9       1       0       71930.75  59      63.0     ms
success		1       43      1       52      1       0       71048.26  58      63.0     ms
success		1       44      2       20      2       0       70204.28  57      63.0     ms
success		1       45      2       4       2       0       68769.44  56      63.0     ms
success		1       46      2       10      2       0       67374.56  55      63.0     ms
success		1       47      2       27      2       0       66432.79  54      63.0     ms
success		1       48      1       24      1       0       65019.14  53      63.0     ms
success		1       49      2       24      2       0       64864.20  52      63.0     ms
success		1       50      3       49      3       0       64552.72  51      63.0     ms
success		1       51      2       14      2       0       63812.78  50      63.0     ms
success		1       52      3       2       3       0       63304.89  49      63.0     ms
success		1       53      2       48      2       0       62950.61  48      63.0     ms
success		1       54      2       1       2       0       62598.52  47      78.0     ms
success		1       55      1       17      1       0       61603.86  46      78.0     ms
success		1       56      3       40      3       0       59938.14  45      78.0     ms
success		1       57      3       34      3       0       58773.43  44      78.0     ms
success		1       58      2       34      2       0       58031.45  43      78.0     ms
success		1       59      2       20      2       0       57104.40  42      78.0     ms
success		1       60      2       5       2       0       56023.45  41      78.0     ms
success		1       61      3       40      3       0       54747.19  40      78.0     ms
success		1       62      2       1       2       0       53395.18  39      78.0     ms
success		1       63      4       0       4       0       53017.71  38      78.0     ms
success		1       64      3       7       3       0       52490.11  37      78.0     ms
success		1       65      2       26      2       0       51558.24  36      78.0     ms
success		1       66      3       27      3       0       50071.22  35      78.0     ms
success		1       67      3       32      3       0       49777.20  34      78.0     ms
success		1       68      3       25      3       0       48296.28  33      78.0     ms
success		1       69      5       11      5       0       46151.34  32      78.0     ms
success		1       70      3       12      3       0       45386.29  31      78.0     ms
success		1       71      2       20      2       0       45020.68  30      78.0     ms
success		1       72      5       9       5       0       44045.89  29      78.0     ms
success		1       73      4       17      4       0       42780.63  28      78.0     ms
success		1       74      4       24      4       0       42049.03  27      78.0     ms
success		1       75      5       22      5       0       40089.65  26      78.0     ms
success		1       76      5       0       5       0       40056.62  25      78.0     ms
success		1       77      4       5       4       0       38246.17  24      78.0     ms
success		1       78      4       1       4       0       36299.08  23      78.0     ms
success		1       79      2       16      2       0       35022.75  22      78.0     ms
success		1       80      6       9       6       0       33484.34  21      78.0     ms
success		1       81      8       4       8       0       32994.76  20      78.0     ms
success		1       82      2       12      2       0       31531.11  19      78.0     ms
success		1       83      5       18      5       0       29792.91  18      78.0     ms
success		1       84      7       7       7       0       28070.66  17      78.0     ms
success		1       85      4       13      4       0       26742.35  16      78.0     ms
success		1       86      10      10      10      0       25504.65  15      78.0     ms
success		1       87      7       1       7       0       23654.50  14      78.0     ms
success		1       88      8       9       8       0       22735.00  13      78.0     ms
success		1       89      10      0       6       0       21548.00  12      94.0     ms
success		1       90      8       11      7       0       20243.05  11      110.0    ms
success		1       91      8       2       6       0       17751.94  10      125.0    ms
success		1       92      16      4       11      0       16701.93  9       203.0    ms
success		1       93      24      1       14      0       14604.12  8       312.0    ms
success		1       94      40      7       12      0       12673.11  7       624.0    ms
success		1       0       1       35      1       0       124899.21 101     32588.0  ms
success		1       1       1       12      1       0       124135.26 100     32588.0  ms
success		1       2       1       67      1       0       123832.20 99      32588.0  ms
success		1       3       1       68      1       0       122946.58 98      32588.0  ms
success		1       4       1       27      1       0       121789.73 97      32588.0  ms
success		1       5       1       45      1       0       120709.16 96      32588.0  ms
success		1       6       1       85      1       0       120051.01 95      32588.0  ms
success		1       7       1       77      1       0       118466.57 94      32588.0  ms
success		1       8       1       77      1       0       117136.74 93      32588.0  ms
success		1       9       1       12      1       0       116658.91 92      32604.0  ms
success		1       10      1       1       1       0       115422.99 91      32604.0  ms
success		1       11      1       12      1       0       113952.13 90      32604.0  ms
success		1       12      1       8       1       0       113286.43 89      32604.0  ms
success		1       13      1       52      1       0       112634.00 88      32604.0  ms
success		1       14      2       12      2       0       112405.93 87      32604.0  ms
success		1       15      1       16      1       0       111069.35 86      32604.0  ms
success		1       16      1       66      1       0       110103.74 85      32604.0  ms
success		1       17      1       4       1       0       108470.71 84      32604.0  ms
success		1       18      1       40      1       0       107743.47 83      32604.0  ms
success		1       19      2       32      2       0       107215.35 82      32604.0  ms
success		1       20      1       66      1       0       105694.60 81      32604.0  ms
success		1       21      1       9       1       0       104191.07 80      32604.0  ms
success		1       22      2       6       2       0       102779.87 79      32604.0  ms
success		1       23      2       78      2       0       102392.76 78      32604.0  ms
success		1       24      1       71      1       0       100856.97 77      32604.0  ms
success		1       25      2       47      2       0       99603.57  76      32604.0  ms
success		1       26      1       52      1       0       97704.69  75      32604.0  ms
success		1       27      1       9       1       0       96434.07  74      32604.0  ms
success		1       28      1       70      1       0       96139.93  73      32604.0  ms
success		1       29      1       46      1       0       95601.55  72      32604.0  ms
success		1       30      2       32      2       0       93979.98  71      32604.0  ms
success		1       31      3       56      3       0       93669.20  70      32604.0  ms
success		1       32      1       7       1       0       93009.31  69      32604.0  ms
success		1       33      1       18      1       0       91852.74  68      32604.0  ms
success		1       34      1       37      1       0       90929.89  67      32604.0  ms
success		1       35      3       25      3       0       90075.32  66      32604.0  ms
success		1       36      2       49      2       0       88673.83  65      32604.0  ms
success		1       37      1       64      1       0       87116.92  64      32604.0  ms
success		1       38      1       46      1       0       85910.90  63      32604.0  ms
success		1       39      1       42      1       0       84505.36  62      32604.0  ms
success		1       40      1       0       1       0       82472.33  61      32604.0  ms
success		1       41      1       33      1       0       80671.07  60      32604.0  ms
success		1       42      2       44      2       0       79310.73  59      32604.0  ms
success		1       43      4       31      4       0       77213.10  58      32604.0  ms
success		1       44      2       55      2       0       76472.23  57      32604.0  ms
success		1       45      2       6       2       0       75177.63  56      32604.0  ms
success		1       46      1       26      1       0       75192.92  55      32604.0  ms
success		1       47      3       4       3       0       73930.66  54      32604.0  ms
success		1       48      1       7       1       0       72722.33  53      32604.0  ms
success		1       49      1       38      1       0       71858.16  52      32604.0  ms
success		1       50      3       2       3       0       70684.15  51      32604.0  ms
success		1       51      1       34      1       0       69255.37  50      32604.0  ms
success		1       52      2       20      2       0       68068.36  49      32604.0  ms
success		1       53      3       29      3       0       66674.12  48      32604.0  ms
success		1       54      1       7       1       0       64984.85  47      32604.0  ms
success		1       55      1       29      1       0       64055.29  46      32604.0  ms
success		1       56      5       43      5       0       63580.32  45      32604.0  ms
success		1       57      4       34      4       0       62269.01  44      32604.0  ms
success		1       58      1       14      1       0       61892.72  43      32604.0  ms
success		1       59      2       21      2       0       60803.49  42      32604.0  ms
success		1       60      4       6       4       0       59704.26  41      32604.0  ms
success		1       61      1       1       1       0       58229.12  40      32604.0  ms
success		1       62      3       9       3       0       57512.57  39      32604.0  ms
success		1       63      4       17      4       0       55968.03  38      32604.0  ms
success		1       64      2       33      2       0       54570.46  37      32604.0  ms
success		1       65      3       17      3       0       52735.45  36      32604.0  ms
success		1       66      6       31      6       0       52980.63  35      32604.0  ms
success		1       67      3       33      3       0       50873.68  34      32604.0  ms
success		1       68      2       15      2       0       49372.79  33      32604.0  ms
success		1       69      2       4       2       0       48880.44  32      32604.0  ms
success		1       70      2       26      2       0       47424.98  31      32604.0  ms
success		1       71      3       14      3       0       45885.23  30      32604.0  ms
success		1       72      3       26      3       0       44302.84  29      32604.0  ms
success		1       73      6       16      6       0       42994.25  28      32604.0  ms
success		1       74      3       27      3       0       41971.57  27      32604.0  ms
success		1       75      5       1       5       0       40390.52  26      32604.0  ms
success		1       76      1       23      1       0       39154.97  25      32604.0  ms
success		1       77      5       0       5       0       38132.73  24      32604.0  ms
success		1       78      2       10      2       0       36604.56  23      32604.0  ms
success		1       79      6       15      6       0       34864.65  22      32604.0  ms
success		1       80      6       4       6       0       34495.04  21      32604.0  ms
success		1       81      7       5       7       0       32944.37  20      32604.0  ms
success		1       82      4       8       4       0       31447.88  19      32604.0  ms
success		1       83      6       0       6       0       29740.43  18      32604.0  ms
success		1       84      5       13      5       0       28369.43  17      32604.0  ms
success		1       85      5       1       5       0       26641.85  16      32604.0  ms
success		1       86      7       4       7       0       25659.82  15      32604.0  ms
success		1       87      8       4       8       0       24054.19  14      32604.0  ms
success		1       88      9       10      9       0       22059.60  13      32604.0  ms
success		1       89      12      5       11      0       20368.52  12      32604.0  ms
success		1       90      9       7       8       0       19833.44  11      32635.0  ms
success		1       91      17      0       10      0       18182.49  10      32651.0  ms
success		1       92      10      6       9       0       16224.88  9       32651.0  ms
success		1       93      60      1       9       0       14692.01  8       33010.0  ms
success		1       94      69      1       13      0       12641.92  7       33618.0  ms
success		1       95      1259    1       11      0       10443.26  6       46597.0  ms
success		1       0       1       65      1       0       124733.62 101     66159.0  ms
success		1       1       1       66      1       0       124348.00 100     66159.0  ms
success		1       2       1       8       1       0       123785.94 99      66159.0  ms
success		1       3       1       35      1       0       123425.04 98      66159.0  ms
success		1       4       1       63      1       0       122250.06 97      66159.0  ms
success		1       5       1       64      1       0       121955.48 96      66159.0  ms
success		1       6       1       76      1       0       121055.79 95      66159.0  ms
success		1       7       1       15      1       0       119358.83 94      66159.0  ms
success		1       8       1       1       1       0       117991.04 93      66159.0  ms
success		1       9       1       70      1       0       117466.01 92      66159.0  ms
success		1       10      1       53      1       0       116206.16 91      66159.0  ms
success		1       11      2       3       2       0       114746.29 90      66159.0  ms
success		1       12      1       38      1       0       114414.83 89      66159.0  ms
success		1       13      1       46      1       0       113846.71 88      66159.0  ms
success		1       14      1       56      1       0       112620.03 87      66159.0  ms
success		1       15      1       13      1       0       112356.72 86      66159.0  ms
success		1       16      1       23      1       0       110913.68 85      66159.0  ms
success		1       17      1       1       1       0       110071.96 84      66159.0  ms
success		1       18      3       25      3       0       108470.28 83      66159.0  ms
success		1       19      1       40      1       0       106932.26 82      66159.0  ms
success		1       20      1       71      1       0       106461.68 81      66159.0  ms
success		1       21      1       32      1       0       106045.22 80      66159.0  ms
success		1       22      1       27      1       0       104742.20 79      66159.0  ms
success		1       23      2       1       2       0       103837.58 78      66175.0  ms
success		1       24      1       11      1       0       103099.07 77      66175.0  ms
success		1       25      1       24      1       0       102705.25 76      66175.0  ms
success		1       26      1       12      1       0       101806.55 75      66175.0  ms
success		1       27      2       17      2       0       101133.23 74      66175.0  ms
success		1       28      1       67      1       0       99485.22  73      66175.0  ms
success		1       29      1       31      1       0       98501.11  72      66175.0  ms
success		1       30      1       55      1       0       97075.41  71      66175.0  ms
success		1       31      1       0       1       0       96036.80  70      66175.0  ms
success		1       32      1       18      1       0       95105.27  69      66175.0  ms
success		1       33      1       30      1       0       94060.75  68      66175.0  ms
success		1       34      1       1       1       0       92568.31  67      66175.0  ms
success		1       35      1       21      1       0       91632.83  66      66175.0  ms
success		1       36      1       13      1       0       90152.21  65      66175.0  ms
success		1       37      2       7       2       0       89396.08  64      66175.0  ms
success		1       38      1       56      1       0       87920.44  63      66175.0  ms
success		1       39      2       44      2       0       86441.97  62      66175.0  ms
success		1       40      1       23      1       0       85438.80  61      66175.0  ms
success		1       41      1       40      1       0       84516.18  60      66175.0  ms
success		1       42      1       27      1       0       83920.20  59      66175.0  ms
success		1       43      2       7       2       0       83070.61  58      66175.0  ms
success		1       44      3       21      3       0       81927.34  57      66175.0  ms
success		1       45      2       32      2       0       79932.42  56      66175.0  ms
success		1       46      2       30      2       0       78829.23  55      66175.0  ms
success		1       47      1       17      1       0       76849.19  54      66175.0  ms
success		1       48      1       29      1       0       75196.61  53      66175.0  ms
success		1       49      1       33      1       0       73668.07  52      66175.0  ms
success		1       50      3       35      3       0       72110.83  51      66175.0  ms
success		1       51      1       26      1       0       71943.05  50      66175.0  ms
success		1       52      2       2       2       0       70728.54  49      66175.0  ms
success		1       53      3       11      3       0       70049.33  48      66175.0  ms
success		1       54      1       10      1       0       68212.18  47      66175.0  ms
success		1       55      3       43      3       0       66564.29  46      66175.0  ms
success		1       56      1       21      1       0       64937.92  45      66175.0  ms
success		1       57      3       43      3       0       63402.85  44      66175.0  ms
success		1       58      1       40      1       0       61930.95  43      66175.0  ms
success		1       59      2       25      2       0       60255.82  42      66175.0  ms
success		1       60      2       12      2       0       59125.51  41      66175.0  ms
success		1       61      3       14      3       0       57894.38  40      66175.0  ms
success		1       62      2       23      2       0       57141.75  39      66175.0  ms
success		1       63      1       26      1       0       55804.91  38      66175.0  ms
success		1       64      2       12      2       0       54947.46  37      66175.0  ms
success		1       65      3       26      3       0       54061.95  36      66175.0  ms
success		1       66      5       30      5       0       52715.62  35      66175.0  ms
success		1       67      3       9       3       0       51251.18  34      66175.0  ms
success		1       68      4       20      4       0       49864.35  33      66175.0  ms
success		1       69      3       22      3       0       48322.85  32      66175.0  ms
success		1       70      3       2       3       0       47146.21  31      66175.0  ms
success		1       71      3       23      3       0       45839.59  30      66175.0  ms
success		1       72      6       5       6       0       44374.11  29      66175.0  ms
success		1       73      3       20      3       0       42883.11  28      66175.0  ms
success		1       74      5       19      5       0       40854.27  27      66175.0  ms
success		1       75      3       23      3       0       39271.02  26      66175.0  ms
success		1       76      5       0       5       0       39365.69  25      66175.0  ms
success		1       77      7       24      7       0       38455.84  24      66175.0  ms
success		1       78      5       17      5       0       37434.36  23      66175.0  ms
success		1       79      3       19      3       0       35994.54  22      66175.0  ms
success		1       80      6       0       6       0       34358.04  21      66175.0  ms
success		1       81      4       4       4       0       33098.05  20      66175.0  ms
success		1       82      5       14      5       0       31186.19  19      66175.0  ms
success		1       83      8       8       8       0       30279.04  18      66175.0  ms
success		1       84      4       5       4       0       29047.41  17      66175.0  ms
success		1       85      4       14      4       0       27799.88  16      66175.0  ms
success		1       86      8       1       8       0       26247.35  15      66175.0  ms
success		1       87      8       10      8       0       24210.45  14      66175.0  ms
success		1       88      9       3       9       0       22904.77  13      66175.0  ms
success		1       89      7       7       5       0       21608.01  12      66175.0  ms
success		1       90      11      9       11      0       19115.70  11      66175.0  ms
success		1       91      14      0       9       0       18121.13  10      66190.0  ms
success		1       92      18      2       9       0       16486.37  9       66237.0  ms
success		1       93      18      1       13      0       14175.55  8       66268.0  ms
success		1       94      69      5       12      0       12803.94  7       66908.0  ms
success		1       0       1       100     1       0       125047.99 101     94488.0  ms
success		1       1       1       63      1       0       124712.72 100     94488.0  ms
success		1       2       1       58      1       0       124338.43 99      94488.0  ms
success		1       3       1       36      1       0       123973.20 98      94488.0  ms
success		1       4       1       14      1       0       122427.49 97      94488.0  ms
success		1       5       1       27      1       0       120670.04 96      94488.0  ms
success		1       6       1       89      1       0       119298.89 95      94488.0  ms
success		1       7       1       10      1       0       118441.98 94      94488.0  ms
success		1       8       1       73      1       0       117629.70 93      94488.0  ms
success		1       9       1       24      1       0       117126.56 92      94488.0  ms
success		1       10      1       31      1       0       115873.55 91      94488.0  ms
success		1       11      1       68      1       0       113991.55 90      94488.0  ms
success		1       12      1       60      1       0       112942.20 89      94488.0  ms
success		1       13      1       29      1       0       112438.89 88      94488.0  ms
success		1       14      1       37      1       0       111722.31 87      94488.0  ms
success		1       15      2       2       2       0       110721.02 86      94488.0  ms
success		1       16      1       51      1       0       109486.92 85      94488.0  ms
success		1       17      1       82      1       0       108651.01 84      94488.0  ms
success		1       18      1       75      1       0       106755.01 83      94488.0  ms
success		1       19      1       32      1       0       105859.79 82      94488.0  ms
success		1       20      1       40      1       0       104290.62 81      94488.0  ms
success		1       21      1       63      1       0       102973.82 80      94488.0  ms
success		1       22      1       58      1       0       101991.97 79      94488.0  ms
success		1       23      1       45      1       0       101179.96 78      94488.0  ms
success		1       24      2       24      2       0       99987.69  77      94488.0  ms
success		1       25      3       20      3       0       100278.80 76      94488.0  ms
success		1       26      1       5       1       0       98691.05  75      94488.0  ms
success		1       27      2       73      2       0       97946.28  74      94488.0  ms
success		1       28      1       38      1       0       96239.06  73      94488.0  ms
success		1       29      2       49      2       0       94961.28  72      94488.0  ms
success		1       30      3       36      3       0       94037.73  71      94488.0  ms
success		1       31      1       30      1       0       93658.55  70      94488.0  ms
success		1       32      2       15      2       0       92935.21  69      94488.0  ms
success		1       33      3       44      3       0       92001.22  68      94488.0  ms
success		1       34      1       10      1       0       90229.42  67      94488.0  ms
success		1       35      2       3       2       0       88960.82  66      94488.0  ms
success		1       36      2       13      2       0       87886.59  65      94488.0  ms
success		1       37      1       26      1       0       87410.95  64      94488.0  ms
success		1       38      1       36      1       0       86930.51  63      94488.0  ms
success		1       39      1       39      1       0       85432.07  62      94488.0  ms
success		1       40      2       60      2       0       84283.64  61      94488.0  ms
success		1       41      1       18      1       0       83483.67  60      94488.0  ms
success		1       42      3       29      3       0       82042.02  59      94488.0  ms
success		1       43      1       10      1       0       80238.87  58      94488.0  ms
success		1       44      1       6       1       0       79511.28  57      94488.0  ms
success		1       45      3       53      3       0       78233.42  56      94488.0  ms
success		1       46      1       3       1       0       76597.02  55      94488.0  ms
success		1       47      1       1       1       0       75425.28  54      94488.0  ms
success		1       48      1       20      1       0       74919.90  53      94488.0  ms
success		1       49      2       44      2       0       73553.47  52      94488.0  ms
success		1       50      1       23      1       0       72608.23  51      94488.0  ms
success		1       51      2       33      2       0       71468.14  50      94488.0  ms
success		1       52      2       5       2       0       70532.41  49      94488.0  ms
success		1       53      2       27      2       0       69190.72  48      94488.0  ms
success		1       54      2       32      2       0       67356.08  47      94488.0  ms
success		1       55      4       21      4       0       66290.39  46      94488.0  ms
success		1       56      2       45      2       0       64906.94  45      94488.0  ms
success		1       57      3       1       3       0       63875.59  44      94488.0  ms
success		1       58      3       5       3       0       62167.11  43      94488.0  ms
success		1       59      2       4       2       0       61728.55  42      94488.0  ms
success		1       60      4       13      4       0       60022.31  41      94488.0  ms
success		1       61      4       20      4       0       58187.91  40      94488.0  ms
success		1       62      3       35      3       0       57391.78  39      94488.0  ms
success		1       63      3       27      3       0       56134.43  38      94504.0  ms
success		1       64      5       20      5       0       54867.50  37      94504.0  ms
success		1       65      2       1       2       0       53914.04  36      94504.0  ms
success		1       66      3       28      3       0       52759.98  35      94504.0  ms
success		1       67      2       3       2       0       52220.05  34      94504.0  ms
success		1       68      1       3       1       0       51003.87  33      94504.0  ms
success		1       69      4       16      4       0       49907.54  32      94504.0  ms
success		1       70      7       28      7       0       48489.71  31      94504.0  ms
success		1       71      3       28      3       0       47145.64  30      94504.0  ms
success		1       72      6       8       6       0       45702.06  29      94504.0  ms
success		1       73      4       21      4       0       44780.30  28      94504.0  ms
success		1       74      3       20      3       0       43659.00  27      94504.0  ms
success		1       75      2       3       2       0       42582.91  26      94504.0  ms
success		1       76      4       19      4       0       41267.92  25      94504.0  ms
success		1       77      5       16      5       0       39501.57  24      94504.0  ms
success		1       78      6       19      6       0       38272.30  23      94504.0  ms
success		1       79      3       18      3       0       36668.82  22      94504.0  ms
success		1       80      5       15      5       0       35277.05  21      94504.0  ms
success		1       81      5       3       5       0       33684.10  20      94504.0  ms
success		1       82      5       5       5       0       31722.69  19      94504.0  ms
success		1       83      3       6       3       0       30126.68  18      94504.0  ms
success		1       84      5       6       5       0       28292.12  17      94504.0  ms
success		1       85      6       0       6       0       25838.33  16      94504.0  ms
success		1       86      5       3       5       0       24896.96  15      94504.0  ms
success		1       87      5       6       5       0       23742.94  14      94504.0  ms
success		1       88      9       11      9       0       22462.49  13      94504.0  ms
success		1       89      8       10      5       0       21996.87  12      94504.0  ms
success		1       90      10      2       7       0       19488.66  11      94520.0  ms
success		1       91      16      0       8       0       17650.31  10      94551.0  ms
success		1       92      17      0       10      0       16786.02  9       94598.0  ms
success		1       93      16      1       12      0       14295.74  8       94629.0  ms
success		1       94      123     2       15      0       12541.73  7       95814.0  ms
success		1       0       1       12      1       0       125569.74 101     124081.0 ms
success		1       1       1       95      1       0       124042.21 100     124081.0 ms
success		1       2       1       20      1       0       122796.30 99      124081.0 ms
success		1       3       1       8       1       0       122226.66 98      124081.0 ms
success		1       4       1       35      1       0       120924.96 97      124081.0 ms
success		1       5       1       4       1       0       119952.06 96      124081.0 ms
success		1       6       2       8       2       0       118401.28 95      124081.0 ms
success		1       7       1       63      1       0       118146.01 94      124081.0 ms
success		1       8       1       12      1       0       116263.24 93      124081.0 ms
success		1       9       1       5       1       0       115424.15 92      124081.0 ms
success		1       10      2       25      2       0       113389.19 91      124081.0 ms
success		1       11      1       90      1       0       112968.47 90      124081.0 ms
success		1       12      1       41      1       0       111768.80 89      124081.0 ms
success		1       13      1       10      1       0       110435.42 88      124081.0 ms
success		1       14      2       73      2       0       109952.38 87      124081.0 ms
success		1       15      1       26      1       0       107949.60 86      124081.0 ms
success		1       16      1       61      1       0       106858.06 85      124081.0 ms
success		1       17      1       29      1       0       105756.99 84      124081.0 ms
success		1       18      1       57      1       0       104764.20 83      124081.0 ms
success		1       19      1       49      1       0       103712.38 82      124081.0 ms
success		1       20      1       66      1       0       102347.78 81      124081.0 ms
success		1       21      1       50      1       0       100815.45 80      124081.0 ms
success		1       22      1       7       1       0       99834.80  79      124081.0 ms
success		1       23      2       13      2       0       98295.98  78      124081.0 ms
success		1       24      1       9       1       0       97736.33  77      124081.0 ms
success		1       25      2       60      2       0       96379.68  76      124081.0 ms
success		1       26      2       0       2       0       95399.15  75      124081.0 ms
success		1       27      1       65      1       0       94699.86  74      124081.0 ms
success		1       28      4       49      4       0       95597.28  73      124081.0 ms
success		1       29      1       15      1       0       94057.96  72      124081.0 ms
success		1       30      1       68      1       0       93789.02  71      124081.0 ms
success		1       31      2       15      2       0       92780.56  70      124081.0 ms
success		1       32      1       63      1       0       91637.60  69      124081.0 ms
success		1       33      2       22      2       0       90943.43  68      124081.0 ms
success		1       34      2       26      2       0       89962.67  67      124081.0 ms
success		1       35      1       9       1       0       89501.23  66      124081.0 ms
success		1       36      1       12      1       0       87957.52  65      124081.0 ms
success		1       37      1       8       1       0       86390.95  64      124081.0 ms
success		1       38      2       51      2       0       85065.68  63      124081.0 ms
success		1       39      1       12      1       0       83183.39  62      124081.0 ms
success		1       40      2       30      2       0       83314.76  61      124081.0 ms
success		1       41      2       29      2       0       81844.63  60      124081.0 ms
success		1       42      1       7       1       0       80311.76  59      124081.0 ms
success		1       43      1       37      1       0       78423.67  58      124081.0 ms
success		1       44      1       19      1       0       78078.12  57      124081.0 ms
success		1       45      2       34      2       0       77920.76  56      124081.0 ms
success		1       46      1       41      1       0       77467.98  55      124081.0 ms
success		1       47      1       40      1       0       76849.37  54      124081.0 ms
success		1       48      1       6       1       0       75694.97  53      124081.0 ms
success		1       49      1       2       1       0       74230.81  52      124081.0 ms
success		1       50      2       27      2       0       72908.91  51      124081.0 ms
success		1       51      3       27      3       0       71166.53  50      124081.0 ms
success		1       52      2       34      2       0       70131.07  49      124081.0 ms
success		1       53      1       42      1       0       69431.61  48      124081.0 ms
success		1       54      2       37      2       0       68463.88  47      124081.0 ms
success		1       55      2       25      2       0       67187.87  46      124081.0 ms
success		1       56      1       41      1       0       65570.57  45      124081.0 ms
success		1       57      4       30      4       0       64369.19  44      124081.0 ms
success		1       58      6       3       6       0       63502.76  43      124081.0 ms
success		1       59      3       9       3       0       62633.61  42      124081.0 ms
success		1       60      2       35      2       0       61234.59  41      124081.0 ms
success		1       61      1       10      1       0       60781.95  40      124081.0 ms
success		1       62      4       12      4       0       58857.81  39      124081.0 ms
success		1       63      6       12      6       0       57113.87  38      124081.0 ms
success		1       64      3       1       3       0       55935.20  37      124081.0 ms
success		1       65      3       25      3       0       54644.79  36      124081.0 ms
success		1       66      2       22      2       0       53287.70  35      124081.0 ms
success		1       67      2       29      2       0       52447.88  34      124081.0 ms
success		1       68      3       19      3       0       50919.27  33      124097.0 ms
success		1       69      3       6       3       0       49562.80  32      124097.0 ms
success		1       70      1       13      1       0       48629.51  31      124097.0 ms
success		1       71      4       14      4       0       47540.91  30      124097.0 ms
success		1       72      4       9       4       0       46104.01  29      124097.0 ms
success		1       73      3       27      3       0       44542.64  28      124097.0 ms
success		1       74      1       13      1       0       43019.37  27      124097.0 ms
success		1       75      4       1       4       0       41624.42  26      124097.0 ms
success		1       76      1       9       1       0       40636.19  25      124097.0 ms
success		1       77      4       18      4       0       38808.78  24      124097.0 ms
success		1       78      2       20      2       0       36746.67  23      124097.0 ms
success		1       79      5       18      5       0       35065.61  22      124097.0 ms
success		1       80      8       9       8       0       34011.98  21      124097.0 ms
success		1       81      2       15      2       0       32494.68  20      124097.0 ms
success		1       82      5       14      5       0       31127.12  19      124097.0 ms
success		1       83      5       5       5       0       29614.04  18      124097.0 ms
success		1       84      5       13      5       0       27481.94  17      124097.0 ms
success		1       85      6       14      6       0       25962.30  16      124097.0 ms
success		1       86      7       13      7       0       24093.56  15      124097.0 ms
success		1       87      10      3       10      0       23312.55  14      124097.0 ms
success		1       88      8       4       6       0       22981.09  13      124097.0 ms
success		1       89      11      2       10      0       20567.47  12      124097.0 ms
success		1       90      13      2       9       0       19963.05  11      124097.0 ms
success		1       91      10      6       9       0       18433.06  10      124097.0 ms
success		1       92      28      1       9       0       16740.81  9       124190.0 ms
success		1       93      42      0       9       0       14301.75  8       124440.0 ms
success		1       94      51      4       13      0       12882.60  7       124846.0 ms
success		1       0       1       78      1       0       126162.15 101     159306.0 ms
success		1       1       1       89      1       0       125405.97 100     159306.0 ms
success		1       2       1       4       1       0       124545.60 99      159306.0 ms
success		1       3       1       70      1       0       123478.92 98      159306.0 ms
success		1       4       1       7       1       0       122905.58 97      159306.0 ms
success		1       5       1       54      1       0       121379.19 96      159306.0 ms
success		1       6       1       41      1       0       121067.16 95      159306.0 ms
success		1       7       1       28      1       0       120155.68 94      159306.0 ms
success		1       8       1       10      1       0       119220.86 93      159306.0 ms
success		1       9       1       89      1       0       117666.27 92      159306.0 ms
success		1       10      1       26      1       0       116327.78 91      159321.0 ms
success		1       11      1       57      1       0       114641.88 90      159321.0 ms
success		1       12      1       7       1       0       113722.65 89      159321.0 ms
success		1       13      1       30      1       0       113420.07 88      159321.0 ms
success		1       14      1       68      1       0       112535.84 87      159321.0 ms
success		1       15      1       5       1       0       110980.07 86      159321.0 ms
success		1       16      1       56      1       0       109072.88 85      159321.0 ms
success		1       17      1       35      1       0       107641.60 84      159321.0 ms
success		1       18      1       51      1       0       106678.08 83      159321.0 ms
success		1       19      1       67      1       0       105518.27 82      159321.0 ms
success		1       20      1       26      1       0       104353.00 81      159321.0 ms
success		1       21      1       25      1       0       102837.63 80      159321.0 ms
success		1       22      1       5       1       0       102419.19 79      159321.0 ms
success		1       23      1       51      1       0       101102.26 78      159321.0 ms
success		1       24      1       60      1       0       99888.52  77      159321.0 ms
success		1       25      2       53      2       0       99026.32  76      159321.0 ms
success		1       26      1       35      1       0       97730.76  75      159321.0 ms
success		1       27      2       71      2       0       97391.02  74      159321.0 ms
success		1       28      1       22      1       0       95348.52  73      159321.0 ms
success		1       29      1       39      1       0       93770.13  72      159321.0 ms
success		1       30      3       17      3       0       92531.68  71      159321.0 ms
success		1       31      2       33      2       0       91584.39  70      159321.0 ms
success		1       32      1       14      1       0       90776.92  69      159321.0 ms
success		1       33      1       36      1       0       89111.42  68      159321.0 ms
success		1       34      1       52      1       0       87839.52  67      159321.0 ms
success		1       35      1       50      1       0       87355.19  66      159321.0 ms
success		1       36      1       11      1       0       86644.50  65      159321.0 ms
success		1       37      1       44      1       0       84908.46  64      159321.0 ms
success		1       38      2       26      2       0       84184.50  63      159321.0 ms
success		1       39      2       42      2       0       83707.02  62      159321.0 ms
success		1       40      1       18      1       0       83261.49  61      159321.0 ms
success		1       41      1       9       1       0       82479.18  60      159321.0 ms
success		1       42      1       0       1       0       80937.99  59      159321.0 ms
success		1       43      2       31      2       0       79589.70  58      159321.0 ms
success		1       44      2       48      2       0       78519.49  57      159321.0 ms
success		1       45      1       9       1       0       76638.60  56      159321.0 ms
success		1       46      1       14      1       0       76147.68  55      159321.0 ms
success		1       47      1       49      1       0       74265.36  54      159321.0 ms
success		1       48      2       33      2       0       72629.55  53      159321.0 ms
success		1       49      2       9       2       0       71351.08  52      159321.0 ms
success		1       50      3       13      3       0       70139.17  51      159321.0 ms
success		1       51      3       8       3       0       69640.31  50      159321.0 ms
success		1       52      2       47      2       0       68428.00  49      159321.0 ms
success		1       53      2       16      2       0       67385.57  48      159321.0 ms
success		1       54      1       18      1       0       67280.89  47      159321.0 ms
success		1       55      2       21      2       0       66290.84  46      159321.0 ms
success		1       56      2       30      2       0       65373.26  45      159321.0 ms
success		1       57      3       22      3       0       64140.29  44      159321.0 ms
success		1       58      1       35      1       0       62608.84  43      159321.0 ms
success		1       59      2       21      2       0       61517.79  42      159321.0 ms
success		1       60      2       26      2       0       59959.49  41      159321.0 ms
success		1       61      3       27      3       0       58934.11  40      159321.0 ms
success		1       62      2       0       2       0       57741.28  39      159321.0 ms
success		1       63      2       24      2       0       56170.90  38      159321.0 ms
success		1       64      4       25      4       0       54906.07  37      159321.0 ms
success		1       65      3       32      3       0       55437.57  36      159321.0 ms
success		1       66      3       10      3       0       54068.21  35      159321.0 ms
success		1       67      2       8       2       0       52801.19  34      159321.0 ms
success		1       68      3       27      3       0       50899.24  33      159321.0 ms
success		1       69      2       9       2       0       49362.00  32      159321.0 ms
success		1       70      2       6       2       0       48498.75  31      159321.0 ms
success		1       71      4       21      4       0       46770.16  30      159321.0 ms
success		1       72      3       4       3       0       45072.54  29      159321.0 ms
success		1       73      3       12      3       0       43989.22  28      159321.0 ms
success		1       74      3       24      3       0       42677.60  27      159321.0 ms
success		1       75      3       2       3       0       41292.27  26      159321.0 ms
success		1       76      5       8       5       0       39872.77  25      159321.0 ms
success		1       77      6       18      6       0       38522.17  24      159321.0 ms
success		1       78      3       5       3       0       36484.30  23      159321.0 ms
success		1       79      6       11      6       0       35956.65  22      159321.0 ms
success		1       80      3       21      3       0       34530.80  21      159321.0 ms
success		1       81      3       17      3       0       33749.92  20      159321.0 ms
success		1       82      6       15      6       0       31904.23  19      159321.0 ms
success		1       83      7       12      7       0       30095.20  18      159321.0 ms
success		1       84      5       3       5       0       28796.00  17      159321.0 ms
success		1       85      6       8       6       0       27193.33  16      159321.0 ms
success		1       86      9       13      9       0       25775.26  15      159321.0 ms
success		1       87      5       13      4       0       24451.53  14      159321.0 ms
success		1       88      9       7       9       0       22959.14  13      159321.0 ms
success		1       89      12      0       9       0       21821.79  12      159337.0 ms
success		1       90      9       10      8       0       20328.64  11      159337.0 ms
success		1       91      10      10      8       0       17556.10  10      159352.0 ms
success		1       92      15      9       10      0       15972.31  9       159368.0 ms
success		1       93      30      3       11      0       14325.42  8       159586.0 ms
success		1       94      142     5       13      0       12309.02  7       161006.0 ms
cross iterater0
rand   	fail		9600.25   11926.97  7       193547.0 ms cross
rand   	success		10061.97  12409.81  7       193765.0 ms cross
ab
ab7	2
fail		9810.93   12344.85  7       219490.0 ms
cross iterater1
rand   	success		10031.48  11976.27  7       219505.0 ms cross
rand   	fail		9429.29   12116.61  7       245650.0 ms cross
ab
ab7	3
ab6	5
cross iterater2
rand   	success		10223.45  13001.79  7       246337.0 ms cross
rand   	success		9961.37   13017.08  7       247710.0 ms cross
ab
ab7	4
ab6	0
fail		9428.84   12358.12  7       266695.0 ms
cross iterater3
rand   	fail		9609.53   12105.53  7       295695.0 ms cross
rand   	success		9905.25   12833.89  7       296178.0 ms cross
ab
ab7	5
success		9130.96   10920.30  6       310951.0 ms
fail		9623.28   12310.00  7       331106.0 ms
cross iterater4
rand   	fail		9501.33   11663.86  7       347065.0 ms cross
rand   	success		10105.11  12184.02  7       347377.0 ms cross
ab
ab7	0
cross iterater5
rand   	success		10210.53  12685.96  7       347486.0 ms cross
rand   	success		9701.64   12328.57  7       347658.0 ms cross
ab
ab6	1
fail		9526.78   12118.80  7       369263.0 ms
cross iterater6
ab
fail		9694.58   12380.31  7       395034.0 ms
cross iterater7
rand   	success		9660.47   12411.58  7       395034.0 ms cross
rand   	success		10338.36  12397.15  7       395159.0 ms cross
ab
ab6	1
ab7	5
fail		9350.43   12345.64  7       423504.0 ms
cross iterater8
rand   	success		9934.62   12856.90  7       427014.0 ms cross
rand   	success		10028.35  12516.73  7       428355.0 ms cross
ab
ab6	3
ab7	2
success		9391.83   10619.06  6       437980.0 ms
fail		9601.27   12625.34  7       463611.0 ms
cross iterater9
rand   	success		9722.01   12221.04  7       463892.0 ms cross
rand   	success		9801.33   12475.85  7       463907.0 ms cross
ab
ab6	3
ab7	2
success		9165.99   10751.11  6       468852.0 ms
cross iterater10
ab
ab6	2
fail		9399.04   10919.26  6       500395.0 ms
fail		9391.83   10764.30  6       531735.0 ms
fail		9165.99   10992.20  6       572107.0 ms
cross iterater11
rand   	success		9593.07   11029.36  6       572466.0 ms cross
rand   	success		9272.17   11220.84  6       572529.0 ms cross
ab
ab6	1
cross iterater12
rand   	fail		9640.35   11947.38  7       591124.0 ms cross
rand   	fail		8715.69   12177.33  7       618423.0 ms cross
ab
ab7	4
ab6	5
success		9131.35   10624.30  6       620170.0 ms
fail		9494.41   10889.42  6       663460.0 ms
fail		9391.83   10764.30  6       698809.0 ms
cross iterater13
rand   	success		9368.08   10814.90  6       698825.0 ms cross
rand   	
ab
ab6	5
fail		9232.05   10869.48  6       778914.0 ms
cross iterater14
rand   	success		9230.37   10910.69  6       778930.0 ms cross
rand   	fail		9581.64   12001.58  7       814638.0 ms cross
ab
ab6	1
fail		9368.08   10860.74  6       852186.0 ms
cross iterater15
rand   	fail		9538.00   12731.82  7       893073.0 ms cross
rand   	fail		9433.47   12447.85  7       924445.0 ms cross
ab
ab6	2
ab7	1
fail		9336.59   10814.13  6       953538.0 ms
cross iterater16
ab
ab6	4
cross iterater17
ab
ab6	2
fail		9250.43   10832.27  6       976423.0 ms
cross iterater18
rand   	fail		9486.49   12500.58  7       1011335.0 ms cross
rand   	fail		9821.93   12162.44  7       1059554.0 ms cross
ab
ab6	3
ab7	5
fail		9163.35   10969.15  6       1104700.0 ms
fail		9036.31   10908.37  6       1133185.0 ms
cross iterater19
rand   	success		9073.40   10797.33  6       1133185.0 ms cross
rand   	
ab
ab6	4
ab7	3
fail		9044.13   11057.47  6       1210701.0 ms
fail		9322.35   11029.50  6       1257703.0 ms
cross iterater20
rand   	
rand   	fail		9711.37   12373.74  7       1318683.0 ms cross
ab
ab7	5
ab6	3
fail		9044.13   11057.47  6       1348853.0 ms
cross iterater21
rand   	success		8969.93   11106.93  6       1353767.0 ms cross
rand   	success		9422.69   10948.44  6       1356855.0 ms cross
ab
ab7	1
fail		9377.77   10856.09  6       1404216.0 ms
fail		9322.35   11029.50  6       1436664.0 ms
cross iterater22
rand   	success		9257.58   10782.62  6       1436680.0 ms cross
rand   	success		9097.67   10722.53  6       1436680.0 ms cross
ab
ab7	4
ab6	3
cross iterater23
ab
ab7	3
fail		9377.77   10856.09  6       1483666.0 ms
cross iterater24
rand   	
rand   	success		9138.84   10856.07  6       1519436.0 ms cross
ab
ab7	0
cross iterater25
rand   	success		9556.11   10829.30  6       1523118.0 ms cross
rand   	success		8605.70   10983.01  6       1523617.0 ms cross
ab
ab6	3
ab7	0
cross iterater26
rand   	fail		9059.36   12400.96  7       1558311.0 ms cross
rand   	success		9105.75   10718.19  6       1567843.0 ms cross
ab
ab6	4
ab7	2
cross iterater27
rand   	success		9260.40   10845.81  6       1568248.0 ms cross
rand   	success		9101.04   11101.34  6       1578341.0 ms cross
ab
ab6	5
ab7	3
cross iterater28
rand   	success		9153.89   10920.28  6       1585642.0 ms cross
rand   	fail		9673.86   11988.79  7       1611725.0 ms cross
ab
ab6	1
ab7	5
cross iterater29
rand   	fail		9274.35   12215.17  7       1656138.0 ms cross
rand   	success		8868.01   10634.95  6       1656138.0 ms cross
ab
ab6	5
ab7	2
fail		9185.55   10832.46  6       1681846.0 ms
cross iterater30
rand   	success		9364.67   10538.87  6       1682002.0 ms cross
rand   	fail		8603.15   11959.51  7       1707492.0 ms cross
ab
ab7	4
ab6	3
fail		8913.17   10892.94  6       1733123.0 ms
cross iterater31
rand   	
rand   	fail		9506.72   12228.58  7       1771202.0 ms cross
ab
ab6	1
ab7	5
fail		9364.67   10604.27  6       1809437.0 ms
cross iterater32
rand   	fail		9626.07   11705.08  7       1833367.0 ms cross
rand   	success		9119.84   10401.79  6       1836034.0 ms cross
ab
ab6	5
ab7	3
cross iterater33
ab
ab7	5
fail		9291.08   10972.91  6       1868123.0 ms
fail		9364.67   10604.27  6       1882693.0 ms
cross iterater34
rand   	success		9039.76   10585.67  6       1883052.0 ms cross
rand   	success		9237.01   10917.00  6       1886500.0 ms cross
ab
ab7	0
fail		8868.01   10811.43  6       1916186.0 ms
cross iterater35
ab
ab6	4
ab7	2
fail		9352.49   10769.28  6       1955264.0 ms
cross iterater36
rand   	success		9021.64   11061.35  6       1956668.0 ms cross
rand   	success		9040.22   10847.12  6       1962143.0 ms cross
ab
ab6	3
ab7	2
fail		9142.88   10585.27  6       2005854.0 ms
fail		9075.71   10827.74  6       2033528.0 ms
fail		8928.16   10636.81  6       2068861.0 ms
cross iterater37
ab
ab6	4
ab7	2
fail		9006.37   10914.35  6       2098189.0 ms
fail		9142.88   10585.27  6       2124631.0 ms
fail		9003.32   10718.19  6       2154910.0 ms
cross iterater38
ab
ab7	0
cross iterater39
rand   	success		9024.82   11185.39  6       2155097.0 ms cross
rand   	fail		9264.39   12628.88  7       2176734.0 ms cross
ab
ab6	3
ab7	2
fail		9157.87   10452.11  6       2212489.0 ms
cross iterater40
rand   	fail		9487.04   12176.49  7       2244702.0 ms cross
rand   	success		9395.77   10268.66  6       2244843.0 ms cross
ab
ab7	4
ab6	5
fail		9013.68   10752.32  6       2279911.0 ms
cross iterater41
rand   	success		9496.21   11348.26  6       2280223.0 ms cross
rand   	fail		9102.21   12175.14  7       2296119.0 ms cross
ab
ab7	0
ab6	5
fail		9395.77   10708.93  6       2331390.0 ms
fail		9157.87   10452.11  6       2356225.0 ms
cross iterater42
rand   	success		9163.39   10699.77  6       2359501.0 ms cross
rand   	success		9309.61   10646.84  6       2361592.0 ms cross
ab
ab6	0
ab7	3
cross iterater43
rand   	success		9300.23   10723.28  6       2361592.0 ms cross
rand   	fail		9057.30   12583.56  7       2389344.0 ms cross
ab
ab6	5
ab7	1
fail		9045.13   10426.31  6       2413367.0 ms
fail		9064.22   10446.30  6       2434973.0 ms
cross iterater44
ab
ab6	2
fail		9004.71   10418.10  6       2459153.0 ms
fail		9045.13   10426.31  6       2483629.0 ms
cross iterater45
rand   	fail		9425.14   12252.31  7       2509244.0 ms cross
rand   	fail		9808.63   12223.10  7       2534313.0 ms cross
ab
ab7	2
ab6	5
cross iterater46
ab
ab7	5
fail		9045.13   10426.31  6       2576417.0 ms
fail		9157.87   10452.11  6       2609972.0 ms
cross iterater47
rand   	success		9242.72   10716.69  6       2610721.0 ms cross
rand   	success		9515.31   10538.47  6       2611110.0 ms cross
ab
ab7	0
ab6	2
fail		9390.57   10711.58  6       2647021.0 ms
fail		9136.14   10980.87  6       2683821.0 ms
cross iterater48
rand   	success		9059.56   10817.29  6       2692058.0 ms cross
rand   	success		9320.77   10575.31  6       2692058.0 ms cross
ab
ab6	0
ab7	5
fail		9320.77   10650.34  6       2753661.0 ms
cross iterater49
ab
ab6	4
ab7	2
fail		9137.17   10434.69  6       2785563.0 ms
cross iterater50
rand   	success		9770.70   10877.71  6       2790056.0 ms cross
rand   	fail		9263.07   11817.12  7       2806124.0 ms cross
ab
ab6	3
ab7	1
cross iterater51
rand   	success		9327.51   10059.75  6       2806217.0 ms cross
rand   	fail		8970.79   12408.56  7       2845981.0 ms cross
ab
ab6	5
ab7	1
cross iterater52
rand   	success		9488.20   10626.49  6       2860551.0 ms cross
rand   	success		9515.35   10904.52  6       2860676.0 ms cross
ab
ab6	2
ab7	5
fail		9264.84   10752.49  6       2888007.0 ms
fail		9327.51   10705.79  6       2907990.0 ms
fail		8881.13   10715.55  6       2927474.0 ms
cross iterater53
rand   	success		9173.18   10900.54  6       2930579.0 ms cross
rand   	success		9328.54   10484.03  6       2930579.0 ms cross
ab
ab6	2
fail		9227.01   10658.53  6       2961747.0 ms
cross iterater54
ab
ab6	1
cross iterater55
ab
ab6	3
ab7	4
fail		9471.20   10778.28  6       2995053.0 ms
cross iterater56
ab
ab6	5
ab7	2
fail		9328.54   10878.04  6       3041337.0 ms
fail		9092.46   10764.86  6       3074596.0 ms
cross iterater57
ab
ab6	5
ab7	4
fail		9382.54   10662.92  6       3110398.0 ms
fail		9076.50   10833.13  6       3151924.0 ms
cross iterater58
rand   	fail		8959.85   12480.68  7       3183452.0 ms cross
rand   	success		9361.96   11130.96  6       3201345.0 ms cross
ab
ab7	2
ab6	4
cross iterater59
ab
ab7	4
fail		8774.51   10714.95  6       3237006.0 ms
fail		9190.64   10852.32  6       3262215.0 ms
cross iterater60
rand   	success		9551.58   10852.71  6       3265070.0 ms cross
rand   	fail		10049.95  12343.68  7       3295365.0 ms cross
ab
ab6	0
ab7	1
fail		9307.63   10784.83  6       3334614.0 ms
fail		9123.74   10841.58  6       3354332.0 ms
cross iterater61
rand   	success		9081.68   10511.88  6       3354613.0 ms cross
rand   	
ab
ab7	4
fail		8774.51   10714.95  6       3406809.0 ms
fail		9181.24   10838.22  6       3427854.0 ms
cross iterater62
rand   	fail		9467.47   12568.07  7       3454217.0 ms cross
rand   	
ab
ab7	5
ab6	2
fail		9097.72   10803.05  6       3491610.0 ms
cross iterater63
rand   	success		9329.15   10951.66  6       3495541.0 ms cross
rand   	success		9273.48   10526.15  6       3495541.0 ms cross
ab
ab7	2
fail		8850.69   10576.79  6       3513341.0 ms
cross iterater64
rand   	success		9207.11   10381.57  6       3513372.0 ms cross
rand   	success		8893.23   10580.91  6       3513372.0 ms cross
ab
ab7	0
fail		9207.11   10774.88  6       3548783.0 ms
cross iterater65
rand   	success		9087.24   11062.49  6       3550936.0 ms cross
rand   	success		9106.12   11019.37  6       3553136.0 ms cross
ab
ab6	1
ab7	5
cross iterater66
rand   	success		9254.38   10497.82  6       3565147.0 ms cross
rand   	success		9485.28   10980.96  6       3565771.0 ms cross
ab
ab6	4
fail		9023.56   11012.46  6       3584382.0 ms
cross iterater67
rand   	success		8903.93   10616.17  6       3584975.0 ms cross
rand   	success		9161.31   10707.45  6       3585240.0 ms cross
ab
ab6	2
fail		9161.31   10899.04  6       3619435.0 ms
cross iterater68

R.size:6

1		168	164	26	161	36	35	162	118	88	19	150	146	68	90	14	142	102	69	196	70	158	16	84	83	93	121	12	109	24	114	163	87	
2		45	183	8	79	34	33	199	103	63	134	141	11	105	176	166	157	130	123	180	89	107	159	7	186	136	96	111	175	153	86	
3		116	139	95	91	73	32	6	200	120	172	191	195	144	113	106	149	160	20	110	54	190	25	30	97	53	171	46	201	
4		18	67	74	4	192	204	62	131	56	65	179	137	71	167	31	92	184	132	15	43	44	193	38	178	122	29	147	129	37	9	125	101	82	76	182	2	188	112	50	80	52	39	202	85	
5		41	100	181	117	177	78	94	104	135	3	165	170	66	133	57	17	198	64	189	98	174	187	156	173	22	127	155	140	1	72	
6		60	23	47	61	77	152	143	197	119	48	194	21	40	151	203	128	51	59	81	75	13	27	145	138	124	49	58	5	55	185	42	28	108	126	10	169	154	148	99	115	

data1/pdp200/LR2_2_5.txt
total_cost 8605.701582

