success		1       0       1       73      1       0       12114.90  103     15.0     ms
success		1       1       1       30      1       0       12088.47  102     15.0     ms
success		1       2       1       55      1       0       12125.70  101     15.0     ms
success		1       3       1       10      1       0       12051.49  100     15.0     ms
success		1       4       1       47      1       0       12139.51  99      15.0     ms
success		1       5       1       40      1       0       11913.13  98      15.0     ms
success		1       6       1       48      1       0       11938.96  97      15.0     ms
success		1       7       1       47      1       0       11869.65  96      15.0     ms
success		1       8       1       35      1       0       11938.51  95      15.0     ms
success		1       9       1       0       1       0       12024.09  94      15.0     ms
success		1       10      1       79      1       0       11952.12  93      15.0     ms
success		1       11      1       44      1       0       11878.85  92      15.0     ms
success		1       12      2       64      2       0       12008.99  91      15.0     ms
success		1       13      1       28      1       0       11855.46  90      15.0     ms
success		1       14      2       52      2       0       11871.61  89      15.0     ms
success		1       15      1       18      1       0       11947.96  88      15.0     ms
success		1       16      1       11      1       0       11963.00  87      15.0     ms
success		1       17      1       61      1       0       11716.43  86      15.0     ms
success		1       18      2       57      2       0       11737.17  85      15.0     ms
success		1       19      2       61      2       0       11826.18  84      15.0     ms
success		1       20      1       30      1       0       11751.65  83      15.0     ms
success		1       21      2       20      2       0       12102.59  82      15.0     ms
success		1       22      3       6       3       0       12044.88  81      15.0     ms
success		1       23      1       0       1       0       12181.97  80      15.0     ms
success		1       24      2       71      2       0       12303.38  79      15.0     ms
success		1       25      3       24      3       0       12303.87  78      15.0     ms
success		1       26      1       32      1       0       12272.93  77      15.0     ms
success		1       27      1       38      1       0       12199.77  76      15.0     ms
success		1       28      1       37      1       0       12051.83  75      15.0     ms
success		1       29      2       46      2       0       12019.24  74      15.0     ms
success		1       30      1       67      1       0       12061.04  73      15.0     ms
success		1       31      2       20      2       0       11856.49  72      15.0     ms
success		1       32      1       68      1       0       11774.97  71      15.0     ms
success		1       33      1       32      1       0       11866.21  70      31.0     ms
success		1       34      3       37      3       0       11464.32  69      31.0     ms
success		1       35      2       39      2       0       11367.92  68      31.0     ms
success		1       36      1       16      1       0       11356.44  67      31.0     ms
success		1       37      1       53      1       0       11319.75  66      31.0     ms
success		1       38      1       59      1       0       11377.88  65      31.0     ms
success		1       39      1       35      1       0       11398.28  64      31.0     ms
success		1       40      1       56      1       0       11426.61  63      31.0     ms
success		1       41      2       61      2       0       11381.50  62      31.0     ms
success		1       42      2       12      2       0       11077.28  61      31.0     ms
success		1       43      1       46      1       0       11024.86  60      31.0     ms
success		1       44      2       41      2       0       10816.52  59      31.0     ms
success		1       45      2       8       2       0       10955.29  58      31.0     ms
success		1       46      1       27      1       0       10940.20  57      31.0     ms
success		1       47      2       35      2       0       10864.41  56      31.0     ms
success		1       48      3       14      3       0       10797.94  55      31.0     ms
success		1       49      2       41      2       0       10901.87  54      31.0     ms
success		1       50      3       28      3       0       10585.03  53      31.0     ms
success		1       51      2       48      2       0       10491.14  52      31.0     ms
success		1       52      1       4       1       0       10388.06  51      31.0     ms
success		1       53      1       23      1       0       10313.90  50      31.0     ms
success		1       54      3       17      3       0       10457.00  49      31.0     ms
success		1       55      1       9       1       0       10273.91  48      31.0     ms
success		1       56      2       14      2       0       10130.84  47      31.0     ms
success		1       57      2       39      2       0       10171.85  46      31.0     ms
success		1       58      1       2       1       0       10201.16  45      31.0     ms
success		1       59      2       18      2       0       10026.19  44      31.0     ms
success		1       60      3       17      3       0       10011.55  43      31.0     ms
success		1       61      2       37      2       0       10062.46  42      31.0     ms
success		1       62      3       19      3       0       10119.74  41      31.0     ms
success		1       63      3       24      3       0       9880.06   40      31.0     ms
success		1       64      4       35      4       0       9423.26   39      31.0     ms
success		1       65      4       30      4       0       9245.78   38      31.0     ms
success		1       66      3       8       3       0       9104.90   37      31.0     ms
success		1       67      2       15      2       0       8972.25   36      31.0     ms
success		1       68      2       23      2       0       9064.99   35      31.0     ms
success		1       69      2       1       2       0       9148.50   34      31.0     ms
success		1       70      5       6       5       0       9085.43   33      31.0     ms
success		1       71      2       7       2       0       9036.14   32      31.0     ms
success		1       72      5       2       4       0       9025.21   31      46.0     ms
success		1       73      2       13      2       0       8818.03   30      46.0     ms
success		1       74      5       21      4       0       9314.79   28      46.0     ms
success		1       75      4       5       3       0       8804.47   27      46.0     ms
success		1       76      5       12      5       0       8456.32   26      46.0     ms
success		1       77      9       9       6       0       8937.06   25      46.0     ms
success		1       78      6       16      4       0       7937.34   24      46.0     ms
success		1       79      6       8       5       0       7781.90   23      62.0     ms
success		1       80      9       19      5       0       7215.38   22      62.0     ms
success		1       81      8       12      4       0       7611.93   21      78.0     ms
success		1       82      10      18      4       0       6737.28   20      93.0     ms
success		1       83      33      10      6       0       6766.70   19      171.0    ms
success		1       84      34      0       6       0       6575.59   18      202.0    ms
success		1       85      40      9       5       0       5966.07   17      265.0    ms
success		1       86      244     6       6       0       5276.53   16      748.0    ms
success		1       0       1       31      1       0       24640.30  103     2059.0   ms
success		1       1       1       16      1       0       24252.30  102     2059.0   ms
success		1       2       1       24      1       0       23940.22  101     2059.0   ms
success		1       3       1       71      1       0       23811.34  100     2059.0   ms
success		1       4       1       26      1       0       23622.77  99      2059.0   ms
success		1       5       1       88      1       0       23439.03  98      2059.0   ms
success		1       6       1       38      1       0       23251.67  97      2059.0   ms
success		1       7       1       51      1       0       23126.30  96      2059.0   ms
success		1       8       1       70      1       0       22799.23  95      2059.0   ms
success		1       9       1       5       1       0       22617.34  94      2059.0   ms
success		1       10      1       42      1       0       22003.86  93      2059.0   ms
success		1       11      1       87      1       0       21761.04  92      2059.0   ms
success		1       12      2       37      2       0       21524.40  91      2059.0   ms
success		1       13      2       16      2       0       21166.21  90      2059.0   ms
success		1       14      2       72      2       0       20848.92  89      2059.0   ms
success		1       15      2       20      2       0       20622.44  88      2059.0   ms
success		1       16      1       52      1       0       20359.91  87      2059.0   ms
success		1       17      1       2       1       0       19911.20  86      2059.0   ms
success		1       18      1       31      1       0       19695.45  85      2059.0   ms
success		1       19      1       56      1       0       19578.01  84      2059.0   ms
success		1       20      2       31      2       0       19331.45  83      2059.0   ms
success		1       21      2       34      2       0       19058.90  82      2059.0   ms
success		1       22      2       68      2       0       19080.56  81      2059.0   ms
success		1       23      1       17      1       0       18848.96  80      2059.0   ms
success		1       24      2       64      2       0       18573.02  79      2059.0   ms
success		1       25      1       70      1       0       18425.16  78      2059.0   ms
success		1       26      1       3       1       0       17965.12  77      2059.0   ms
success		1       27      1       57      1       0       17548.22  76      2059.0   ms
success		1       28      2       75      2       0       17344.60  75      2059.0   ms
success		1       29      1       62      1       0       17154.90  74      2059.0   ms
success		1       30      1       12      1       0       16897.93  73      2059.0   ms
success		1       31      2       51      2       0       16739.85  72      2059.0   ms
success		1       32      2       4       2       0       16604.78  71      2059.0   ms
success		1       33      1       34      1       0       16353.20  70      2059.0   ms
success		1       34      2       10      2       0       16240.55  69      2059.0   ms
success		1       35      2       5       2       0       15905.31  68      2059.0   ms
success		1       36      2       54      2       0       15733.71  67      2059.0   ms
success		1       37      2       57      2       0       15709.27  66      2059.0   ms
success		1       38      1       29      1       0       15548.42  65      2059.0   ms
success		1       39      1       6       1       0       15436.16  64      2059.0   ms
success		1       40      1       0       1       0       15265.01  63      2059.0   ms
success		1       41      3       48      3       0       15107.10  62      2059.0   ms
success		1       42      1       31      1       0       14915.48  61      2059.0   ms
success		1       43      1       32      1       0       14604.26  60      2059.0   ms
success		1       44      1       11      1       0       14030.43  59      2059.0   ms
success		1       45      1       14      1       0       13751.36  58      2059.0   ms
success		1       46      1       17      1       0       13515.65  57      2059.0   ms
success		1       47      2       3       2       0       13220.03  56      2059.0   ms
success		1       48      2       43      2       0       13034.48  55      2059.0   ms
success		1       49      1       6       1       0       12826.92  54      2059.0   ms
success		1       50      1       1       1       0       12783.85  53      2059.0   ms
success		1       51      1       16      1       0       12634.40  52      2059.0   ms
success		1       52      2       44      2       0       12396.95  51      2059.0   ms
success		1       53      2       22      2       0       12155.99  50      2059.0   ms
success		1       54      1       38      1       0       11927.29  49      2059.0   ms
success		1       55      2       35      2       0       11648.50  48      2059.0   ms
success		1       56      2       11      2       0       11593.95  47      2059.0   ms
success		1       57      2       17      2       0       11428.29  46      2059.0   ms
success		1       58      2       10      2       0       11242.59  45      2059.0   ms
success		1       59      3       4       3       0       11118.71  44      2059.0   ms
success		1       60      3       41      3       0       11115.07  43      2059.0   ms
success		1       61      3       5       3       0       10901.37  42      2059.0   ms
success		1       62      4       2       4       0       10800.21  41      2059.0   ms
success		1       63      3       40      3       0       10517.80  40      2059.0   ms
success		1       64      1       26      1       0       10374.39  39      2059.0   ms
success		1       65      1       27      1       0       10104.52  38      2059.0   ms
success		1       66      3       31      3       0       10166.51  37      2059.0   ms
success		1       67      3       27      3       0       9964.13   36      2059.0   ms
success		1       68      3       20      3       0       9511.39   35      2059.0   ms
success		1       69      3       23      3       0       9292.27   34      2059.0   ms
success		1       70      4       3       4       0       9245.00   33      2059.0   ms
success		1       71      4       0       4       0       9017.87   32      2059.0   ms
success		1       72      3       17      3       0       8683.14   31      2059.0   ms
success		1       73      3       11      3       0       8438.94   30      2059.0   ms
success		1       74      6       24      4       0       9189.59   29      2059.0   ms
success		1       75      3       18      3       0       8497.68   28      2059.0   ms
success		1       76      3       26      3       0       8067.66   27      2059.0   ms
success		1       77      3       15      3       0       7659.63   26      2059.0   ms
success		1       78      7       22      3       0       8944.78   25      2074.0   ms
success		1       79      6       11      4       0       8731.56   24      2074.0   ms
success		1       80      9       21      5       0       8220.65   23      2074.0   ms
success		1       81      9       0       6       0       7847.80   22      2074.0   ms
success		1       82      11      10      5       0       6971.53   21      2074.0   ms
success		1       83      9       10      4       0       7412.25   20      2090.0   ms
success		1       84      29      10      3       0       6948.08   19      2106.0   ms
success		1       85      22      9       5       0       6168.53   18      2137.0   ms
success		1       86      24      11      5       0       6022.46   17      2152.0   ms
success		1       87      467     12      5       0       5586.75   16      2964.0   ms
success		1       0       1       29      1       0       24791.33  103     4368.0   ms
success		1       1       1       59      1       0       24433.45  102     4368.0   ms
success		1       2       1       86      1       0       24188.33  101     4368.0   ms
success		1       3       1       86      1       0       23980.39  100     4368.0   ms
success		1       4       1       79      1       0       23784.07  99      4368.0   ms
success		1       5       1       86      1       0       23384.06  98      4368.0   ms
success		1       6       1       16      1       0       22904.37  97      4368.0   ms
success		1       7       1       24      1       0       22428.50  96      4368.0   ms
success		1       8       1       19      1       0       22287.43  95      4368.0   ms
success		1       9       1       67      1       0       21935.26  94      4368.0   ms
success		1       10      1       69      1       0       21809.54  93      4368.0   ms
success		1       11      1       59      1       0       21633.13  92      4368.0   ms
success		1       12      1       87      1       0       21151.91  91      4368.0   ms
success		1       13      2       22      2       0       20796.63  90      4368.0   ms
success		1       14      1       55      1       0       20496.49  89      4368.0   ms
success		1       15      2       34      2       0       20265.31  88      4368.0   ms
success		1       16      1       28      1       0       20115.93  87      4368.0   ms
success		1       17      1       1       1       0       20035.30  86      4368.0   ms
success		1       18      1       65      1       0       19552.90  85      4368.0   ms
success		1       19      3       14      3       0       19830.31  84      4368.0   ms
success		1       20      1       26      1       0       19589.15  83      4368.0   ms
success		1       21      2       43      2       0       19420.64  82      4368.0   ms
success		1       22      1       17      1       0       19183.35  81      4368.0   ms
success		1       23      1       15      1       0       18992.49  80      4383.0   ms
success		1       24      1       41      1       0       18533.95  79      4383.0   ms
success		1       25      1       75      1       0       18244.62  78      4383.0   ms
success		1       26      1       32      1       0       17950.85  77      4383.0   ms
success		1       27      1       10      1       0       17752.49  76      4383.0   ms
success		1       28      1       7       1       0       17576.95  75      4383.0   ms
success		1       29      1       58      1       0       17404.68  74      4383.0   ms
success		1       30      1       64      1       0       17247.61  73      4383.0   ms
success		1       31      1       34      1       0       17120.52  72      4383.0   ms
success		1       32      1       67      1       0       17025.27  71      4383.0   ms
success		1       33      2       6       2       0       16851.24  70      4383.0   ms
success		1       34      2       9       2       0       16620.83  69      4383.0   ms
success		1       35      1       0       1       0       16519.28  68      4383.0   ms
success		1       36      1       36      1       0       16077.56  67      4383.0   ms
success		1       37      1       61      1       0       15931.99  66      4383.0   ms
success		1       38      1       27      1       0       15634.61  65      4383.0   ms
success		1       39      2       52      2       0       15348.54  64      4383.0   ms
success		1       40      1       3       1       0       15147.21  63      4383.0   ms
success		1       41      1       15      1       0       14887.54  62      4383.0   ms
success		1       42      2       29      2       0       14910.38  61      4383.0   ms
success		1       43      1       27      1       0       14584.33  60      4383.0   ms
success		1       44      2       12      2       0       14444.54  59      4383.0   ms
success		1       45      2       49      2       0       14247.10  58      4383.0   ms
success		1       46      2       7       2       0       14119.87  57      4383.0   ms
success		1       47      1       47      1       0       13951.63  56      4383.0   ms
success		1       48      2       19      2       0       13747.30  55      4383.0   ms
success		1       49      3       47      3       0       13642.77  54      4383.0   ms
success		1       50      1       34      1       0       13443.71  53      4383.0   ms
success		1       51      1       44      1       0       13029.84  52      4383.0   ms
success		1       52      1       18      1       0       12887.43  51      4383.0   ms
success		1       53      2       25      2       0       12704.63  50      4383.0   ms
success		1       54      1       2       1       0       12158.59  49      4383.0   ms
success		1       55      2       43      2       0       12079.78  48      4383.0   ms
success		1       56      1       16      1       0       11906.99  47      4383.0   ms
success		1       57      3       20      3       0       11722.82  46      4383.0   ms
success		1       58      3       29      3       0       11539.26  45      4383.0   ms
success		1       59      3       20      3       0       11332.32  44      4383.0   ms
success		1       60      2       31      2       0       10990.12  43      4383.0   ms
success		1       61      2       12      2       0       10740.08  42      4383.0   ms
success		1       62      2       34      2       0       10290.31  41      4383.0   ms
success		1       63      3       22      3       0       10177.24  40      4383.0   ms
success		1       64      2       7       2       0       10205.77  39      4383.0   ms
success		1       65      2       35      2       0       10035.31  38      4383.0   ms
success		1       66      1       24      1       0       9828.23   37      4383.0   ms
success		1       67      2       7       2       0       9676.24   36      4383.0   ms
success		1       68      4       10      4       0       9653.84   35      4383.0   ms
success		1       69      4       22      4       0       9255.04   34      4383.0   ms
success		1       70      3       10      2       0       11831.55  33      4383.0   ms
success		1       71      4       10      4       0       11358.15  32      4383.0   ms
success		1       72      2       8       2       0       10787.61  31      4383.0   ms
success		1       73      4       3       4       0       10402.97  30      4383.0   ms
success		1       74      4       0       4       0       9778.69   29      4383.0   ms
success		1       75      3       21      3       0       9365.25   28      4383.0   ms
success		1       76      6       0       4       0       9247.10   27      4383.0   ms
success		1       77      6       8       5       0       8662.73   26      4383.0   ms
success		1       78      7       18      5       0       8720.89   25      4383.0   ms
success		1       79      8       10      5       0       7951.87   24      4399.0   ms
success		1       80      6       8       4       0       8205.60   23      4399.0   ms
success		1       81      6       20      4       0       7573.32   22      4399.0   ms
success		1       82      12      6       7       0       7044.52   21      4399.0   ms
success		1       83      9       0       3       0       6858.94   20      4399.0   ms
success		1       84      13      10      6       0       6687.94   19      4414.0   ms
success		1       85      24      7       7       0       6488.83   18      4430.0   ms
success		1       86      37      8       5       0       5937.16   17      4492.0   ms
success		1       87      258     9       7       0       5538.69   16      4929.0   ms
success		1       0       1       26      1       0       24749.25  103     6115.0   ms
success		1       1       1       58      1       0       24655.24  102     6115.0   ms
success		1       2       1       65      1       0       24407.45  101     6115.0   ms
success		1       3       1       76      1       0       23993.62  100     6115.0   ms
success		1       4       1       97      1       0       23598.22  99      6115.0   ms
success		1       5       1       90      1       0       23511.18  98      6115.0   ms
success		1       6       1       67      1       0       23269.39  97      6115.0   ms
success		1       7       1       43      1       0       22979.37  96      6115.0   ms
success		1       8       1       26      1       0       22805.38  95      6115.0   ms
success		1       9       1       43      1       0       22608.21  94      6115.0   ms
success		1       10      2       74      2       0       22476.16  93      6115.0   ms
success		1       11      1       70      1       0       22247.24  92      6115.0   ms
success		1       12      2       61      2       0       22121.58  91      6115.0   ms
success		1       13      1       5       1       0       21984.69  90      6115.0   ms
success		1       14      1       11      1       0       21741.50  89      6115.0   ms
success		1       15      1       56      1       0       21577.47  88      6115.0   ms
success		1       16      1       74      1       0       21173.09  87      6115.0   ms
success		1       17      2       29      2       0       21062.02  86      6115.0   ms
success		1       18      1       82      1       0       20791.50  85      6115.0   ms
success		1       19      1       16      1       0       20679.91  84      6115.0   ms
success		1       20      1       22      1       0       20400.16  83      6115.0   ms
success		1       21      2       11      2       0       20197.64  82      6115.0   ms
success		1       22      1       68      1       0       20007.94  81      6115.0   ms
success		1       23      2       8       2       0       19615.38  80      6115.0   ms
success		1       24      2       10      2       0       19237.09  79      6115.0   ms
success		1       25      3       6       3       0       19060.75  78      6115.0   ms
success		1       26      1       47      1       0       18878.95  77      6115.0   ms
success		1       27      2       1       2       0       18861.62  76      6115.0   ms
success		1       28      1       22      1       0       18654.69  75      6115.0   ms
success		1       29      1       3       1       0       18375.12  74      6115.0   ms
success		1       30      2       53      2       0       18319.71  73      6115.0   ms
success		1       31      1       26      1       0       18045.41  72      6115.0   ms
success		1       32      1       45      1       0       17691.52  71      6115.0   ms
success		1       33      1       54      1       0       17465.00  70      6115.0   ms
success		1       34      2       5       2       0       17285.90  69      6115.0   ms
success		1       35      3       39      3       0       16796.92  68      6115.0   ms
success		1       36      2       3       2       0       16391.21  67      6115.0   ms
success		1       37      2       55      2       0       16319.98  66      6115.0   ms
success		1       38      2       4       2       0       16208.44  65      6115.0   ms
success		1       39      2       20      2       0       15569.69  64      6115.0   ms
success		1       40      1       2       1       0       15542.95  63      6115.0   ms
success		1       41      1       15      1       0       15310.95  62      6115.0   ms
success		1       42      2       22      2       0       14986.65  61      6115.0   ms
success		1       43      1       7       1       0       14812.67  60      6115.0   ms
success		1       44      1       59      1       0       14769.58  59      6115.0   ms
success		1       45      3       26      3       0       14695.11  58      6115.0   ms
success		1       46      1       23      1       0       14468.61  57      6115.0   ms
success		1       47      2       23      2       0       14357.11  56      6115.0   ms
success		1       48      2       34      2       0       14020.80  55      6115.0   ms
success		1       49      3       32      3       0       13480.30  54      6115.0   ms
success		1       50      1       16      1       0       13168.61  53      6115.0   ms
success		1       51      3       31      3       0       12898.64  52      6115.0   ms
success		1       52      2       14      2       0       12927.46  51      6115.0   ms
success		1       53      4       4       4       0       12661.63  50      6115.0   ms
success		1       54      3       35      3       0       12431.23  49      6115.0   ms
success		1       55      2       18      2       0       12256.21  48      6115.0   ms
success		1       56      2       27      2       0       11913.14  47      6115.0   ms
success		1       57      3       36      3       0       11564.32  46      6115.0   ms
success		1       58      3       2       3       0       11406.57  45      6115.0   ms
success		1       59      2       2       2       0       11352.03  44      6115.0   ms
success		1       60      3       10      3       0       11052.69  43      6115.0   ms
success		1       61      2       15      2       0       10813.80  42      6115.0   ms
success		1       62      2       23      2       0       10718.78  41      6115.0   ms
success		1       63      2       7       2       0       10641.46  40      6115.0   ms
success		1       64      3       28      3       0       10420.31  39      6115.0   ms
success		1       65      2       20      2       0       10377.79  38      6115.0   ms
success		1       66      3       37      3       0       9941.64   37      6115.0   ms
success		1       67      3       36      3       0       9390.01   36      6115.0   ms
success		1       68      2       15      2       0       9121.74   35      6115.0   ms
success		1       69      2       28      2       0       8898.89   34      6115.0   ms
success		1       70      4       29      3       0       9910.76   32      6115.0   ms
success		1       71      4       25      4       0       9729.87   31      6115.0   ms
success		1       72      4       24      4       0       9369.97   30      6115.0   ms
success		1       73      4       24      4       0       8982.21   29      6115.0   ms
success		1       74      6       5       4       0       9438.23   28      6130.0   ms
success		1       75      3       17      3       0       9050.53   27      6130.0   ms
success		1       76      8       8       6       0       8345.98   26      6130.0   ms
success		1       77      4       0       4       0       8323.04   25      6130.0   ms
success		1       78      8       11      5       0       8272.48   24      6130.0   ms
success		1       79      14      0       5       0       7457.70   23      6130.0   ms
success		1       80      4       18      3       0       7330.48   22      6130.0   ms
success		1       81      11      17      6       0       7626.87   21      6146.0   ms
success		1       82      17      2       4       0       7129.65   20      6162.0   ms
success		1       83      10      8       4       0       6917.39   19      6162.0   ms
success		1       84      44      15      7       0       6370.83   18      6208.0   ms
success		1       85      68      15      5       0       5840.62   17      6286.0   ms
success		1       86      45      10      4       0       5374.73   16      6349.0   ms
success		1       87      381     3       8       0       5334.87   15      7051.0   ms
success		1       0       1       77      1       0       24783.79  103     8455.0   ms
success		1       1       1       75      1       0       24694.15  102     8455.0   ms
success		1       2       1       48      1       0       24264.13  101     8455.0   ms
success		1       3       1       55      1       0       24118.96  100     8455.0   ms
success		1       4       1       38      1       0       23901.68  99      8455.0   ms
success		1       5       1       21      1       0       23712.17  98      8455.0   ms
success		1       6       1       82      1       0       23496.09  97      8455.0   ms
success		1       7       1       36      1       0       23154.17  96      8455.0   ms
success		1       8       1       22      1       0       22975.57  95      8455.0   ms
success		1       9       1       51      1       0       22534.47  94      8455.0   ms
success		1       10      1       88      1       0       22172.89  93      8455.0   ms
success		1       11      1       49      1       0       21690.57  92      8455.0   ms
success		1       12      1       35      1       0       21365.25  91      8455.0   ms
success		1       13      1       79      1       0       21124.17  90      8455.0   ms
success		1       14      1       19      1       0       21047.82  89      8455.0   ms
success		1       15      1       82      1       0       20774.15  88      8455.0   ms
success		1       16      1       29      1       0       20684.67  87      8455.0   ms
success		1       17      1       64      1       0       20571.14  86      8455.0   ms
success		1       18      1       70      1       0       20131.68  85      8455.0   ms
success		1       19      1       40      1       0       20002.79  84      8455.0   ms
success		1       20      1       25      1       0       19719.52  83      8455.0   ms
success		1       21      1       75      1       0       19639.90  82      8455.0   ms
success		1       22      1       42      1       0       19354.18  81      8455.0   ms
success		1       23      2       49      2       0       19336.30  80      8455.0   ms
success		1       24      1       44      1       0       19030.24  79      8455.0   ms
success		1       25      1       15      1       0       18796.13  78      8455.0   ms
success		1       26      2       41      2       0       18733.59  77      8455.0   ms
success		1       27      1       65      1       0       18473.13  76      8455.0   ms
success		1       28      1       18      1       0       18174.60  75      8455.0   ms
success		1       29      1       54      1       0       17954.26  74      8455.0   ms
success		1       30      1       66      1       0       17651.06  73      8455.0   ms
success		1       31      1       67      1       0       17417.47  72      8455.0   ms
success		1       32      2       71      2       0       17335.74  71      8455.0   ms
success		1       33      2       66      2       0       17146.92  70      8455.0   ms
success		1       34      2       37      2       0       16972.14  69      8455.0   ms
success		1       35      1       54      1       0       16723.00  68      8455.0   ms
success		1       36      2       45      2       0       16664.11  67      8455.0   ms
success		1       37      1       10      1       0       16524.46  66      8455.0   ms
success		1       38      1       27      1       0       16254.08  65      8470.0   ms
success		1       39      1       2       1       0       15827.71  64      8470.0   ms
success		1       40      2       7       2       0       15808.32  63      8470.0   ms
success		1       41      1       20      1       0       15737.52  62      8470.0   ms
success		1       42      3       5       3       0       15438.80  61      8470.0   ms
success		1       43      2       37      2       0       15327.52  60      8470.0   ms
success		1       44      1       18      1       0       15030.11  59      8470.0   ms
success		1       45      2       44      2       0       14773.47  58      8470.0   ms
success		1       46      1       45      1       0       14356.45  57      8470.0   ms
success		1       47      1       29      1       0       14164.10  56      8470.0   ms
success		1       48      2       36      2       0       13930.18  55      8470.0   ms
success		1       49      1       12      1       0       13763.39  54      8470.0   ms
success		1       50      2       33      2       0       13608.18  53      8470.0   ms
success		1       51      2       38      2       0       13411.57  52      8470.0   ms
success		1       52      4       42      4       0       13000.34  51      8470.0   ms
success		1       53      3       9       3       0       12706.33  50      8470.0   ms
success		1       54      2       5       2       0       12312.92  49      8470.0   ms
success		1       55      1       5       1       0       12094.96  48      8470.0   ms
success		1       56      2       6       2       0       11698.78  47      8470.0   ms
success		1       57      3       32      3       0       11409.39  46      8470.0   ms
success		1       58      4       23      4       0       11299.30  45      8470.0   ms
success		1       59      2       23      2       0       11093.15  44      8470.0   ms
success		1       60      2       14      2       0       10713.17  43      8470.0   ms
success		1       61      3       38      3       0       10652.42  42      8470.0   ms
success		1       62      2       17      2       0       10251.84  41      8470.0   ms
success		1       63      5       29      5       0       9936.10   40      8470.0   ms
success		1       64      2       30      2       0       9902.63   39      8470.0   ms
success		1       65      2       8       2       0       9610.80   38      8470.0   ms
success		1       66      2       9       2       0       9313.71   37      8470.0   ms
success		1       67      4       29      4       0       9263.39   36      8470.0   ms
success		1       68      4       20      4       0       9127.77   35      8470.0   ms
success		1       69      1       11      1       0       8872.27   34      8470.0   ms
success		1       70      3       17      3       0       8815.30   33      8470.0   ms
success		1       71      4       18      4       0       8675.83   32      8470.0   ms
success		1       72      3       4       3       0       8313.02   31      8470.0   ms
success		1       73      4       25      4       0       8219.68   30      8470.0   ms
success		1       74      3       3       3       0       8227.78   29      8470.0   ms
success		1       75      2       8       2       0       8075.02   28      8470.0   ms
success		1       76      3       9       2       0       9673.73   27      8470.0   ms
success		1       77      3       3       3       0       9162.21   26      8470.0   ms
success		1       78      5       9       5       0       8385.61   25      8470.0   ms
success		1       79      6       11      5       0       7703.86   24      8470.0   ms
success		1       80      10      17      6       0       7892.67   23      8470.0   ms
success		1       81      6       2       4       0       7342.90   22      8470.0   ms
success		1       82      8       19      5       0       6968.89   21      8470.0   ms
success		1       83      20      13      4       0       6984.32   20      8486.0   ms
success		1       84      12      7       4       0       6466.35   19      8502.0   ms
success		1       85      40      10      6       0       6045.85   18      8548.0   ms
success		1       86      28      0       7       0       5972.15   17      8580.0   ms
success		1       87      141     13      6       0       5245.47   16      8814.0   ms
success		1       88      317     0       5       0       5272.80   15      9344.0   ms
success		1       0       1       90      1       0       24738.31  103     10327.0  ms
success		1       1       1       68      1       0       24596.79  102     10327.0  ms
success		1       2       1       5       1       0       24424.91  101     10327.0  ms
success		1       3       1       14      1       0       23957.22  100     10327.0  ms
success		1       4       1       59      1       0       23836.29  99      10327.0  ms
success		1       5       1       34      1       0       23590.02  98      10327.0  ms
success		1       6       1       44      1       0       23400.45  97      10327.0  ms
success		1       7       1       16      1       0       23283.18  96      10327.0  ms
success		1       8       1       10      1       0       23131.69  95      10327.0  ms
success		1       9       1       2       1       0       22824.68  94      10327.0  ms
success		1       10      1       5       1       0       22667.56  93      10327.0  ms
success		1       11      1       85      1       0       22497.71  92      10327.0  ms
success		1       12      1       48      1       0       22340.38  91      10327.0  ms
success		1       13      2       12      2       0       22035.83  90      10327.0  ms
success		1       14      1       50      1       0       21836.63  89      10327.0  ms
success		1       15      2       62      2       0       21603.99  88      10327.0  ms
success		1       16      1       58      1       0       21515.72  87      10327.0  ms
success		1       17      2       25      2       0       21312.82  86      10327.0  ms
success		1       18      1       27      1       0       21017.09  85      10327.0  ms
success		1       19      1       6       1       0       20824.12  84      10327.0  ms
success		1       20      1       20      1       0       20665.27  83      10327.0  ms
success		1       21      1       80      1       0       20183.02  82      10327.0  ms
success		1       22      2       37      2       0       19970.23  81      10327.0  ms
success		1       23      1       52      1       0       19765.28  80      10327.0  ms
success		1       24      2       37      2       0       19419.31  79      10327.0  ms
success		1       25      1       32      1       0       18810.70  78      10327.0  ms
success		1       26      1       46      1       0       18537.39  77      10327.0  ms
success		1       27      1       72      1       0       18218.20  76      10327.0  ms
success		1       28      2       59      2       0       17959.85  75      10327.0  ms
success		1       29      1       6       1       0       17810.53  74      10327.0  ms
success		1       30      2       32      2       0       17471.20  73      10327.0  ms
success		1       31      2       59      2       0       17133.29  72      10327.0  ms
success		1       32      2       4       2       0       16786.13  71      10327.0  ms
success		1       33      3       0       3       0       16578.42  70      10327.0  ms
success		1       34      1       64      1       0       16334.62  69      10327.0  ms
success		1       35      1       24      1       0       15883.78  68      10327.0  ms
success		1       36      2       39      2       0       15816.78  67      10327.0  ms
success		1       37      1       26      1       0       15533.95  66      10327.0  ms
success		1       38      1       56      1       0       15352.73  65      10327.0  ms
success		1       39      2       17      2       0       15276.41  64      10327.0  ms
success		1       40      1       38      1       0       14736.51  63      10327.0  ms
success		1       41      1       20      1       0       14505.92  62      10327.0  ms
success		1       42      3       21      3       0       14560.97  61      10342.0  ms
success		1       43      3       27      3       0       14355.55  60      10342.0  ms
success		1       44      1       28      1       0       13992.13  59      10342.0  ms
success		1       45      2       15      2       0       13884.81  58      10342.0  ms
success		1       46      2       41      2       0       13600.04  57      10342.0  ms
success		1       47      2       49      2       0       13175.62  56      10342.0  ms
success		1       48      1       3       1       0       12997.94  55      10342.0  ms
success		1       49      2       27      2       0       12830.74  54      10342.0  ms
success		1       50      2       1       2       0       12837.38  53      10342.0  ms
success		1       51      1       16      1       0       12677.35  52      10342.0  ms
success		1       52      1       38      1       0       12610.58  51      10342.0  ms
success		1       53      3       19      3       0       12519.96  50      10342.0  ms
success		1       54      2       46      2       0       11930.78  49      10342.0  ms
success		1       55      2       16      2       0       11719.77  48      10342.0  ms
success		1       56      1       30      1       0       11741.38  47      10342.0  ms
success		1       57      4       42      4       0       11560.80  46      10342.0  ms
success		1       58      3       44      3       0       11334.99  45      10342.0  ms
success		1       59      1       24      1       0       11152.01  44      10342.0  ms
success		1       60      3       0       3       0       10981.24  43      10342.0  ms
success		1       61      2       24      2       0       10801.14  42      10342.0  ms
success		1       62      3       26      3       0       10112.66  41      10342.0  ms
success		1       63      1       24      1       0       9843.03   40      10342.0  ms
success		1       64      2       3       2       0       9625.88   39      10342.0  ms
success		1       65      3       2       3       0       9486.77   38      10342.0  ms
success		1       66      4       8       4       0       9269.46   37      10342.0  ms
success		1       67      3       14      3       0       9099.65   36      10342.0  ms
success		1       68      2       13      2       0       8901.86   35      10342.0  ms
success		1       69      2       0       2       0       8596.27   34      10342.0  ms
success		1       70      5       32      5       0       8551.72   33      10342.0  ms
success		1       71      3       12      3       0       8622.72   32      10342.0  ms
success		1       72      4       27      4       0       8270.34   31      10342.0  ms
success		1       73      4       2       4       0       8104.11   30      10342.0  ms
success		1       74      5       25      5       0       8009.41   29      10342.0  ms
success		1       75      6       2       4       0       9465.16   28      10342.0  ms
success		1       76      5       9       4       0       8763.58   27      10342.0  ms
success		1       77      6       6       4       0       8281.57   25      10342.0  ms
success		1       78      3       4       3       0       7771.80   24      10342.0  ms
success		1       79      2       3       2       0       7619.45   23      10342.0  ms
success		1       80      6       20      5       0       7620.80   22      10342.0  ms
success		1       81      8       21      4       0       6776.58   21      10358.0  ms
success		1       82      8       18      4       0       7027.65   20      10358.0  ms
success		1       83      21      11      6       0       6646.51   19      10358.0  ms
success		1       84      23      0       6       0       6428.61   18      10389.0  ms
success		1       85      84      16      5       0       5969.68   17      10514.0  ms
success		1       86      126     13      6       0       5640.84   16      10732.0  ms
success		1       87      200     9       7       0       5249.71   15      11091.0  ms
cross iterater0
rand   	success		5083.92   4889.98   15      13306.0  ms cross
rand   	success		4841.22   5182.20   15      14055.0  ms cross
ab
ab7	0
fail		5310.51   5637.42   16      15490.0  ms
fail		5083.92   5507.36   15      17019.0  ms
cross iterater1
rand   	success		5084.38   5490.66   16      17596.0  ms cross
rand   	fail		5111.23   5317.09   16      18829.0  ms cross
ab
fail		4895.47   5372.40   16      20201.0  ms
cross iterater2
ab
ab6	1
cross iterater3
rand   	fail		5297.11   5554.01   16      21590.0  ms cross
rand   	success		5028.57   5886.32   16      21964.0  ms cross
ab
ab6	4
ab7	1
cross iterater4
rand   	success		5161.51   5328.57   16      22089.0  ms cross
rand   	success		5237.06   6376.08   16      22182.0  ms cross
ab
ab6	4
fail		5283.31   5783.90   16      23540.0  ms
fail		5161.51   5688.93   16      24772.0  ms
cross iterater5
rand   	success		4765.42   5414.08   16      24772.0  ms cross
rand   	success		5190.91   5657.23   16      24897.0  ms cross
ab
ab6	3
ab7	2
success		4821.33   5272.15   15      25224.0  ms
cross iterater6
rand   	success		4611.81   5180.06   15      25958.0  ms cross
rand   	success		5149.15   5998.72   16      26004.0  ms cross
ab
ab7	4
ab6	0
fail		4611.81   5469.37   15      27627.0  ms
cross iterater7
rand   	success		4996.45   5636.84   16      27705.0  ms cross
rand   	success		4878.84   5093.91   15      28563.0  ms cross
ab
ab7	3
ab6	2
fail		4821.33   5276.58   15      29608.0  ms
cross iterater8
rand   	fail		5051.86   5618.17   16      30715.0  ms cross
rand   	success		5232.27   5756.47   16      30934.0  ms cross
ab
ab7	3
ab6	0
fail		4802.37   5655.24   16      31807.0  ms
fail		4596.08   5210.36   15      32665.0  ms
fail		4911.58   5310.65   15      34257.0  ms
cross iterater9
rand   	success		5009.77   5138.61   15      34693.0  ms cross
rand   	fail		5109.59   5595.17   16      35832.0  ms cross
ab
ab7	0
cross iterater10
ab
ab6	2
ab7	5
fail		4596.08   5210.36   15      37704.0  ms
cross iterater11
rand   	success		5009.85   4955.41   15      39108.0  ms cross
rand   	success		4880.37   5269.85   15      40356.0  ms cross
ab
cross iterater12
rand   	
rand   	success		4968.05   5516.89   15      42696.0  ms cross
ab
ab7	1
ab6	5
fail		4596.08   5210.36   15      44412.0  ms
cross iterater13
rand   	success		5093.21   5238.25   15      44880.0  ms cross
rand   	success		5185.28   5268.54   15      46378.0  ms cross
ab
ab7	2
fail		4866.42   5406.56   15      48109.0  ms
fail		4957.16   5311.73   15      49638.0  ms
cross iterater14
rand   	success		4878.97   4995.63   15      49794.0  ms cross
rand   	success		4926.59   5691.13   15      50153.0  ms cross
ab
ab6	3
fail		4785.10   5315.65   15      52227.0  ms
fail		4878.97   5393.96   15      53975.0  ms
fail		5185.28   5663.03   15      55956.0  ms
fail		4596.08   5210.36   15      57469.0  ms
fail		4957.16   5311.73   15      59013.0  ms
cross iterater15
ab
ab6	3
fail		4907.17   5363.63   15      60511.0  ms
cross iterater16
rand   	
rand   	
ab
ab6	2
ab7	0
fail		4596.08   5210.36   15      65674.0  ms
cross iterater17
rand   	success		4743.14   5306.70   15      66860.0  ms cross
rand   	success		4991.91   5377.02   15      68373.0  ms cross
ab
ab6	2
fail		4801.60   5330.65   15      70120.0  ms
cross iterater18
ab
ab6	2
fail		4933.35   5543.23   15      71914.0  ms
fail		4743.14   5347.82   15      73505.0  ms
cross iterater19
ab
ab6	1
fail		4727.91   5322.95   15      74909.0  ms
fail		4596.08   5210.36   15      76641.0  ms
cross iterater20
ab
ab7	3
ab6	2
fail		4957.16   5311.73   15      78092.0  ms
cross iterater21
ab
ab7	2
cross iterater22
rand   	success		4643.75   5220.93   15      78092.0  ms cross
rand   	fail		4862.92   5183.46   15      79761.0  ms cross
ab
ab7	5
fail		4570.08   5309.52   15      81368.0  ms
cross iterater23
rand   	success		5004.65   5076.92   15      82647.0  ms cross
rand   	success		5002.85   5186.30   15      83692.0  ms cross
ab
ab6	5
fail		5002.85   5236.89   15      85049.0  ms
fail		4487.86   5208.36   15      86500.0  ms
fail		4675.24   5407.93   15      88076.0  ms
cross iterater24
ab
ab6	3
fail		5068.24   5470.95   15      89558.0  ms
fail		5002.85   5236.89   15      91024.0  ms
cross iterater25
rand   	fail		5178.28   5641.31   16      92241.0  ms cross
rand   	success		4925.55   5424.76   15      92241.0  ms cross
ab
ab7	1
cross iterater26
rand   	fail		4993.00   5523.77   16      93832.0  ms cross
rand   	fail		4873.32   5361.10   16      95220.0  ms cross
ab
ab7	5
ab6	3
fail		4929.96   5477.34   15      97529.0  ms
cross iterater27
rand   	success		4683.86   5254.55   15      97841.0  ms cross
rand   	fail		5182.80   5580.53   16      99479.0  ms cross
ab
ab7	4
ab6	0
fail		4967.57   5457.15   15      100883.0 ms
cross iterater28
rand   	success		4492.77   4848.47   15      100961.0 ms cross
rand   	
ab
ab7	4
fail		4910.28   5514.30   15      103660.0 ms
cross iterater29
ab
ab6	3
ab7	5
fail		4508.97   5326.04   15      105781.0 ms
cross iterater30
ab
ab7	0
fail		4838.86   5433.38   15      107123.0 ms
fail		4683.86   5274.80   15      108932.0 ms
fail		4820.02   5262.99   15      110726.0 ms
cross iterater31
rand   	fail		5086.81   5610.18   16      112380.0 ms cross
rand   	success		4815.02   4641.36   15      112848.0 ms cross
ab
ab6	0
fail		4835.03   5463.56   15      114470.0 ms
cross iterater32
rand   	fail		5034.98   5657.74   16      115640.0 ms cross
rand   	
ab
ab7	4
ab6	1
fail		4880.86   5221.89   15      118869.0 ms
fail		4819.92   5345.44   15      120367.0 ms
fail		4658.63   5165.90   15      122052.0 ms
fail		4492.77   5126.27   15      123347.0 ms
cross iterater33
rand   	success		5213.43   5051.36   15      123861.0 ms cross
rand   	fail		5107.44   5504.63   16      125234.0 ms cross
ab
ab6	1
fail		4658.63   5165.90   15      126763.0 ms
cross iterater34
rand   	success		4708.45   5258.45   15      127246.0 ms cross
rand   	success		4929.68   5513.35   15      127714.0 ms cross
ab
ab6	5
ab7	1
fail		4658.63   5165.90   15      129883.0 ms
fail		4492.77   5126.27   15      131224.0 ms
cross iterater35
rand   	success		4830.01   5345.96   15      131271.0 ms cross
rand   	fail		5064.48   5737.84   16      133003.0 ms cross
ab
ab6	0
ab7	2
cross iterater36
rand   	success		4977.79   5778.91   15      134173.0 ms cross
rand   	fail		5064.63   5655.43   16      135483.0 ms cross
ab
ab6	3
ab7	0
cross iterater37
rand   	success		4889.77   5264.00   15      136825.0 ms cross
rand   	success		4845.91   5469.88   15      137932.0 ms cross
ab
ab6	3
ab7	4
fail		4777.30   5194.36   15      139820.0 ms
fail		4880.86   5221.89   15      141255.0 ms
cross iterater38
rand   	success		4958.36   5286.88   15      141598.0 ms cross
rand   	success		5000.99   5253.02   15      141598.0 ms cross
ab
ab6	1
ab7	4
fail		4798.62   5301.26   15      142971.0 ms
cross iterater39
rand   	success		4869.59   5192.87   15      142971.0 ms cross
rand   	fail		5273.07   5692.52   16      144547.0 ms cross
ab
ab6	4
ab7	1
fail		4880.86   5221.89   15      146184.0 ms
fail		4844.33   5474.88   15      148025.0 ms
cross iterater40
rand   	
rand   	
ab
ab6	3
ab7	4
fail		4800.82   5197.32   15      152799.0 ms
cross iterater41
rand   	
rand   	
ab
ab6	0
ab7	3
fail		4943.89   5450.45   15      156808.0 ms
cross iterater42
ab
ab6	5
ab7	3
fail		4739.11   5264.46   15      158103.0 ms
cross iterater43
rand   	fail		5140.11   5868.85   16      160365.0 ms cross
rand   	success		4741.01   5115.85   15      162081.0 ms cross
ab
ab6	3
ab7	0
fail		5080.03   5410.26   15      163921.0 ms
cross iterater44
rand   	success		4883.40   5260.23   15      164249.0 ms cross
rand   	success		4988.26   5300.15   15      165575.0 ms cross
ab
ab6	1
ab7	4
fail		4751.06   5121.18   15      167416.0 ms
cross iterater45
rand   	success		4930.89   5262.36   15      168773.0 ms cross
rand   	success		4727.18   5008.47   15      168773.0 ms cross
ab
ab7	4
fail		4800.82   5197.32   15      170536.0 ms
fail		4751.06   5121.18   15      172252.0 ms
cross iterater46
rand   	fail		5134.16   5908.28   16      173531.0 ms cross
rand   	success		4768.41   4955.39   15      174248.0 ms cross
ab
ab7	3
fail		4800.82   5197.32   15      175933.0 ms
fail		4768.41   5249.28   15      177649.0 ms
cross iterater47
rand   	success		4795.41   5042.43   15      178445.0 ms cross
rand   	fail		5085.88   5589.91   16      179583.0 ms cross
ab
ab7	5
cross iterater48
rand   	success		4787.05   5341.80   15      179615.0 ms cross
rand   	success		5127.07   4973.62   15      179989.0 ms cross
ab
ab6	4
ab7	0
fail		4971.70   5373.58   15      181767.0 ms
cross iterater49
rand   	fail		4679.50   5443.47   15      183608.0 ms cross
rand   	success		5071.98   5011.51   15      184794.0 ms cross
ab
ab7	5
fail		5071.98   5306.62   15      186510.0 ms
cross iterater50
rand   	fail		4965.69   5607.84   16      187758.0 ms cross
rand   	fail		4871.40   5500.41   16      189021.0 ms cross
ab
ab7	2
ab6	4
cross iterater51
ab
ab7	4
cross iterater52
rand   	success		5010.82   5222.22   15      189037.0 ms cross
rand   	success		4865.96   5072.26   15      190004.0 ms cross
ab
ab7	0
cross iterater53
ab
ab7	4
fail		4739.57   5237.99   15      191533.0 ms
cross iterater54
rand   	fail		5005.01   5595.81   16      192812.0 ms cross
rand   	success		4928.23   5454.26   15      193842.0 ms cross
ab
ab7	2
ab6	4
fail		4588.66   5335.79   15      195402.0 ms
cross iterater55
rand   	fail		5006.25   5819.77   16      196821.0 ms cross
rand   	success		4724.06   5059.00   15      197305.0 ms cross
ab
ab7	5
cross iterater56
rand   	success		4869.45   4975.04   15      197305.0 ms cross
rand   	success		4702.43   5281.10   15      197305.0 ms cross
ab
ab7	4
fail		5246.84   5589.74   15      198833.0 ms
fail		4869.45   5236.06   15      200674.0 ms
fail		4733.06   5267.48   15      202047.0 ms
cross iterater57
rand   	success		4723.86   5466.64   15      202250.0 ms cross
rand   	fail		4841.99   5440.16   16      203701.0 ms cross
ab
ab7	3
fail		5060.78   5595.81   15      205292.0 ms
fail		4723.86   5343.54   15      207101.0 ms
cross iterater58
rand   	success		4890.92   5303.90   15      207694.0 ms cross
rand   	fail		5005.49   5520.95   16      209114.0 ms cross
ab
ab7	3
cross iterater59
rand   	success		4854.63   5356.04   15      210065.0 ms cross
rand   	success		5018.74   5237.20   15      210408.0 ms cross
ab
ab7	4
ab6	2
fail		4691.22   5194.87   15      212156.0 ms
cross iterater60
rand   	success		4512.99   5262.74   15      212982.0 ms cross
rand   	
ab
ab7	2
fail		4691.22   5194.87   15      216071.0 ms
cross iterater61
rand   	fail		4865.78   5573.62   16      217538.0 ms cross
rand   	fail		4652.47   5388.17   16      219113.0 ms cross
ab
ab7	0
ab6	4
fail		5018.74   5416.36   15      220704.0 ms
cross iterater62
rand   	success		4851.31   5263.79   15      221593.0 ms cross
rand   	fail		4926.41   5585.05   16      223107.0 ms cross
ab
ab6	3
ab7	4
fail		4642.46   5241.41   15      224589.0 ms
cross iterater63
rand   	
rand   	fail		4986.28   5559.80   16      227911.0 ms cross
ab
ab7	5
ab6	4
fail		4524.44   5089.92   15      229612.0 ms
cross iterater64
rand   	fail		5258.37   5922.55   16      231468.0 ms cross
rand   	success		4741.31   5338.76   15      232638.0 ms cross
ab
ab7	1
ab6	3
fail		4562.48   5221.41   15      234526.0 ms
fail		4642.46   5241.41   15      235883.0 ms
cross iterater65
rand   	success		5029.56   4990.64   15      236320.0 ms cross
rand   	success		4722.45   5038.12   15      236335.0 ms cross
ab
ab7	4
cross iterater66
rand   	fail		4881.23   5475.78   16      237833.0 ms cross
rand   	success		4571.16   5351.64   15      238488.0 ms cross
ab
ab7	1
ab6	2
fail		4701.70   5077.87   15      240188.0 ms
fail		4722.45   5083.00   15      241655.0 ms
fail		4562.48   5221.41   15      243324.0 ms
cross iterater67
ab
ab6	4
ab7	2
fail		4694.59   5392.19   15      244728.0 ms
cross iterater68
rand   	success		4926.60   4964.63   15      244759.0 ms cross
rand   	success		4816.16   5029.30   15      244821.0 ms cross
ab
ab7	3
fail		5029.56   5489.85   15      246522.0 ms
cross iterater69
ab
ab6	5
fail		4852.33   5348.38   15      248113.0 ms
cross iterater70
ab
ab6	3
fail		4960.62   5415.02   15      250141.0 ms
fail		5147.32   5607.11   15      251233.0 ms
cross iterater71
rand   	success		4948.91   5365.50   15      251623.0 ms cross
rand   	fail		4560.44   5526.25   16      252637.0 ms cross
ab
ab6	0
cross iterater72
rand   	fail		4793.00   5455.39   16      253417.0 ms cross
rand   	fail		4859.24   5474.26   16      254478.0 ms cross
ab
ab6	1
ab7	4
cross iterater73
rand   	success		4902.57   5212.37   15      254618.0 ms cross
rand   	success		4659.70   5438.45   15      255538.0 ms cross
ab
ab6	1
ab7	4
fail		4648.83   5488.34   15      256381.0 ms
fail		4659.19   5467.41   15      257410.0 ms
fail		4960.62   5415.02   15      258471.0 ms
cross iterater74
rand   	fail		5161.24   5752.57   16      259314.0 ms cross
rand   	fail		5000.35   5538.97   16      260203.0 ms cross
ab
ab7	3
ab6	2
cross iterater75
rand   	success		4892.32   4761.95   15      260889.0 ms cross
rand   	fail		5088.90   5522.29   16      261965.0 ms cross
ab
ab7	3
fail		4719.27   5393.15   15      263120.0 ms
fail		4627.93   5158.73   15      264165.0 ms
fail		4808.63   5450.35   15      265070.0 ms
cross iterater76
rand   	success		4950.53   5466.34   15      265709.0 ms cross
rand   	success		4926.45   5440.75   15      265709.0 ms cross
ab
ab7	3
ab6	2
fail		4515.83   5347.06   15      266708.0 ms
fail		4926.45   5617.98   15      267472.0 ms
cross iterater77
rand   	fail		5096.37   5680.06   16      268424.0 ms cross
rand   	success		4555.88   5075.65   15      268424.0 ms cross
ab
ab7	4
ab6	5
fail		4515.83   5347.06   15      269641.0 ms
cross iterater78
rand   	
rand   	
ab
ab7	5
fail		4917.85   5345.74   15      272963.0 ms
cross iterater79
ab
ab6	2
fail		4555.88   5223.79   15      273650.0 ms
cross iterater80
rand   	fail		4984.55   5597.00   16      274788.0 ms cross
rand   	success		4557.70   5089.42   15      274788.0 ms cross
ab
ab6	5
cross iterater81
rand   	fail		4836.94   5512.61   16      275584.0 ms cross
rand   	success		4538.85   5209.27   15      276068.0 ms cross
ab
ab6	0
fail		5082.96   5464.11   15      276941.0 ms
fail		4917.85   5345.74   15      278064.0 ms
cross iterater82
ab
ab7	0
cross iterater83
rand   	success		4862.03   4918.34   15      278579.0 ms cross
rand   	
ab
ab6	3
fail		4724.87   5361.74   15      280576.0 ms
fail		4515.83   5347.06   15      281481.0 ms
fail		4862.03   5288.34   15      282619.0 ms
cross iterater84
rand   	fail		4686.60   5006.09   15      283493.0 ms cross
rand   	fail		5067.15   5610.54   16      284382.0 ms cross
ab
ab6	0
fail		4527.76   5262.62   15      285178.0 ms
cross iterater85
rand   	success		4601.16   5084.98   15      285864.0 ms cross
rand   	fail		4804.29   5550.75   16      286863.0 ms cross
ab
ab6	3
fail		4849.82   5379.11   15      287923.0 ms
cross iterater86
rand   	fail		5217.08   5635.14   16      288937.0 ms cross
rand   	fail		5271.52   5629.08   16      289998.0 ms cross
ab
ab7	2
ab6	0
fail		4849.82   5379.11   15      291059.0 ms
fail		4776.31   5241.13   15      292057.0 ms
cross iterater87
ab
ab7	0
fail		4886.32   5334.58   15      293009.0 ms
fail		4686.60   5006.09   15      293992.0 ms
cross iterater88
rand   	fail		5003.05   5578.98   16      294943.0 ms cross
rand   	fail		4696.05   5644.90   16      296113.0 ms cross
ab
ab6	1
ab7	2
fail		4776.31   5241.13   15      297018.0 ms
fail		4792.27   5024.75   15      297923.0 ms
cross iterater89
rand   	success		4754.32   5486.81   15      298157.0 ms cross
rand   	success		4972.81   4941.00   15      298328.0 ms cross
ab
ab6	5
ab7	2
fail		4988.94   5422.94   15      299576.0 ms
cross iterater90
rand   	fail		4880.83   5500.77   16      300731.0 ms cross
rand   	fail		5271.63   5730.75   16      301729.0 ms cross
ab
ab6	4
ab7	1
fail		4795.22   5487.22   15      302603.0 ms
cross iterater91
rand   	fail		4869.50   5534.98   16      303757.0 ms cross
rand   	success		4814.06   5465.76   15      303804.0 ms cross
ab
ab6	5
ab7	1
fail		4988.94   5422.94   15      304740.0 ms
fail		4782.46   5273.06   15      305785.0 ms
cross iterater92
rand   	fail		4799.61   5516.30   16      306659.0 ms cross
rand   	fail		5048.27   5822.54   16      307595.0 ms cross
ab
ab6	5
ab7	0
cross iterater93
ab
ab6	3
ab7	2
fail		4906.96   5467.25   15      308515.0 ms
cross iterater94
rand   	
rand   	fail		4891.35   5452.28   16      310231.0 ms cross
ab
ab6	4
ab7	0
fail		4820.86   5333.22   15      311339.0 ms
cross iterater95
rand   	success		4824.87   5031.76   15      311760.0 ms cross
rand   	success		4902.94   5426.35   15      312072.0 ms cross
ab
fail		4902.94   5372.68   15      313039.0 ms
cross iterater96
rand   	success		4918.54   5395.13   15      313788.0 ms cross
rand   	fail		4823.46   5355.49   16      314661.0 ms cross
ab
ab6	4
fail		4820.86   5333.22   15      315691.0 ms
cross iterater97
rand   	success		4864.26   5341.73   15      315800.0 ms cross
rand   	fail		4780.12   5445.89   16      316674.0 ms cross
ab
ab6	5
fail		5058.70   5403.56   15      317734.0 ms
fail		5148.19   5480.32   15      318811.0 ms
cross iterater98
rand   	success		4712.36   5403.12   15      318811.0 ms cross
rand   	success		5059.72   5275.06   15      319045.0 ms cross
ab
ab6	5
fail		4918.54   5298.27   15      320246.0 ms
fail		4864.26   5420.34   15      321322.0 ms
cross iterater99
rand   	success		4834.64   5297.85   15      321806.0 ms cross
rand   	success		4690.78   5425.30   15      321806.0 ms cross
ab
ab6	1
fail		4824.87   5299.38   15      322820.0 ms

R.size:15

1		196	68	124	136	180	43	3	103	110	116	178	36	
2		172	62	197	138	5	164	35	207	77	25	104	122	73	135	96	120	141	185	
3		28	200	6	49	163	187	150	171	130	79	1	60	8	34	76	175	
4		142	24	48	7	184	167	61	198	201	27	95	145	91	148	83	39	
5		92	182	195	133	16	40	147	161	119	98	206	22	129	208	194	41	174	205	
6		155	89	143	12	59	139	21	29	166	192	66	82	67	64	30	203	
7		162	63	202	149	20	186	26	159	46	181	10	193	2	19	
8		100	37	9	188	160	151	189	128	125	112	52	106	107	70	
9		84	88	176	199	127	118	105	69	191	71	144	11	137	13	
10		152	169	173	45	38	23	114	86	101	50	55	81	157	33	
11		47	14	132	78	42	170	44	90	146	93	
12		131	156	15	179	18	183	102	190	51	111	80	158	154	204	
13		165	85	177	65	168	94	99	53	109	126	
14		4	57	56	108	32	74	31	117	121	115	75	97	
15		54	140	153	72	113	58	134	87	17	123	

data1/pdp200/LRC1_2_9.txt
total_cost 4487.855413

