success		1       0       1       5       1       0       67361.05  100     62.0     ms
success		1       1       1       38      1       0       67407.28  99      78.0     ms
success		1       2       1       57      1       0       67018.95  98      78.0     ms
success		1       3       1       68      1       0       66629.81  97      78.0     ms
success		1       4       1       95      1       0       66517.72  96      78.0     ms
success		1       5       1       12      1       0       66554.01  95      78.0     ms
success		1       6       1       67      1       0       65387.86  94      78.0     ms
success		1       7       1       3       1       0       65208.05  93      78.0     ms
success		1       8       1       14      1       0       64545.33  92      78.0     ms
success		1       9       1       39      1       0       64357.11  91      78.0     ms
success		1       10      1       67      1       0       64310.59  90      78.0     ms
success		1       11      1       11      1       0       63269.24  89      78.0     ms
success		1       12      2       34      2       0       63092.35  88      78.0     ms
success		1       13      1       63      1       0       62847.18  87      78.0     ms
success		1       14      1       20      1       0       62797.30  86      78.0     ms
success		1       15      2       1       2       0       62280.31  85      78.0     ms
success		1       16      2       70      2       0       61759.25  84      78.0     ms
success		1       17      2       57      2       0       61384.64  83      78.0     ms
success		1       18      1       59      1       0       61345.37  82      78.0     ms
success		1       19      1       10      1       0       61293.55  81      78.0     ms
success		1       20      1       56      1       0       60158.25  80      78.0     ms
success		1       21      1       36      1       0       59896.08  79      78.0     ms
success		1       22      2       35      2       0       57814.22  78      78.0     ms
success		1       23      1       2       1       0       56588.24  77      78.0     ms
success		1       24      1       61      1       0       55805.33  76      78.0     ms
success		1       25      1       29      1       0       55784.73  75      78.0     ms
success		1       26      1       12      1       0       55699.65  74      78.0     ms
success		1       27      1       64      1       0       54641.46  73      78.0     ms
success		1       28      1       59      1       0       54573.62  72      78.0     ms
success		1       29      2       66      2       0       53635.40  71      78.0     ms
success		1       30      2       43      2       0       53245.52  70      78.0     ms
success		1       31      1       59      1       0       52214.44  69      93.0     ms
success		1       32      2       45      2       0       52274.63  68      93.0     ms
success		1       33      4       21      4       0       51744.85  67      93.0     ms
success		1       34      2       27      2       0       51575.98  66      93.0     ms
success		1       35      2       43      2       0       51450.96  65      93.0     ms
success		1       36      1       57      1       0       51579.58  64      93.0     ms
success		1       37      4       9       4       0       51314.27  63      93.0     ms
success		1       38      1       5       1       0       51187.05  62      93.0     ms
success		1       39      2       15      2       0       50106.25  61      93.0     ms
success		1       40      3       43      3       0       49719.73  60      93.0     ms
success		1       41      3       28      3       0       48571.77  59      93.0     ms
success		1       42      1       21      1       0       47448.99  58      93.0     ms
success		1       43      1       16      1       0       47312.17  57      93.0     ms
success		1       44      3       18      3       0       47452.11  56      93.0     ms
success		1       45      2       25      2       0       47059.38  55      93.0     ms
success		1       46      1       51      1       0       46969.25  54      93.0     ms
success		1       47      1       44      1       0       46762.51  53      93.0     ms
success		1       48      2       10      2       0       46126.35  52      93.0     ms
success		1       49      2       33      2       0       44646.47  51      93.0     ms
success		1       50      2       18      2       0       45161.84  50      93.0     ms
success		1       51      2       11      2       0       44872.56  49      93.0     ms
success		1       52      2       21      2       0       44503.09  48      93.0     ms
success		1       53      2       19      2       0       44418.19  47      93.0     ms
success		1       54      2       45      2       0       44441.97  46      93.0     ms
success		1       55      1       7       1       0       44520.70  45      93.0     ms
success		1       56      1       7       1       0       43737.82  44      93.0     ms
success		1       57      1       7       1       0       43785.86  43      93.0     ms
success		1       58      2       24      2       0       43547.47  42      93.0     ms
success		1       59      5       4       5       0       44390.12  41      93.0     ms
success		1       60      1       29      1       0       42964.83  40      93.0     ms
success		1       61      2       12      2       0       41572.85  39      109.0    ms
success		1       62      1       13      1       0       40089.79  38      109.0    ms
success		1       63      2       29      2       0       39339.28  37      109.0    ms
success		1       64      4       31      4       0       39101.36  36      109.0    ms
success		1       65      3       13      3       0       38278.25  35      109.0    ms
success		1       66      2       8       2       0       36993.25  34      109.0    ms
success		1       67      3       33      3       0       36209.84  33      109.0    ms
success		1       68      2       14      2       0       35850.81  32      109.0    ms
success		1       69      2       22      2       0       34112.51  31      109.0    ms
success		1       70      1       29      1       0       33719.48  30      109.0    ms
success		1       71      4       3       4       0       33238.38  29      109.0    ms
success		1       72      2       4       2       0       32740.93  28      109.0    ms
success		1       73      3       15      3       0       31797.25  27      109.0    ms
success		1       74      3       2       3       0       31088.95  26      109.0    ms
success		1       75      5       23      5       0       30307.48  25      109.0    ms
success		1       76      4       18      4       0       29860.30  24      109.0    ms
success		1       77      5       12      5       0       28771.39  23      109.0    ms
success		1       78      4       14      4       0       27195.97  22      109.0    ms
success		1       79      2       4       2       0       26427.96  21      109.0    ms
success		1       80      6       2       6       0       25000.56  20      109.0    ms
success		1       81      6       8       6       0       24435.25  19      109.0    ms
success		1       82      5       1       5       0       23945.02  18      109.0    ms
success		1       83      7       3       7       0       22553.52  17      109.0    ms
success		1       84      5       5       5       0       21074.99  16      109.0    ms
success		1       85      10      12      10      0       20562.94  15      109.0    ms
success		1       86      11      0       10      0       19883.25  14      125.0    ms
success		1       87      12      12      12      0       18042.39  13      125.0    ms
success		1       88      7       5       7       0       16806.41  12      125.0    ms
success		1       89      9       7       8       0       17446.57  11      125.0    ms
success		1       90      8       5       8       0       15944.59  10      125.0    ms
success		1       91      16      2       8       0       14629.25  9       218.0    ms
success		1       92      15      4       11      0       13562.31  8       296.0    ms
success		1       93      16      1       12      0       11178.54  7       343.0    ms
success		1       94      50      2       14      0       9746.57   6       858.0    ms
success		1       95      114     5       22      0       7953.58   5       2449.0   ms
success		1       0       1       71      1       0       81475.30  100     63709.0  ms
success		1       1       1       61      1       0       81082.22  99      63709.0  ms
success		1       2       1       30      1       0       80942.04  98      63709.0  ms
success		1       3       1       68      1       0       80775.35  97      63709.0  ms
success		1       4       1       58      1       0       80161.18  96      63709.0  ms
success		1       5       1       84      1       0       80017.61  95      63709.0  ms
success		1       6       1       49      1       0       79534.03  94      63709.0  ms
success		1       7       1       56      1       0       78559.01  93      63709.0  ms
success		1       8       2       60      2       0       78397.36  92      63709.0  ms
success		1       9       1       79      1       0       78146.98  91      63709.0  ms
success		1       10      1       8       1       0       76732.13  90      63709.0  ms
success		1       11      1       53      1       0       76064.26  89      63709.0  ms
success		1       12      2       79      2       0       75813.94  88      63709.0  ms
success		1       13      1       12      1       0       75100.32  87      63709.0  ms
success		1       14      2       26      2       0       74563.80  86      63709.0  ms
success		1       15      1       29      1       0       74153.83  85      63725.0  ms
success		1       16      1       25      1       0       73058.03  84      63725.0  ms
success		1       17      2       51      2       0       72564.88  83      63725.0  ms
success		1       18      2       37      2       0       72001.92  82      63725.0  ms
success		1       19      1       34      1       0       71458.48  81      63725.0  ms
success		1       20      1       37      1       0       71136.78  80      63725.0  ms
success		1       21      2       66      2       0       70726.43  79      63725.0  ms
success		1       22      1       9       1       0       70362.00  78      63725.0  ms
success		1       23      2       55      2       0       69136.36  77      63725.0  ms
success		1       24      1       31      1       0       68992.43  76      63725.0  ms
success		1       25      1       48      1       0       68222.19  75      63725.0  ms
success		1       26      2       43      2       0       67992.02  74      63725.0  ms
success		1       27      1       40      1       0       67159.43  73      63725.0  ms
success		1       28      1       23      1       0       66834.02  72      63725.0  ms
success		1       29      1       63      1       0       66597.79  71      63725.0  ms
success		1       30      2       34      2       0       66169.07  70      63725.0  ms
success		1       31      2       53      2       0       65197.76  69      63725.0  ms
success		1       32      1       25      1       0       64356.87  68      63725.0  ms
success		1       33      4       30      4       0       63501.73  67      63725.0  ms
success		1       34      1       10      1       0       63421.00  66      63725.0  ms
success		1       35      1       47      1       0       62795.47  65      63725.0  ms
success		1       36      2       9       2       0       62176.31  64      63725.0  ms
success		1       37      3       52      3       0       61576.03  63      63725.0  ms
success		1       38      1       18      1       0       60982.77  62      63725.0  ms
success		1       39      3       19      3       0       60459.09  61      63725.0  ms
success		1       40      2       33      2       0       59824.53  60      63725.0  ms
success		1       41      1       51      1       0       59320.41  59      63725.0  ms
success		1       42      1       44      1       0       57953.13  58      63725.0  ms
success		1       43      5       50      5       0       56911.68  57      63725.0  ms
success		1       44      4       8       4       0       56675.03  56      63725.0  ms
success		1       45      1       8       1       0       56330.53  55      63725.0  ms
success		1       46      2       32      2       0       55335.39  54      63725.0  ms
success		1       47      1       19      1       0       54964.49  53      63725.0  ms
success		1       48      1       6       1       0       54689.98  52      63725.0  ms
success		1       49      1       42      1       0       54019.04  51      63725.0  ms
success		1       50      3       34      3       0       53601.07  50      63725.0  ms
success		1       51      3       40      3       0       52114.00  49      63725.0  ms
success		1       52      4       11      4       0       51392.51  48      63725.0  ms
success		1       53      1       14      1       0       50298.52  47      63725.0  ms
success		1       54      2       13      2       0       48919.12  46      63725.0  ms
success		1       55      1       34      1       0       48607.35  45      63725.0  ms
success		1       56      2       18      2       0       48396.87  44      63725.0  ms
success		1       57      1       13      1       0       47963.20  43      63725.0  ms
success		1       58      1       23      1       0       47523.49  42      63725.0  ms
success		1       59      3       33      3       0       46160.81  41      63725.0  ms
success		1       60      1       16      1       0       44946.65  40      63725.0  ms
success		1       61      1       27      1       0       43454.55  39      63725.0  ms
success		1       62      2       23      2       0       42650.14  38      63725.0  ms
success		1       63      4       2       4       0       42326.16  37      63725.0  ms
success		1       64      3       11      3       0       41528.55  36      63725.0  ms
success		1       65      5       34      5       0       40082.73  35      63725.0  ms
success		1       66      6       1       6       0       38649.19  34      63725.0  ms
success		1       67      5       22      5       0       38181.85  33      63725.0  ms
success		1       68      3       8       3       0       37959.03  32      63725.0  ms
success		1       69      1       22      1       0       37020.38  31      63725.0  ms
success		1       70      6       27      6       0       36288.42  30      63725.0  ms
success		1       71      1       29      1       0       36054.29  29      63725.0  ms
success		1       72      2       10      2       0       34588.90  28      63725.0  ms
success		1       73      7       8       7       0       33480.31  27      63725.0  ms
success		1       74      3       14      3       0       32299.56  26      63725.0  ms
success		1       75      7       24      7       0       31449.29  25      63725.0  ms
success		1       76      6       16      6       0       30625.96  24      63725.0  ms
success		1       77      5       23      5       0       29309.50  23      63725.0  ms
success		1       78      5       1       5       0       27488.36  22      63725.0  ms
success		1       79      4       12      4       0       27053.87  21      63725.0  ms
success		1       80      5       13      5       0       25904.71  20      63725.0  ms
success		1       81      7       13      7       0       25460.35  19      63725.0  ms
success		1       82      8       11      8       0       24593.69  18      63725.0  ms
success		1       83      6       1       6       0       23277.93  17      63725.0  ms
success		1       84      7       15      7       0       21612.65  16      63725.0  ms
success		1       85      3       7       3       0       20491.67  15      63725.0  ms
success		1       86      3       12      3       0       19523.99  14      63725.0  ms
success		1       87      7       11      7       0       18122.19  13      63725.0  ms
success		1       88      7       7       5       0       18574.72  12      63741.0  ms
success		1       89      8       0       8       0       16555.75  11      63741.0  ms
success		1       90      12      9       7       0       15075.51  10      63756.0  ms
success		1       91      11      2       11      0       13008.77  9       63756.0  ms
success		1       92      17      7       12      0       12572.54  8       63772.0  ms
success		1       93      46      7       13      0       11147.53  7       64209.0  ms
success		1       94      84      1       13      0       9874.99   6       65441.0  ms
success		1       95      1785    1       18      0       7763.12   5       84863.0  ms
success		1       0       1       72      1       0       80531.29  100     139992.0 ms
success		1       1       1       19      1       0       80111.75  99      139992.0 ms
success		1       2       1       69      1       0       79887.89  98      139992.0 ms
success		1       3       1       67      1       0       79807.91  97      139992.0 ms
success		1       4       1       6       1       0       79274.27  96      139992.0 ms
success		1       5       1       66      1       0       78726.84  95      139992.0 ms
success		1       6       1       90      1       0       78456.33  94      139992.0 ms
success		1       7       1       84      1       0       78056.14  93      139992.0 ms
success		1       8       1       60      1       0       77698.92  92      139992.0 ms
success		1       9       1       4       1       0       77224.41  91      139992.0 ms
success		1       10      1       55      1       0       76204.73  90      139992.0 ms
success		1       11      1       72      1       0       75050.86  89      139992.0 ms
success		1       12      1       10      1       0       74964.06  88      139992.0 ms
success		1       13      1       87      1       0       74737.47  87      139992.0 ms
success		1       14      1       20      1       0       74094.87  86      139992.0 ms
success		1       15      1       17      1       0       73725.26  85      139992.0 ms
success		1       16      1       71      1       0       73468.22  84      139992.0 ms
success		1       17      1       49      1       0       72227.98  83      139992.0 ms
success		1       18      1       1       1       0       71417.66  82      139992.0 ms
success		1       19      1       44      1       0       70205.45  81      139992.0 ms
success		1       20      1       31      1       0       69913.18  80      139992.0 ms
success		1       21      1       17      1       0       69319.92  79      139992.0 ms
success		1       22      1       0       1       0       68898.78  78      139992.0 ms
success		1       23      2       64      2       0       68446.66  77      139992.0 ms
success		1       24      1       57      1       0       67751.80  76      139992.0 ms
success		1       25      2       51      2       0       68227.74  75      139992.0 ms
success		1       26      1       18      1       0       67261.48  74      139992.0 ms
success		1       27      1       20      1       0       67166.03  73      139992.0 ms
success		1       28      1       43      1       0       66708.27  72      139992.0 ms
success		1       29      1       40      1       0       66030.03  71      139992.0 ms
success		1       30      1       30      1       0       64675.25  70      139992.0 ms
success		1       31      1       53      1       0       63525.55  69      139992.0 ms
success		1       32      1       63      1       0       63237.56  68      139992.0 ms
success		1       33      1       42      1       0       61983.76  67      139992.0 ms
success		1       34      2       52      2       0       60682.22  66      139992.0 ms
success		1       35      1       4       1       0       59253.77  65      139992.0 ms
success		1       36      2       57      2       0       59045.51  64      139992.0 ms
success		1       37      2       0       2       0       58015.45  63      139992.0 ms
success		1       38      1       13      1       0       57902.37  62      139992.0 ms
success		1       39      2       33      2       0       56692.45  61      139992.0 ms
success		1       40      1       21      1       0       55447.88  60      140008.0 ms
success		1       41      1       18      1       0       54711.46  59      140008.0 ms
success		1       42      2       42      2       0       54445.65  58      140008.0 ms
success		1       43      1       20      1       0       53222.01  57      140008.0 ms
success		1       44      1       26      1       0       52863.39  56      140008.0 ms
success		1       45      1       16      1       0       52378.63  55      140008.0 ms
success		1       46      1       36      1       0       51992.09  54      140008.0 ms
success		1       47      1       44      1       0       50921.20  53      140008.0 ms
success		1       48      3       17      3       0       49716.78  52      140008.0 ms
success		1       49      1       5       1       0       49330.62  51      140008.0 ms
success		1       50      2       20      2       0       48623.97  50      140008.0 ms
success		1       51      1       36      1       0       48216.48  49      140008.0 ms
success		1       52      2       30      2       0       47557.99  48      140008.0 ms
success		1       53      1       5       1       0       46984.60  47      140008.0 ms
success		1       54      3       34      3       0       46527.28  46      140008.0 ms
success		1       55      1       40      1       0       46204.80  45      140008.0 ms
success		1       56      2       11      2       0       45917.77  44      140008.0 ms
success		1       57      1       6       1       0       45545.84  43      140008.0 ms
success		1       58      3       19      3       0       45190.76  42      140008.0 ms
success		1       59      1       26      1       0       44586.35  41      140008.0 ms
success		1       60      3       25      3       0       43868.81  40      140008.0 ms
success		1       61      3       36      3       0       42770.13  39      140008.0 ms
success		1       62      1       21      1       0       42066.47  38      140008.0 ms
success		1       63      2       22      2       0       41589.24  37      140008.0 ms
success		1       64      2       19      2       0       41114.86  36      140008.0 ms
success		1       65      2       14      2       0       39808.72  35      140008.0 ms
success		1       66      1       32      1       0       38190.59  34      140008.0 ms
success		1       67      1       32      1       0       37855.44  33      140008.0 ms
success		1       68      5       4       5       0       37192.85  32      140008.0 ms
success		1       69      5       29      5       0       36408.07  31      140008.0 ms
success		1       70      3       21      3       0       35715.53  30      140008.0 ms
success		1       71      2       4       2       0       35128.65  29      140008.0 ms
success		1       72      2       27      2       0       33305.87  28      140008.0 ms
success		1       73      1       13      1       0       32968.76  27      140008.0 ms
success		1       74      5       13      5       0       32129.75  26      140008.0 ms
success		1       75      2       5       2       0       30731.78  25      140008.0 ms
success		1       76      3       22      3       0       29546.84  24      140008.0 ms
success		1       77      3       23      3       0       29167.38  23      140008.0 ms
success		1       78      6       7       6       0       27525.44  22      140008.0 ms
success		1       79      4       2       4       0       25996.00  21      140008.0 ms
success		1       80      9       11      9       0       25166.81  20      140008.0 ms
success		1       81      4       12      4       0       24072.85  19      140008.0 ms
success		1       82      9       12      9       0       23797.33  18      140008.0 ms
success		1       83      5       0       5       0       22706.79  17      140008.0 ms
success		1       84      5       13      5       0       22066.94  16      140008.0 ms
success		1       85      8       14      8       0       20280.57  15      140008.0 ms
success		1       86      10      13      10      0       19348.33  14      140008.0 ms
success		1       87      8       7       8       0       18735.05  13      140008.0 ms
success		1       88      7       5       7       0       18040.78  12      140008.0 ms
success		1       89      8       0       7       0       16738.94  11      140008.0 ms
success		1       90      16      10      16      0       15177.11  10      140008.0 ms
success		1       91      11      9       10      0       12726.86  9       140024.0 ms
success		1       92      20      7       10      0       12472.65  8       140070.0 ms
success		1       93      26      1       14      0       10478.96  7       140148.0 ms
success		1       94      46      0       10      0       9113.15   6       140554.0 ms
success		1       0       1       84      1       0       81491.77  100     171223.0 ms
success		1       1       1       87      1       0       80823.58  99      171223.0 ms
success		1       2       1       94      1       0       80553.07  98      171223.0 ms
success		1       3       1       48      1       0       80166.89  97      171223.0 ms
success		1       4       1       62      1       0       79655.43  96      171223.0 ms
success		1       5       1       95      1       0       79390.86  95      171223.0 ms
success		1       6       1       16      1       0       78964.44  94      171223.0 ms
success		1       7       1       75      1       0       78116.59  93      171223.0 ms
success		1       8       3       18      3       0       77540.99  92      171223.0 ms
success		1       9       1       89      1       0       76095.84  91      171223.0 ms
success		1       10      1       66      1       0       75989.74  90      171223.0 ms
success		1       11      1       4       1       0       75217.61  89      171223.0 ms
success		1       12      2       70      2       0       74803.71  88      171223.0 ms
success		1       13      1       20      1       0       73614.16  87      171223.0 ms
success		1       14      1       54      1       0       73118.24  86      171223.0 ms
success		1       15      1       21      1       0       72731.94  85      171223.0 ms
success		1       16      2       51      2       0       71926.08  84      171223.0 ms
success		1       17      2       7       2       0       70715.47  83      171223.0 ms
success		1       18      1       50      1       0       69653.31  82      171223.0 ms
success		1       19      2       28      2       0       69274.92  81      171223.0 ms
success		1       20      1       46      1       0       68457.98  80      171223.0 ms
success		1       21      1       78      1       0       68126.90  79      171223.0 ms
success		1       22      1       67      1       0       67062.53  78      171223.0 ms
success		1       23      1       48      1       0       66513.90  77      171223.0 ms
success		1       24      1       54      1       0       66334.69  76      171223.0 ms
success		1       25      1       22      1       0       65635.54  75      171223.0 ms
success		1       26      2       32      2       0       64408.32  74      171223.0 ms
success		1       27      2       24      2       0       62933.40  73      171223.0 ms
success		1       28      2       46      2       0       61911.99  72      171223.0 ms
success		1       29      1       39      1       0       61539.91  71      171223.0 ms
success		1       30      2       70      2       0       61563.20  70      171223.0 ms
success		1       31      1       26      1       0       61032.19  69      171223.0 ms
success		1       32      1       46      1       0       60356.23  68      171223.0 ms
success		1       33      1       13      1       0       60151.31  67      171223.0 ms
success		1       34      2       2       2       0       58995.19  66      171223.0 ms
success		1       35      3       31      3       0       58652.15  65      171223.0 ms
success		1       36      2       55      2       0       58459.52  64      171223.0 ms
success		1       37      1       60      1       0       58095.16  63      171223.0 ms
success		1       38      1       3       1       0       57615.74  62      171223.0 ms
success		1       39      1       43      1       0       57050.80  61      171223.0 ms
success		1       40      1       0       1       0       56818.17  60      171223.0 ms
success		1       41      2       37      2       0       56271.83  59      171223.0 ms
success		1       42      1       28      1       0       56060.12  58      171223.0 ms
success		1       43      2       6       2       0       55636.32  57      171223.0 ms
success		1       44      1       14      1       0       55443.39  56      171223.0 ms
success		1       45      2       24      2       0       54657.62  55      171223.0 ms
success		1       46      2       12      2       0       53724.50  54      171223.0 ms
success		1       47      2       6       2       0       53160.65  53      171223.0 ms
success		1       48      2       31      2       0       53028.72  52      171223.0 ms
success		1       49      2       0       2       0       52456.76  51      171223.0 ms
success		1       50      2       30      2       0       52214.76  50      171223.0 ms
success		1       51      1       19      1       0       51927.21  49      171223.0 ms
success		1       52      3       43      3       0       51569.15  48      171223.0 ms
success		1       53      2       47      2       0       50027.02  47      171223.0 ms
success		1       54      1       32      1       0       48848.24  46      171223.0 ms
success		1       55      1       10      1       0       48712.17  45      171223.0 ms
success		1       56      2       20      2       0       48012.79  44      171223.0 ms
success		1       57      1       29      1       0       47597.15  43      171223.0 ms
success		1       58      4       25      4       0       46909.12  42      171223.0 ms
success		1       59      2       20      2       0       46421.67  41      171223.0 ms
success		1       60      3       32      3       0       45373.32  40      171223.0 ms
success		1       61      1       15      1       0       44813.90  39      171223.0 ms
success		1       62      1       30      1       0       43339.33  38      171223.0 ms
success		1       63      4       19      4       0       43230.30  37      171223.0 ms
success		1       64      2       0       2       0       42793.80  36      171223.0 ms
success		1       65      3       33      3       0       42378.70  35      171223.0 ms
success		1       66      3       0       3       0       41529.45  34      171223.0 ms
success		1       67      2       7       2       0       40934.13  33      171223.0 ms
success		1       68      5       15      5       0       39418.26  32      171223.0 ms
success		1       69      2       31      2       0       38569.15  31      171223.0 ms
success		1       70      3       7       3       0       37359.73  30      171223.0 ms
success		1       71      4       9       4       0       36492.52  29      171223.0 ms
success		1       72      6       22      6       0       35432.51  28      171239.0 ms
success		1       73      6       12      6       0       34448.84  27      171239.0 ms
success		1       74      5       13      5       0       33611.73  26      171239.0 ms
success		1       75      6       7       6       0       32841.15  25      171239.0 ms
success		1       76      6       20      6       0       31875.65  24      171239.0 ms
success		1       77      5       7       5       0       30263.46  23      171239.0 ms
success		1       78      6       19      6       0       29301.12  22      171239.0 ms
success		1       79      3       4       3       0       27557.37  21      171239.0 ms
success		1       80      3       12      3       0       26137.09  20      171239.0 ms
success		1       81      6       1       6       0       25360.54  19      171239.0 ms
success		1       82      6       6       6       0       23453.67  18      171239.0 ms
success		1       83      3       5       3       0       22647.98  17      171239.0 ms
success		1       84      5       0       5       0       22224.63  16      171239.0 ms
success		1       85      4       4       4       0       21653.63  15      171239.0 ms
success		1       86      5       6       5       0       20582.18  14      171239.0 ms
success		1       87      9       1       8       0       19294.63  13      171239.0 ms
success		1       88      12      0       12      0       16964.75  12      171239.0 ms
success		1       89      6       9       5       0       16397.45  11      171239.0 ms
success		1       90      13      1       12      0       15312.50  10      171254.0 ms
success		1       91      10      4       8       0       14343.70  9       171254.0 ms
success		1       92      15      5       11      0       12197.01  8       171286.0 ms
success		1       93      36      2       13      0       11005.17  7       171551.0 ms
success		1       94      46      4       17      0       9485.04   6       171925.0 ms
success		1       95      242     2       14      0       8232.56   5       176200.0 ms
success		1       0       1       95      1       0       81319.68  100     216868.0 ms
success		1       1       1       14      1       0       80762.74  99      216868.0 ms
success		1       2       1       98      1       0       80503.81  98      216868.0 ms
success		1       3       1       19      1       0       80115.75  97      216868.0 ms
success		1       4       1       64      1       0       79593.46  96      216868.0 ms
success		1       5       1       67      1       0       79367.08  95      216868.0 ms
success		1       6       1       12      1       0       79316.35  94      216868.0 ms
success		1       7       1       19      1       0       79113.06  93      216868.0 ms
success		1       8       1       48      1       0       78811.42  92      216868.0 ms
success		1       9       1       60      1       0       77811.33  91      216868.0 ms
success		1       10      1       33      1       0       76119.64  90      216868.0 ms
success		1       11      1       9       1       0       75761.11  89      216868.0 ms
success		1       12      1       67      1       0       75488.95  88      216868.0 ms
success		1       13      1       39      1       0       74772.82  87      216868.0 ms
success		1       14      1       24      1       0       74607.51  86      216884.0 ms
success		1       15      3       21      3       0       74147.83  85      216884.0 ms
success		1       16      1       49      1       0       73620.90  84      216884.0 ms
success		1       17      1       57      1       0       72904.00  83      216884.0 ms
success		1       18      1       64      1       0       72481.20  82      216884.0 ms
success		1       19      1       45      1       0       71333.66  81      216884.0 ms
success		1       20      1       21      1       0       70096.66  80      216884.0 ms
success		1       21      1       71      1       0       68584.93  79      216884.0 ms
success		1       22      1       27      1       0       67302.61  78      216884.0 ms
success		1       23      1       77      1       0       66774.99  77      216884.0 ms
success		1       24      2       0       2       0       65395.56  76      216884.0 ms
success		1       25      1       35      1       0       64949.98  75      216884.0 ms
success		1       26      1       9       1       0       64558.40  74      216884.0 ms
success		1       27      1       9       1       0       63849.13  73      216884.0 ms
success		1       28      1       44      1       0       62069.92  72      216884.0 ms
success		1       29      1       53      1       0       61825.71  71      216884.0 ms
success		1       30      1       12      1       0       60596.73  70      216884.0 ms
success		1       31      1       26      1       0       60380.15  69      216884.0 ms
success		1       32      1       43      1       0       59971.07  68      216884.0 ms
success		1       33      1       51      1       0       58579.95  67      216884.0 ms
success		1       34      1       56      1       0       57265.96  66      216884.0 ms
success		1       35      2       51      2       0       56926.92  65      216884.0 ms
success		1       36      1       19      1       0       56020.56  64      216884.0 ms
success		1       37      1       36      1       0       55486.54  63      216884.0 ms
success		1       38      2       32      2       0       54825.99  62      216884.0 ms
success		1       39      3       45      3       0       53398.27  61      216884.0 ms
success		1       40      3       14      3       0       53564.80  60      216884.0 ms
success		1       41      3       56      3       0       52715.00  59      216884.0 ms
success		1       42      1       39      1       0       52190.54  58      216884.0 ms
success		1       43      1       2       1       0       50743.18  57      216884.0 ms
success		1       44      1       53      1       0       50567.58  56      216884.0 ms
success		1       45      4       22      4       0       50671.54  55      216884.0 ms
success		1       46      3       35      3       0       51235.54  54      216884.0 ms
success		1       47      3       36      3       0       50157.04  53      216884.0 ms
success		1       48      2       7       2       0       49608.86  52      216884.0 ms
success		1       49      1       30      1       0       48933.11  51      216884.0 ms
success		1       50      4       7       4       0       48031.08  50      216884.0 ms
success		1       51      1       41      1       0       47627.54  49      216884.0 ms
success		1       52      4       16      4       0       47024.69  48      216884.0 ms
success		1       53      3       24      3       0       46538.93  47      216884.0 ms
success		1       54      3       30      3       0       46483.73  46      216884.0 ms
success		1       55      1       18      1       0       46428.81  45      216884.0 ms
success		1       56      2       32      2       0       45534.49  44      216884.0 ms
success		1       57      2       38      2       0       44415.36  43      216884.0 ms
success		1       58      3       3       3       0       43982.40  42      216884.0 ms
success		1       59      2       7       2       0       44761.28  41      216884.0 ms
success		1       60      2       3       2       0       44097.94  40      216884.0 ms
success		1       61      1       33      1       0       43025.67  39      216884.0 ms
success		1       62      4       10      4       0       41914.08  38      216884.0 ms
success		1       63      4       33      4       0       41626.58  37      216884.0 ms
success		1       64      3       2       3       0       40098.77  36      216884.0 ms
success		1       65      3       25      3       0       38984.37  35      216884.0 ms
success		1       66      2       11      2       0       38592.58  34      216884.0 ms
success		1       67      4       13      4       0       37579.92  33      216884.0 ms
success		1       68      3       23      3       0       37018.24  32      216884.0 ms
success		1       69      2       16      2       0       35846.70  31      216884.0 ms
success		1       70      4       6       4       0       35096.21  30      216884.0 ms
success		1       71      4       9       4       0       34022.20  29      216884.0 ms
success		1       72      2       22      2       0       33627.81  28      216884.0 ms
success		1       73      4       22      4       0       32761.82  27      216884.0 ms
success		1       74      1       17      1       0       31808.20  26      216884.0 ms
success		1       75      4       7       4       0       31374.74  25      216884.0 ms
success		1       76      6       14      6       0       30723.62  24      216884.0 ms
success		1       77      5       12      5       0       29724.98  23      216884.0 ms
success		1       78      3       15      3       0       28157.48  22      216884.0 ms
success		1       79      6       17      6       0       26696.71  21      216884.0 ms
success		1       80      6       1       6       0       25366.59  20      216884.0 ms
success		1       81      5       0       5       0       24611.75  19      216884.0 ms
success		1       82      5       12      5       0       23641.05  18      216884.0 ms
success		1       83      5       7       5       0       22380.61  17      216884.0 ms
success		1       84      5       16      5       0       21994.61  16      216884.0 ms
success		1       85      7       12      7       0       21103.16  15      216884.0 ms
success		1       86      6       3       6       0       20460.34  14      216884.0 ms
success		1       87      5       0       5       0       19447.12  13      216884.0 ms
success		1       88      8       12      8       0       17566.40  12      216884.0 ms
success		1       89      11      8       11      0       16500.81  11      216884.0 ms
success		1       90      11      7       9       0       15884.52  10      216899.0 ms
success		1       91      10      6       7       0       14164.41  9       216899.0 ms
success		1       92      13      5       11      0       11560.95  8       216915.0 ms
success		1       93      24      3       16      0       10896.42  7       216946.0 ms
success		1       94      35      5       18      0       9210.52   6       217133.0 ms
success		1       95      1011    5       14      0       7714.15   5       230003.0 ms
success		1       0       1       22      1       0       81535.52  100     273464.0 ms
success		1       1       1       65      1       0       81166.98  99      273464.0 ms
success		1       2       1       58      1       0       80538.62  98      273464.0 ms
success		1       3       1       34      1       0       79299.75  97      273464.0 ms
success		1       4       1       37      1       0       78766.75  96      273464.0 ms
success		1       5       1       14      1       0       76641.58  95      273464.0 ms
success		1       6       1       32      1       0       76310.73  94      273464.0 ms
success		1       7       1       80      1       0       75590.68  93      273464.0 ms
success		1       8       1       13      1       0       75224.87  92      273464.0 ms
success		1       9       1       79      1       0       74019.59  91      273464.0 ms
success		1       10      2       66      2       0       73777.63  90      273480.0 ms
success		1       11      1       17      1       0       73312.11  89      273480.0 ms
success		1       12      1       51      1       0       72351.58  88      273480.0 ms
success		1       13      1       50      1       0       72031.89  87      273480.0 ms
success		1       14      1       45      1       0       71447.05  86      273480.0 ms
success		1       15      1       27      1       0       69438.40  85      273480.0 ms
success		1       16      1       59      1       0       68026.50  84      273480.0 ms
success		1       17      1       19      1       0       66574.73  83      273480.0 ms
success		1       18      2       77      2       0       66210.01  82      273480.0 ms
success		1       19      1       74      1       0       66163.01  81      273480.0 ms
success		1       20      1       52      1       0       64852.19  80      273480.0 ms
success		1       21      1       44      1       0       64131.43  79      273480.0 ms
success		1       22      1       18      1       0       63754.42  78      273480.0 ms
success		1       23      1       11      1       0       63524.63  77      273480.0 ms
success		1       24      1       19      1       0       63166.58  76      273480.0 ms
success		1       25      1       27      1       0       63003.42  75      273480.0 ms
success		1       26      1       74      1       0       62747.42  74      273480.0 ms
success		1       27      1       21      1       0       62450.39  73      273480.0 ms
success		1       28      5       67      5       0       61398.43  72      273480.0 ms
success		1       29      1       65      1       0       60217.81  71      273480.0 ms
success		1       30      3       28      3       0       61150.75  70      273480.0 ms
success		1       31      1       61      1       0       60717.84  69      273480.0 ms
success		1       32      1       47      1       0       60412.67  68      273480.0 ms
success		1       33      1       17      1       0       59903.32  67      273480.0 ms
success		1       34      1       33      1       0       58636.34  66      273480.0 ms
success		1       35      1       1       1       0       58021.01  65      273480.0 ms
success		1       36      1       18      1       0       56711.37  64      273480.0 ms
success		1       37      3       44      3       0       56266.68  63      273480.0 ms
success		1       38      2       59      2       0       55884.39  62      273480.0 ms
success		1       39      2       21      2       0       55682.30  61      273480.0 ms
success		1       40      2       38      2       0       55334.18  60      273480.0 ms
success		1       41      1       59      1       0       54784.03  59      273480.0 ms
success		1       42      3       45      3       0       54598.47  58      273480.0 ms
success		1       43      1       33      1       0       53874.31  57      273480.0 ms
success		1       44      2       12      2       0       53339.88  56      273480.0 ms
success		1       45      3       9       3       0       52757.64  55      273480.0 ms
success		1       46      1       39      1       0       52420.94  54      273480.0 ms
success		1       47      2       53      2       0       51901.41  53      273480.0 ms
success		1       48      2       13      2       0       50169.73  52      273480.0 ms
success		1       49      1       40      1       0       49819.80  51      273480.0 ms
success		1       50      2       30      2       0       49446.73  50      273480.0 ms
success		1       51      1       33      1       0       49034.03  49      273480.0 ms
success		1       52      1       24      1       0       48303.30  48      273480.0 ms
success		1       53      1       42      1       0       48248.78  47      273480.0 ms
success		1       54      1       22      1       0       47473.16  46      273480.0 ms
success		1       55      1       29      1       0       46335.95  45      273480.0 ms
success		1       56      2       33      2       0       45562.18  44      273480.0 ms
success		1       57      3       32      3       0       44637.01  43      273480.0 ms
success		1       58      3       9       3       0       44012.50  42      273480.0 ms
success		1       59      2       16      2       0       42899.97  41      273480.0 ms
success		1       60      4       9       4       0       41437.29  40      273480.0 ms
success		1       61      1       35      1       0       40287.67  39      273480.0 ms
success		1       62      3       14      3       0       40088.08  38      273480.0 ms
success		1       63      1       27      1       0       40033.54  37      273480.0 ms
success		1       64      1       9       1       0       39228.71  36      273480.0 ms
success		1       65      1       31      1       0       38747.55  35      273480.0 ms
success		1       66      2       24      2       0       38034.82  34      273480.0 ms
success		1       67      3       13      3       0       37336.62  33      273480.0 ms
success		1       68      2       17      2       0       37151.67  32      273480.0 ms
success		1       69      1       12      1       0       36951.16  31      273480.0 ms
success		1       70      2       26      2       0       36318.40  30      273480.0 ms
success		1       71      3       28      3       0       35128.60  29      273480.0 ms
success		1       72      3       13      3       0       34485.72  28      273480.0 ms
success		1       73      3       5       3       0       34100.51  27      273480.0 ms
success		1       74      4       26      4       0       32510.29  26      273480.0 ms
success		1       75      8       16      8       0       31710.64  25      273480.0 ms
success		1       76      5       7       5       0       30691.25  24      273480.0 ms
success		1       77      6       22      6       0       29259.40  23      273480.0 ms
success		1       78      2       21      2       0       28725.07  22      273480.0 ms
success		1       79      4       8       4       0       27217.93  21      273480.0 ms
success		1       80      6       7       6       0       26507.12  20      273480.0 ms
success		1       81      7       0       7       0       25617.13  19      273480.0 ms
success		1       82      6       5       6       0       24356.22  18      273480.0 ms
success		1       83      7       0       7       0       23410.70  17      273480.0 ms
success		1       84      1       3       1       0       21695.47  16      273480.0 ms
success		1       85      6       4       6       0       19910.68  15      273480.0 ms
success		1       86      6       6       6       0       18449.30  14      273480.0 ms
success		1       87      5       9       5       0       17041.32  13      273480.0 ms
success		1       88      5       10      5       0       16351.90  12      273480.0 ms
success		1       89      9       7       9       0       14946.63  11      273480.0 ms
success		1       90      10      6       8       0       15056.63  10      273496.0 ms
success		1       91      8       5       7       0       13927.21  9       273496.0 ms
success		1       92      18      2       13      0       12693.21  8       273542.0 ms
success		1       93      34      1       14      0       11884.94  7       273776.0 ms
success		1       94      25      1       13      0       9249.88   6       273901.0 ms
success		1       95      891     3       13      0       7987.17   5       289173.0 ms
cross iterater0
rand   	success		6402.96   7772.39   5       361073.0 ms cross
rand   	fail		6147.49   9163.08   6       389059.0 ms cross
ab
ab7	4
ab6	2
fail		6523.45   8076.81   5       432489.0 ms
fail		6402.96   7816.11   5       462144.0 ms
cross iterater1
rand   	success		5962.49   7963.45   5       483422.0 ms cross
rand   	success		6503.38   7534.19   5       488679.0 ms cross
ab
ab7	3
cross iterater2
ab
ab6	5
ab7	2
fail		6265.15   7755.09   5       529129.0 ms
cross iterater3
rand   	success		6132.91   7869.48   5       549815.0 ms cross
rand   	success		6289.51   7786.49   5       589298.0 ms cross
ab
ab6	1
ab7	0
fail		6503.38   7697.23   5       667500.0 ms
cross iterater4
rand   	success		6111.97   7906.61   5       673084.0 ms cross
rand   	success		6511.88   7953.54   5       701492.0 ms cross
ab
ab7	3
ab6	5
fail		6263.51   7806.15   5       743237.0 ms
cross iterater5
rand   	success		6746.09   7993.26   5       744500.0 ms cross
rand   	
ab
ab7	3
ab6	1
fail		6387.76   7735.14   5       867708.0 ms
cross iterater6
ab
ab6	5
cross iterater7
ab
fail		6504.75   7427.41   5       898580.0 ms
cross iterater8
rand   	fail		6512.98   9893.38   6       958623.0 ms cross
rand   	success		6387.49   7972.25   5       976828.0 ms cross
ab
ab6	0
ab7	5
fail		6269.21   7858.99   5       1052503.0 ms
cross iterater9
ab
ab7	0
fail		6359.71   7825.97   5       1094872.0 ms
fail		6504.75   7427.41   5       1126539.0 ms
cross iterater10
rand   	success		6687.68   7507.27   5       1132530.0 ms cross
rand   	success		6680.12   8090.47   5       1157287.0 ms cross
ab
ab7	1
fail		6687.68   7725.28   5       1193587.0 ms
cross iterater11
rand   	success		6515.07   8271.97   5       1221277.0 ms cross
rand   	success		6332.79   7751.23   5       1227689.0 ms cross
ab
ab7	4
fail		6253.85   8133.17   5       1276890.0 ms
cross iterater12
rand   	success		6524.69   7600.92   5       1291726.0 ms cross
rand   	success		6136.79   7816.68   5       1307965.0 ms cross
ab
ab7	4
fail		6524.69   7797.75   5       1331630.0 ms
cross iterater13
ab
ab7	3
fail		6123.77   8078.62   5       1373001.0 ms
cross iterater14
rand   	success		6137.96   7495.16   5       1422998.0 ms cross
rand   	fail		6491.77   8936.92   6       1477036.0 ms cross
ab
ab7	4
fail		6192.96   7907.02   5       1522182.0 ms
fail		6246.70   7969.30   5       1554068.0 ms
cross iterater15
rand   	success		6137.01   7822.92   5       1572569.0 ms cross
rand   	success		6106.84   8224.18   5       1574191.0 ms cross
ab
ab6	5
ab7	3
fail		6174.27   7640.72   5       1609650.0 ms
cross iterater16
rand   	success		6635.82   7924.05   5       1626295.0 ms cross
rand   	success		6075.62   8111.02   5       1637589.0 ms cross
ab
ab6	1
ab7	5
fail		6192.96   7907.02   5       1687883.0 ms
cross iterater17
rand   	success		6394.49   7665.69   5       1692048.0 ms cross
rand   	success		6609.98   7827.67   5       1702656.0 ms cross
ab
ab6	2
ab7	3
cross iterater18
rand   	success		6199.18   7814.29   5       1706961.0 ms cross
rand   	success		6236.93   7973.42   5       1710565.0 ms cross
ab
ab6	5
ab7	0
cross iterater19
rand   	success		6233.38   7798.92   5       1733777.0 ms cross
rand   	success		6048.40   7621.01   5       1733777.0 ms cross
ab
ab6	5
fail		6065.53   7758.01   5       1800030.0 ms
cross iterater20
rand   	success		6437.93   7937.21   5       1813383.0 ms cross
rand   	success		6486.46   8315.92   5       1825208.0 ms cross
ab
ab6	4
ab7	0
fail		6267.14   7898.44   5       1861649.0 ms
cross iterater21
rand   	success		6362.17   8108.02   5       1862975.0 ms cross
rand   	success		6466.42   7348.31   5       1873107.0 ms cross
ab
ab6	2
ab7	1
cross iterater22
rand   	success		6181.65   8172.16   5       1874357.0 ms cross
rand   	success		6236.39   8182.29   5       1887773.0 ms cross
ab
ab6	4
ab7	5
fail		6383.41   7870.85   5       1978203.0 ms
cross iterater23
rand   	fail		6673.18   8584.05   6       2014843.0 ms cross
rand   	success		6370.46   7643.12   5       2018123.0 ms cross
ab
ab6	2
ab7	1
fail		6428.29   8217.45   5       2074802.0 ms
cross iterater24
rand   	success		6125.40   7648.29   5       2079222.0 ms cross
rand   	success		6260.45   7435.62   5       2082908.0 ms cross
ab
fail		6048.40   7643.49   5       2137088.0 ms
cross iterater25
rand   	success		6616.52   7253.61   5       2149645.0 ms cross
rand   	success		6259.43   7735.63   5       2150676.0 ms cross
ab
cross iterater26
ab
ab7	0
cross iterater27
ab
ab6	2
ab7	4
fail		6521.61   7509.88   5       2172131.0 ms
fail		6616.52   7443.03   5       2238381.0 ms
cross iterater28
rand   	success		6515.17   7688.77   5       2248525.0 ms cross
rand   	success		6643.24   7879.52   5       2249649.0 ms cross
ab
ab7	1
ab6	3
fail		6521.61   7509.88   5       2293831.0 ms
cross iterater29
ab
ab7	3
fail		6305.29   7555.44   5       2313417.0 ms
fail		6376.01   8086.30   5       2336327.0 ms
fail		6629.71   7780.99   5       2353635.0 ms
cross iterater30
rand   	success		6965.71   7355.22   5       2358972.0 ms cross
rand   	fail		6659.63   8846.48   6       2391402.0 ms cross
ab
ab6	0
cross iterater31
rand   	success		6468.68   7244.42   5       2393135.0 ms cross
rand   	success		6377.83   7873.17   5       2422256.0 ms cross
ab
ab6	1
cross iterater32
rand   	fail		6493.38   8731.08   6       2456013.0 ms cross
rand   	success		6337.04   7557.82   5       2456013.0 ms cross
ab
ab6	0
ab7	1
fail		6305.29   7555.44   5       2514883.0 ms
cross iterater33
rand   	success		6447.78   7545.29   5       2529549.0 ms cross
rand   	success		5695.28   8005.07   5       2534542.0 ms cross
ab
ab6	4
fail		6447.78   7584.97   5       2584032.0 ms
fail		6396.47   8209.34   5       2619839.0 ms
cross iterater34
rand   	success		6414.09   8110.91   5       2654554.0 ms cross
rand   	success		6493.77   7562.52   5       2660249.0 ms cross
ab
ab6	1
fail		6468.68   7394.39   5       2687100.0 ms
cross iterater35
rand   	success		6396.55   7674.11   5       2717306.0 ms cross
rand   	success		6513.09   8182.17   5       2722517.0 ms cross
ab
ab6	4
ab7	1
fail		6965.71   7813.11   5       2788512.0 ms
fail		6493.77   7733.33   5       2826266.0 ms
cross iterater36
rand   	success		6120.37   7798.39   5       2827296.0 ms cross
rand   	success		6188.71   7419.26   5       2829589.0 ms cross
ab
ab6	3
ab7	2
fail		6188.71   7382.66   5       2850712.0 ms
cross iterater37
rand   	success		6560.07   7869.75   5       2865252.0 ms cross
rand   	fail		6145.54   9030.19   6       2890884.0 ms cross
ab
ab6	4
ab7	5
fail		6463.11   7873.75   5       2917358.0 ms
fail		6447.78   7584.97   5       2945002.0 ms
fail		6776.21   7960.15   5       2993052.0 ms
fail		6137.85   7862.85   5       3033457.0 ms
cross iterater38
rand   	success		6528.73   8249.73   5       3049198.0 ms cross
rand   	fail		6518.99   8638.63   6       3083410.0 ms cross
ab
ab7	3
ab6	5
fail		6137.85   7862.85   5       3112067.0 ms
fail		6463.11   7873.75   5       3165716.0 ms
cross iterater39
rand   	success		6787.14   7211.81   5       3174873.0 ms cross
rand   	success		6366.92   8297.06   5       3211924.0 ms cross
ab
ab7	4
fail		6712.09   8025.45   5       3250440.0 ms
fail		6456.05   8090.12   5       3271298.0 ms
cross iterater40
rand   	success		6326.17   7946.27   5       3317474.0 ms cross
rand   	success		6296.38   8353.16   5       3339002.0 ms cross
ab
ab6	4
ab7	0
fail		6326.17   8150.15   5       3370592.0 ms
fail		6447.78   7584.97   5       3397830.0 ms
cross iterater41
ab
ab6	1
cross iterater42
ab
fail		6508.02   7965.85   5       3411433.0 ms
fail		6463.11   7873.75   5       3433569.0 ms
cross iterater43
rand   	success		6291.09   7642.57   5       3442430.0 ms cross
rand   	success		6217.30   7465.26   5       3444021.0 ms cross
ab
cross iterater44
rand   	success		6274.27   7899.94   5       3451228.0 ms cross
rand   	success		6137.90   8043.81   5       3455331.0 ms cross
ab
ab6	0
cross iterater45
rand   	success		6544.24   7934.92   5       3471960.0 ms cross
rand   	success		6654.05   8016.58   5       3472850.0 ms cross
ab
ab6	0
fail		6217.30   7542.23   5       3501273.0 ms
fail		6544.24   8095.49   5       3529711.0 ms
cross iterater46
rand   	success		6287.70   8108.67   5       3532082.0 ms cross
rand   	success		6647.82   8098.39   5       3538650.0 ms cross
ab
ab6	2
ab7	1
fail		6217.30   7542.23   5       3578040.0 ms
cross iterater47
rand   	success		6231.97   7902.71   5       3582876.0 ms cross
rand   	success		6080.26   7748.84   5       3586947.0 ms cross
ab
ab6	4
cross iterater48
rand   	success		6460.49   7594.22   5       3594981.0 ms cross
rand   	success		6277.51   8254.05   5       3597228.0 ms cross
ab
ab6	5
fail		6256.11   8011.32   5       3633934.0 ms
cross iterater49

R.size:5

1		92	4	57	147	133	182	195	169	18	184	68	43	3	40	85	65	128	177	99	86	165	53	38	32	168	151	109	160	125	94	189	50	192	129	158	41	126	70	55	66	146	120	36	202	
2		142	47	200	15	179	183	98	161	24	110	196	190	167	16	119	152	102	156	180	124	48	103	51	7	136	14	150	27	72	198	106	22	91	145	44	17	115	121	141	185	30	39	
3		131	61	108	45	56	31	9	12	113	127	199	29	100	89	188	143	139	58	191	144	21	166	117	74	52	112	101	194	178	80	116	95	157	107	148	83	
4		28	6	162	10	63	149	153	49	163	35	77	42	187	171	78	197	5	138	20	159	132	130	186	122	25	135	79	174	201	87	82	154	67	60	97	96	34	76	175	75	
5		54	140	88	59	37	155	69	84	164	181	104	170	46	172	62	26	134	176	118	105	173	23	114	111	90	81	33	71	11	137	123	13	93	2	1	73	8	193	19	64	

data1/pdp200/LRC2_2_8.txt
total_cost 5695.282659

