success		1       0       1       63      1       0       148139.09 100     16.0     ms
success		1       1       1       77      1       0       147223.44 99      16.0     ms
success		1       2       1       5       1       0       145735.30 98      16.0     ms
success		1       3       1       25      1       0       144774.21 97      16.0     ms
success		1       4       1       39      1       0       143683.86 96      16.0     ms
success		1       5       2       31      2       0       141808.65 95      16.0     ms
success		1       6       1       53      1       0       140900.59 94      16.0     ms
success		1       7       1       22      1       0       140525.46 93      16.0     ms
success		1       8       1       14      1       0       140444.33 92      16.0     ms
success		1       9       1       14      1       0       138242.32 91      16.0     ms
success		1       10      1       4       1       0       136035.34 90      16.0     ms
success		1       11      1       24      1       0       135105.76 89      16.0     ms
success		1       12      1       17      1       0       134980.88 88      16.0     ms
success		1       13      1       74      1       0       134725.52 87      16.0     ms
success		1       14      1       8       1       0       132940.72 86      16.0     ms
success		1       15      1       2       1       0       131206.65 85      16.0     ms
success		1       16      2       63      2       0       129333.55 84      16.0     ms
success		1       17      1       76      1       0       127238.06 83      16.0     ms
success		1       18      1       6       1       0       125258.61 82      16.0     ms
success		1       19      1       31      1       0       123466.31 81      16.0     ms
success		1       20      1       36      1       0       121515.94 80      16.0     ms
success		1       21      2       2       2       0       119443.33 79      16.0     ms
success		1       22      1       71      1       0       119356.38 78      16.0     ms
success		1       23      1       68      1       0       117404.51 77      16.0     ms
success		1       24      1       58      1       0       117368.16 76      16.0     ms
success		1       25      1       73      1       0       115488.45 75      16.0     ms
success		1       26      1       54      1       0       114912.01 74      16.0     ms
success		1       27      3       42      3       0       114816.35 73      16.0     ms
success		1       28      1       68      1       0       113210.50 72      16.0     ms
success		1       29      1       1       1       0       112455.50 71      31.0     ms
success		1       30      1       66      1       0       112327.77 70      31.0     ms
success		1       31      1       53      1       0       111235.49 69      31.0     ms
success		1       32      1       39      1       0       109282.54 68      31.0     ms
success		1       33      2       26      2       0       108298.23 67      31.0     ms
success		1       34      2       53      2       0       106154.73 66      31.0     ms
success		1       35      1       46      1       0       105037.43 65      31.0     ms
success		1       36      1       53      1       0       104468.80 64      31.0     ms
success		1       37      2       26      2       0       103140.86 63      31.0     ms
success		1       38      1       48      1       0       101200.02 62      31.0     ms
success		1       39      1       27      1       0       99963.94  61      31.0     ms
success		1       40      1       35      1       0       99102.26  60      31.0     ms
success		1       41      1       11      1       0       96861.55  59      31.0     ms
success		1       42      1       24      1       0       96678.31  58      31.0     ms
success		1       43      3       16      3       0       95061.17  57      31.0     ms
success		1       44      1       6       1       0       93040.20  56      31.0     ms
success		1       45      2       19      2       0       92906.07  55      31.0     ms
success		1       46      1       45      1       0       91042.09  54      31.0     ms
success		1       47      1       9       1       0       88877.22  53      31.0     ms
success		1       48      1       37      1       0       88136.26  52      31.0     ms
success		1       49      3       18      3       0       87915.27  51      31.0     ms
success		1       50      1       21      1       0       85729.64  50      31.0     ms
success		1       51      1       36      1       0       84988.19  49      31.0     ms
success		1       52      2       11      2       0       82902.66  48      31.0     ms
success		1       53      1       40      1       0       80147.21  47      31.0     ms
success		1       54      3       2       3       0       77800.66  46      31.0     ms
success		1       55      2       27      2       0       75996.07  45      31.0     ms
success		1       56      4       29      4       0       74454.24  44      31.0     ms
success		1       57      4       1       4       0       75709.34  43      31.0     ms
success		1       58      1       36      1       0       73147.31  42      31.0     ms
success		1       59      1       19      1       0       70874.58  41      31.0     ms
success		1       60      2       9       2       0       69580.57  40      31.0     ms
success		1       61      3       0       3       0       67888.18  39      31.0     ms
success		1       62      3       20      3       0       66235.05  38      31.0     ms
success		1       63      5       28      5       0       66263.14  37      31.0     ms
success		1       64      2       25      2       0       64077.03  36      31.0     ms
success		1       65      1       5       1       0       61928.92  35      31.0     ms
success		1       66      3       12      3       0       60158.69  34      31.0     ms
success		1       67      3       12      3       0       59772.23  33      31.0     ms
success		1       68      3       25      3       0       58107.89  32      31.0     ms
success		1       69      2       21      2       0       55809.73  31      31.0     ms
success		1       70      2       21      2       0       53512.29  30      31.0     ms
success		1       71      2       4       2       0       52908.13  29      31.0     ms
success		1       72      5       25      5       0       50128.66  28      31.0     ms
success		1       73      4       11      4       0       48349.18  27      31.0     ms
success		1       74      5       26      5       0       47553.24  26      31.0     ms
success		1       75      1       14      1       0       45615.90  25      31.0     ms
success		1       76      4       8       4       0       43699.89  24      31.0     ms
success		1       77      4       23      4       0       42098.84  23      31.0     ms
success		1       78      3       4       3       0       39776.12  22      31.0     ms
success		1       79      4       0       4       0       37523.71  21      31.0     ms
success		1       80      3       11      3       0       35424.29  20      47.0     ms
success		1       81      2       4       2       0       33187.31  19      47.0     ms
success		1       82      3       0       3       0       30580.46  18      47.0     ms
success		1       83      8       6       8       0       28652.46  17      47.0     ms
success		1       84      9       8       9       0       26588.02  16      47.0     ms
success		1       85      6       4       6       0       24501.27  15      47.0     ms
success		1       86      6       14      6       0       21976.37  14      47.0     ms
success		1       87      4       1       4       0       20384.15  13      47.0     ms
success		1       88      10      10      8       0       17750.60  12      63.0     ms
success		1       89      8       8       7       0       16031.58  11      63.0     ms
success		1       90      11      1       10      0       13622.42  10      78.0     ms
success		1       91      10      5       8       0       11250.55  9       94.0     ms
success		1       92      30      7       10      0       9002.89   8       281.0    ms
success		1       93      672     0       12      0       6314.67   7       2933.0   ms
success		1       0       1       46      1       0       161002.26 100     9063.0   ms
success		1       1       1       58      1       0       160451.81 99      9063.0   ms
success		1       2       1       93      1       0       158221.03 98      9063.0   ms
success		1       3       1       79      1       0       155838.06 97      9063.0   ms
success		1       4       1       11      1       0       153648.48 96      9063.0   ms
success		1       5       2       91      2       0       154612.09 95      9063.0   ms
success		1       6       1       12      1       0       152671.69 94      9063.0   ms
success		1       7       1       15      1       0       152442.84 93      9063.0   ms
success		1       8       1       65      1       0       151689.31 92      9063.0   ms
success		1       9       1       77      1       0       149907.54 91      9063.0   ms
success		1       10      2       3       2       0       148897.68 90      9063.0   ms
success		1       11      1       74      1       0       148104.51 89      9063.0   ms
success		1       12      1       38      1       0       147750.81 88      9063.0   ms
success		1       13      1       70      1       0       146803.78 87      9063.0   ms
success		1       14      1       15      1       0       144585.46 86      9063.0   ms
success		1       15      1       7       1       0       142511.85 85      9063.0   ms
success		1       16      1       18      1       0       141887.49 84      9063.0   ms
success		1       17      1       49      1       0       141422.32 83      9063.0   ms
success		1       18      1       37      1       0       140400.03 82      9063.0   ms
success		1       19      1       16      1       0       138729.50 81      9063.0   ms
success		1       20      1       4       1       0       137036.53 80      9063.0   ms
success		1       21      1       76      1       0       134649.09 79      9063.0   ms
success		1       22      1       40      1       0       132620.58 78      9063.0   ms
success		1       23      2       1       2       0       131309.32 77      9063.0   ms
success		1       24      3       59      3       0       130354.46 76      9063.0   ms
success		1       25      2       37      2       0       128368.59 75      9063.0   ms
success		1       26      1       71      1       0       128123.56 74      9063.0   ms
success		1       27      1       35      1       0       126929.05 73      9063.0   ms
success		1       28      2       5       2       0       124812.46 72      9063.0   ms
success		1       29      1       31      1       0       122670.84 71      9063.0   ms
success		1       30      2       26      2       0       120663.15 70      9063.0   ms
success		1       31      1       62      1       0       118668.56 69      9063.0   ms
success		1       32      3       9       3       0       117815.30 68      9063.0   ms
success		1       33      2       11      2       0       115891.58 67      9063.0   ms
success		1       34      1       14      1       0       115491.40 66      9063.0   ms
success		1       35      1       7       1       0       114195.38 65      9063.0   ms
success		1       36      2       61      2       0       111998.33 64      9063.0   ms
success		1       37      2       28      2       0       109477.55 63      9063.0   ms
success		1       38      1       43      1       0       108956.90 62      9063.0   ms
success		1       39      1       31      1       0       107982.02 61      9063.0   ms
success		1       40      2       15      2       0       106079.46 60      9063.0   ms
success		1       41      3       9       3       0       104223.44 59      9063.0   ms
success		1       42      5       8       5       0       102477.11 58      9063.0   ms
success		1       43      1       5       1       0       100216.56 57      9063.0   ms
success		1       44      1       27      1       0       98348.28  56      9063.0   ms
success		1       45      1       45      1       0       98242.97  55      9063.0   ms
success		1       46      4       28      4       0       97311.87  54      9063.0   ms
success		1       47      1       1       1       0       95367.20  53      9063.0   ms
success		1       48      2       47      2       0       93890.15  52      9063.0   ms
success		1       49      1       2       1       0       93431.74  51      9063.0   ms
success		1       50      4       30      4       0       90897.94  50      9063.0   ms
success		1       51      4       31      4       0       88781.24  49      9063.0   ms
success		1       52      3       36      3       0       87651.56  48      9063.0   ms
success		1       53      1       38      1       0       85115.37  47      9063.0   ms
success		1       54      2       19      2       0       83439.67  46      9063.0   ms
success		1       55      1       17      1       0       83028.39  45      9063.0   ms
success		1       56      1       18      1       0       80602.67  44      9063.0   ms
success		1       57      1       42      1       0       78014.39  43      9063.0   ms
success		1       58      3       24      3       0       76789.46  42      9063.0   ms
success		1       59      1       19      1       0       74145.82  41      9063.0   ms
success		1       60      2       24      2       0       71576.87  40      9063.0   ms
success		1       61      1       25      1       0       69440.72  39      9063.0   ms
success		1       62      2       23      2       0       67302.17  38      9063.0   ms
success		1       63      2       7       2       0       65400.19  37      9063.0   ms
success		1       64      2       11      2       0       63578.25  36      9063.0   ms
success		1       65      2       21      2       0       61801.42  35      9063.0   ms
success		1       66      3       5       3       0       59723.39  34      9063.0   ms
success		1       67      1       9       1       0       57598.36  33      9063.0   ms
success		1       68      4       1       4       0       55618.23  32      9063.0   ms
success		1       69      7       7       7       0       54065.04  31      9063.0   ms
success		1       70      6       20      6       0       54456.25  30      9063.0   ms
success		1       71      3       8       3       0       53229.52  29      9063.0   ms
success		1       72      4       28      4       0       50804.23  28      9079.0   ms
success		1       73      2       1       2       0       49586.05  27      9079.0   ms
success		1       74      4       8       4       0       47391.12  26      9079.0   ms
success		1       75      4       7       4       0       44799.22  25      9079.0   ms
success		1       76      3       11      3       0       42661.87  24      9079.0   ms
success		1       77      2       7       2       0       41458.00  23      9079.0   ms
success		1       78      4       15      4       0       40116.52  22      9079.0   ms
success		1       79      1       10      1       0       37441.42  21      9079.0   ms
success		1       80      5       4       5       0       34586.23  20      9079.0   ms
success		1       81      6       8       6       0       32481.79  19      9079.0   ms
success		1       82      5       13      5       0       30296.84  18      9079.0   ms
success		1       83      2       7       2       0       28359.97  17      9079.0   ms
success		1       84      8       11      8       0       25918.77  16      9079.0   ms
success		1       85      7       15      7       0       23714.83  15      9079.0   ms
success		1       86      7       11      7       0       21889.18  14      9079.0   ms
success		1       87      8       4       7       0       20651.82  13      9079.0   ms
success		1       88      8       0       8       0       17979.53  12      9079.0   ms
success		1       89      6       6       5       0       16426.94  11      9079.0   ms
success		1       90      14      3       11      0       13141.06  10      9095.0   ms
success		1       91      16      5       11      0       11457.59  9       9110.0   ms
success		1       92      35      3       11      0       8595.09   8       9188.0   ms
success		1       0       1       92      1       0       161588.28 100     14789.0  ms
success		1       1       1       90      1       0       159473.29 99      14789.0  ms
success		1       2       1       81      1       0       157120.21 98      14789.0  ms
success		1       3       1       19      1       0       156378.29 97      14789.0  ms
success		1       4       1       46      1       0       154842.68 96      14789.0  ms
success		1       5       1       77      1       0       153828.33 95      14789.0  ms
success		1       6       1       16      1       0       152178.35 94      14789.0  ms
success		1       7       1       17      1       0       150082.74 93      14789.0  ms
success		1       8       1       44      1       0       148896.70 92      14789.0  ms
success		1       9       1       3       1       0       148060.86 91      14789.0  ms
success		1       10      1       23      1       0       147635.86 90      14789.0  ms
success		1       11      1       61      1       0       147315.00 89      14789.0  ms
success		1       12      1       57      1       0       144564.69 88      14789.0  ms
success		1       13      1       72      1       0       143579.71 87      14789.0  ms
success		1       14      1       21      1       0       143379.22 86      14789.0  ms
success		1       15      1       3       1       0       140794.01 85      14789.0  ms
success		1       16      1       40      1       0       138632.04 84      14789.0  ms
success		1       17      1       79      1       0       136700.84 83      14789.0  ms
success		1       18      1       26      1       0       134590.00 82      14789.0  ms
success		1       19      1       55      1       0       134052.96 81      14789.0  ms
success		1       20      1       46      1       0       131785.92 80      14789.0  ms
success		1       21      1       7       1       0       130372.93 79      14789.0  ms
success		1       22      1       1       1       0       129660.96 78      14789.0  ms
success		1       23      2       17      2       0       129333.86 77      14789.0  ms
success		1       24      2       51      2       0       128318.25 76      14789.0  ms
success		1       25      1       12      1       0       128225.71 75      14789.0  ms
success		1       26      1       7       1       0       126524.52 74      14789.0  ms
success		1       27      1       33      1       0       125702.65 73      14789.0  ms
success		1       28      1       54      1       0       125500.25 72      14789.0  ms
success		1       29      2       10      2       0       124164.19 71      14789.0  ms
success		1       30      2       4       2       0       123156.71 70      14789.0  ms
success		1       31      1       4       1       0       122366.14 69      14804.0  ms
success		1       32      1       4       1       0       120183.16 68      14804.0  ms
success		1       33      1       8       1       0       119636.78 67      14804.0  ms
success		1       34      1       23      1       0       118470.84 66      14804.0  ms
success		1       35      1       1       1       0       116454.07 65      14804.0  ms
success		1       36      1       21      1       0       115256.92 64      14804.0  ms
success		1       37      2       63      2       0       114677.26 63      14804.0  ms
success		1       38      4       9       4       0       113245.63 62      14804.0  ms
success		1       39      2       37      2       0       110590.91 61      14804.0  ms
success		1       40      2       56      2       0       110106.90 60      14804.0  ms
success		1       41      2       55      2       0       107905.52 59      14804.0  ms
success		1       42      2       34      2       0       105871.65 58      14804.0  ms
success		1       43      1       26      1       0       104022.31 57      14804.0  ms
success		1       44      2       17      2       0       103244.82 56      14804.0  ms
success		1       45      2       54      2       0       101125.08 55      14804.0  ms
success		1       46      2       19      2       0       99024.21  54      14804.0  ms
success		1       47      2       24      2       0       96450.72  53      14804.0  ms
success		1       48      2       52      2       0       93959.81  52      14804.0  ms
success		1       49      1       16      1       0       91732.47  51      14804.0  ms
success		1       50      1       28      1       0       90270.53  50      14804.0  ms
success		1       51      3       26      3       0       88415.11  49      14804.0  ms
success		1       52      2       5       2       0       86243.79  48      14804.0  ms
success		1       53      1       40      1       0       83884.53  47      14804.0  ms
success		1       54      2       28      2       0       82947.20  46      14804.0  ms
success		1       55      2       29      2       0       81957.99  45      14804.0  ms
success		1       56      1       9       1       0       80308.51  44      14804.0  ms
success		1       57      3       6       3       0       78595.21  43      14804.0  ms
success		1       58      2       19      2       0       77113.54  42      14804.0  ms
success		1       59      3       34      3       0       75489.60  41      14804.0  ms
success		1       60      3       12      3       0       73760.23  40      14804.0  ms
success		1       61      2       15      2       0       71951.44  39      14804.0  ms
success		1       62      5       13      5       0       71269.31  38      14804.0  ms
success		1       63      6       14      6       0       69036.29  37      14804.0  ms
success		1       64      1       14      1       0       67034.30  36      14804.0  ms
success		1       65      1       24      1       0       64903.74  35      14804.0  ms
success		1       66      2       31      2       0       62498.95  34      14804.0  ms
success		1       67      2       5       2       0       60408.47  33      14804.0  ms
success		1       68      6       17      6       0       60038.45  32      14804.0  ms
success		1       69      5       4       5       0       57429.92  31      14804.0  ms
success		1       70      3       18      3       0       55174.26  30      14804.0  ms
success		1       71      4       17      4       0       54075.40  29      14804.0  ms
success		1       72      6       17      6       0       52235.10  28      14804.0  ms
success		1       73      5       14      5       0       50068.57  27      14804.0  ms
success		1       74      4       19      4       0       49605.39  26      14804.0  ms
success		1       75      6       19      6       0       47491.15  25      14804.0  ms
success		1       76      4       18      4       0       45444.25  24      14804.0  ms
success		1       77      4       2       4       0       42606.36  23      14804.0  ms
success		1       78      5       6       5       0       40765.37  22      14804.0  ms
success		1       79      5       16      5       0       38314.59  21      14804.0  ms
success		1       80      4       15      4       0       35821.51  20      14804.0  ms
success		1       81      5       3       5       0       33264.67  19      14804.0  ms
success		1       82      4       12      4       0       31288.58  18      14804.0  ms
success		1       83      6       15      6       0       29233.17  17      14804.0  ms
success		1       84      5       10      5       0       27695.69  16      14804.0  ms
success		1       85      7       8       7       0       25595.38  15      14804.0  ms
success		1       86      6       3       6       0       22985.06  14      14804.0  ms
success		1       87      4       0       4       0       20474.91  13      14804.0  ms
success		1       88      8       9       8       0       18214.79  12      14804.0  ms
success		1       89      7       6       7       0       15515.70  11      14804.0  ms
success		1       90      9       2       9       0       13339.03  10      14804.0  ms
success		1       91      16      3       13      0       10449.71  9       14820.0  ms
success		1       92      36      1       9       0       9050.73   8       14913.0  ms
success		1       0       1       6       1       0       159956.54 100     20233.0  ms
success		1       1       1       8       1       0       157851.41 99      20233.0  ms
success		1       2       1       27      1       0       157423.19 98      20233.0  ms
success		1       3       1       27      1       0       155965.53 97      20233.0  ms
success		1       4       1       41      1       0       154348.39 96      20233.0  ms
success		1       5       1       8       1       0       153579.48 95      20233.0  ms
success		1       6       1       6       1       0       152802.96 94      20233.0  ms
success		1       7       1       80      1       0       152467.65 93      20233.0  ms
success		1       8       1       27      1       0       152068.55 92      20233.0  ms
success		1       9       1       78      1       0       150488.80 91      20233.0  ms
success		1       10      1       55      1       0       148305.57 90      20233.0  ms
success		1       11      1       60      1       0       147684.05 89      20233.0  ms
success		1       12      1       61      1       0       146611.95 88      20233.0  ms
success		1       13      1       7       1       0       144626.68 87      20233.0  ms
success		1       14      1       27      1       0       143718.05 86      20233.0  ms
success		1       15      1       7       1       0       142428.32 85      20233.0  ms
success		1       16      2       32      2       0       141032.49 84      20233.0  ms
success		1       17      1       82      1       0       139116.66 83      20233.0  ms
success		1       18      1       66      1       0       136855.80 82      20233.0  ms
success		1       19      1       4       1       0       134529.53 81      20233.0  ms
success		1       20      1       2       1       0       132507.31 80      20233.0  ms
success		1       21      2       34      2       0       131314.48 79      20233.0  ms
success		1       22      1       74      1       0       129609.04 78      20233.0  ms
success		1       23      1       31      1       0       128474.72 77      20233.0  ms
success		1       24      2       74      2       0       126157.15 76      20233.0  ms
success		1       25      1       50      1       0       125611.75 75      20233.0  ms
success		1       26      1       60      1       0       122996.81 74      20233.0  ms
success		1       27      1       46      1       0       122178.91 73      20233.0  ms
success		1       28      1       54      1       0       120324.65 72      20233.0  ms
success		1       29      2       15      2       0       118160.04 71      20233.0  ms
success		1       30      1       50      1       0       117339.59 70      20233.0  ms
success		1       31      1       16      1       0       116954.49 69      20233.0  ms
success		1       32      2       22      2       0       114579.37 68      20233.0  ms
success		1       33      1       33      1       0       112550.86 67      20233.0  ms
success		1       34      5       27      5       0       111278.57 66      20233.0  ms
success		1       35      1       35      1       0       108898.02 65      20233.0  ms
success		1       36      1       22      1       0       108516.56 64      20233.0  ms
success		1       37      1       5       1       0       107038.19 63      20233.0  ms
success		1       38      1       6       1       0       106413.16 62      20233.0  ms
success		1       39      1       55      1       0       104045.14 61      20233.0  ms
success		1       40      1       4       1       0       101763.56 60      20233.0  ms
success		1       41      1       36      1       0       99191.95  59      20233.0  ms
success		1       42      1       21      1       0       97976.70  58      20233.0  ms
success		1       43      3       1       3       0       96651.94  57      20233.0  ms
success		1       44      3       8       3       0       97659.67  56      20233.0  ms
success		1       45      1       45      1       0       96993.95  55      20233.0  ms
success		1       46      2       38      2       0       95470.31  54      20233.0  ms
success		1       47      1       4       1       0       93218.94  53      20233.0  ms
success		1       48      3       25      3       0       90346.03  52      20233.0  ms
success		1       49      2       20      2       0       88287.81  51      20233.0  ms
success		1       50      3       6       3       0       86292.21  50      20233.0  ms
success		1       51      1       9       1       0       84642.97  49      20233.0  ms
success		1       52      3       8       3       0       82216.08  48      20233.0  ms
success		1       53      3       28      3       0       80220.27  47      20233.0  ms
success		1       54      1       24      1       0       78094.62  46      20233.0  ms
success		1       55      2       11      2       0       76193.36  45      20233.0  ms
success		1       56      2       21      2       0       73915.19  44      20233.0  ms
success		1       57      1       5       1       0       71692.24  43      20233.0  ms
success		1       58      1       1       1       0       69003.02  42      20233.0  ms
success		1       59      4       7       4       0       67037.25  41      20233.0  ms
success		1       60      1       18      1       0       65938.65  40      20233.0  ms
success		1       61      4       3       4       0       64973.55  39      20233.0  ms
success		1       62      2       37      2       0       62165.22  38      20233.0  ms
success		1       63      2       2       2       0       61841.31  37      20233.0  ms
success		1       64      3       1       3       0       60279.32  36      20233.0  ms
success		1       65      1       28      1       0       57312.43  35      20233.0  ms
success		1       66      3       16      3       0       57253.67  34      20233.0  ms
success		1       67      2       26      2       0       55892.37  33      20233.0  ms
success		1       68      3       14      3       0       53912.29  32      20233.0  ms
success		1       69      1       11      1       0       51892.35  31      20233.0  ms
success		1       70      3       5       3       0       49460.64  30      20233.0  ms
success		1       71      5       17      5       0       47498.41  29      20233.0  ms
success		1       72      1       26      1       0       47268.00  28      20233.0  ms
success		1       73      7       20      7       0       45574.40  27      20233.0  ms
success		1       74      3       18      3       0       44380.27  26      20233.0  ms
success		1       75      2       20      2       0       43617.91  25      20248.0  ms
success		1       76      4       12      4       0       41071.23  24      20248.0  ms
success		1       77      3       3       3       0       40054.47  23      20248.0  ms
success		1       78      4       15      4       0       38200.76  22      20248.0  ms
success		1       79      1       3       1       0       36242.61  21      20248.0  ms
success		1       80      6       18      6       0       33825.65  20      20248.0  ms
success		1       81      3       4       3       0       31606.65  19      20248.0  ms
success		1       82      1       12      1       0       29294.14  18      20248.0  ms
success		1       83      4       17      4       0       26969.23  17      20248.0  ms
success		1       84      6       3       6       0       24868.65  16      20248.0  ms
success		1       85      5       2       5       0       22301.74  15      20248.0  ms
success		1       86      5       7       5       0       20488.66  14      20248.0  ms
success		1       87      5       1       5       0       18850.77  13      20248.0  ms
success		1       88      6       4       6       0       16479.14  12      20248.0  ms
success		1       89      11      2       10      0       16278.17  11      20248.0  ms
success		1       90      14      10      10      0       13070.09  10      20264.0  ms
success		1       91      13      3       11      0       10722.58  9       20264.0  ms
success		1       92      38      8       12      0       8558.61   8       20373.0  ms
success		1       93      914     1       11      0       6107.11   7       24382.0  ms
success		1       0       1       100     1       0       161739.62 100     30123.0  ms
success		1       1       1       70      1       0       161258.80 99      30123.0  ms
success		1       2       1       42      1       0       159974.02 98      30123.0  ms
success		1       3       1       84      1       0       157327.78 97      30123.0  ms
success		1       4       1       34      1       0       155386.28 96      30123.0  ms
success		1       5       1       57      1       0       154903.06 95      30123.0  ms
success		1       6       1       83      1       0       153418.84 94      30123.0  ms
success		1       7       1       82      1       0       153014.76 93      30123.0  ms
success		1       8       2       71      2       0       152530.00 92      30123.0  ms
success		1       9       1       84      1       0       152025.95 91      30123.0  ms
success		1       10      1       31      1       0       150750.40 90      30123.0  ms
success		1       11      1       2       1       0       148867.73 89      30123.0  ms
success		1       12      1       43      1       0       146241.39 88      30123.0  ms
success		1       13      1       87      1       0       145242.23 87      30123.0  ms
success		1       14      1       48      1       0       143393.53 86      30123.0  ms
success		1       15      1       53      1       0       141737.41 85      30123.0  ms
success		1       16      1       54      1       0       140103.69 84      30123.0  ms
success		1       17      1       73      1       0       139360.42 83      30123.0  ms
success		1       18      1       35      1       0       139124.58 82      30123.0  ms
success		1       19      1       62      1       0       136677.53 81      30123.0  ms
success		1       20      1       30      1       0       134464.06 80      30123.0  ms
success		1       21      1       44      1       0       132381.29 79      30123.0  ms
success		1       22      2       20      2       0       131780.72 78      30123.0  ms
success		1       23      1       53      1       0       129822.38 77      30123.0  ms
success		1       24      1       3       1       0       127309.39 76      30123.0  ms
success		1       25      2       8       2       0       125010.37 75      30123.0  ms
success		1       26      2       29      2       0       122722.94 74      30123.0  ms
success		1       27      1       43      1       0       122183.17 73      30123.0  ms
success		1       28      1       50      1       0       120398.10 72      30123.0  ms
success		1       29      2       3       2       0       118373.51 71      30123.0  ms
success		1       30      3       33      3       0       118087.35 70      30123.0  ms
success		1       31      1       31      1       0       116438.31 69      30123.0  ms
success		1       32      2       68      2       0       115962.03 68      30123.0  ms
success		1       33      1       38      1       0       113996.07 67      30123.0  ms
success		1       34      1       18      1       0       113570.22 66      30123.0  ms
success		1       35      1       46      1       0       112701.95 65      30123.0  ms
success		1       36      1       64      1       0       110292.52 64      30123.0  ms
success		1       37      1       37      1       0       109340.40 63      30123.0  ms
success		1       38      1       10      1       0       108019.76 62      30123.0  ms
success		1       39      2       54      2       0       107701.38 61      30123.0  ms
success		1       40      2       34      2       0       105586.04 60      30123.0  ms
success		1       41      1       59      1       0       103413.48 59      30123.0  ms
success		1       42      1       21      1       0       101100.48 58      30123.0  ms
success		1       43      2       30      2       0       99708.53  57      30123.0  ms
success		1       44      2       27      2       0       98344.94  56      30123.0  ms
success		1       45      3       2       3       0       96852.32  55      30123.0  ms
success		1       46      3       46      3       0       94302.12  54      30123.0  ms
success		1       47      2       43      2       0       91505.56  53      30123.0  ms
success		1       48      3       43      3       0       89333.79  52      30123.0  ms
success		1       49      2       30      2       0       87123.88  51      30123.0  ms
success		1       50      2       22      2       0       86493.69  50      30123.0  ms
success		1       51      2       7       2       0       85540.28  49      30123.0  ms
success		1       52      2       37      2       0       83160.47  48      30123.0  ms
success		1       53      2       35      2       0       82588.46  47      30123.0  ms
success		1       54      2       37      2       0       80064.94  46      30123.0  ms
success		1       55      3       29      3       0       78249.02  45      30123.0  ms
success		1       56      2       30      2       0       77659.56  44      30123.0  ms
success		1       57      4       20      4       0       75555.46  43      30123.0  ms
success		1       58      3       41      3       0       73445.54  42      30123.0  ms
success		1       59      3       33      3       0       70943.30  41      30123.0  ms
success		1       60      2       28      2       0       68952.62  40      30139.0  ms
success		1       61      2       31      2       0       66225.44  39      30139.0  ms
success		1       62      1       20      1       0       65245.77  38      30139.0  ms
success		1       63      3       16      3       0       64279.15  37      30139.0  ms
success		1       64      1       6       1       0       62434.23  36      30139.0  ms
success		1       65      2       12      2       0       60319.43  35      30139.0  ms
success		1       66      4       29      4       0       58655.58  34      30139.0  ms
success		1       67      1       18      1       0       58277.14  33      30139.0  ms
success		1       68      3       19      3       0       57136.57  32      30139.0  ms
success		1       69      4       9       4       0       55579.11  31      30139.0  ms
success		1       70      3       26      3       0       53780.29  30      30139.0  ms
success		1       71      4       5       4       0       51229.49  29      30139.0  ms
success		1       72      1       17      1       0       50098.75  28      30139.0  ms
success		1       73      5       5       5       0       48795.30  27      30139.0  ms
success		1       74      2       14      2       0       48051.20  26      30139.0  ms
success		1       75      5       22      5       0       45780.68  25      30139.0  ms
success		1       76      5       3       5       0       43580.40  24      30139.0  ms
success		1       77      4       3       4       0       41267.35  23      30139.0  ms
success		1       78      9       17      9       0       40642.90  22      30139.0  ms
success		1       79      3       10      3       0       38509.32  21      30139.0  ms
success		1       80      7       3       7       0       36747.19  20      30139.0  ms
success		1       81      2       15      2       0       34126.40  19      30139.0  ms
success		1       82      5       4       5       0       31126.40  18      30139.0  ms
success		1       83      7       0       7       0       29151.86  17      30139.0  ms
success		1       84      7       14      7       0       26368.81  16      30139.0  ms
success		1       85      6       9       6       0       24475.81  15      30139.0  ms
success		1       86      8       12      8       0       22486.80  14      30139.0  ms
success		1       87      5       0       5       0       19981.35  13      30139.0  ms
success		1       88      9       8       8       0       18413.32  12      30139.0  ms
success		1       89      10      1       10      0       15766.96  11      30139.0  ms
success		1       90      11      0       10      0       13848.89  10      30139.0  ms
success		1       91      16      4       9       0       11072.32  9       30170.0  ms
success		1       92      47      4       11      0       8105.90   8       30326.0  ms
success		1       0       1       87      1       0       161726.85 100     35801.0  ms
success		1       1       1       47      1       0       161277.89 99      35801.0  ms
success		1       2       1       81      1       0       160545.63 98      35801.0  ms
success		1       3       1       95      1       0       158458.47 97      35801.0  ms
success		1       4       1       57      1       0       156837.82 96      35801.0  ms
success		1       5       1       60      1       0       154510.32 95      35801.0  ms
success		1       6       1       28      1       0       152911.94 94      35801.0  ms
success		1       7       1       5       1       0       150956.99 93      35801.0  ms
success		1       8       1       82      1       0       148713.92 92      35801.0  ms
success		1       9       1       61      1       0       147569.23 91      35801.0  ms
success		1       10      1       69      1       0       147023.12 90      35801.0  ms
success		1       11      1       3       1       0       145622.07 89      35801.0  ms
success		1       12      1       76      1       0       144859.90 88      35801.0  ms
success		1       13      1       36      1       0       144649.47 87      35801.0  ms
success		1       14      2       70      2       0       143504.51 86      35801.0  ms
success		1       15      1       55      1       0       141205.43 85      35801.0  ms
success		1       16      1       61      1       0       140763.46 84      35801.0  ms
success		1       17      1       47      1       0       138749.63 83      35801.0  ms
success		1       18      1       33      1       0       136624.45 82      35801.0  ms
success		1       19      2       11      2       0       135220.40 81      35801.0  ms
success		1       20      1       19      1       0       133177.16 80      35801.0  ms
success		1       21      1       56      1       0       132494.36 79      35801.0  ms
success		1       22      2       61      2       0       131323.63 78      35801.0  ms
success		1       23      1       58      1       0       129103.97 77      35801.0  ms
success		1       24      1       39      1       0       128282.10 76      35801.0  ms
success		1       25      1       22      1       0       127869.29 75      35801.0  ms
success		1       26      1       38      1       0       126695.12 74      35801.0  ms
success		1       27      1       40      1       0       124569.70 73      35801.0  ms
success		1       28      1       24      1       0       124048.10 72      35801.0  ms
success		1       29      2       66      2       0       123429.84 71      35801.0  ms
success		1       30      2       54      2       0       120664.11 70      35801.0  ms
success		1       31      1       3       1       0       119736.04 69      35801.0  ms
success		1       32      1       23      1       0       118603.60 68      35801.0  ms
success		1       33      1       61      1       0       118220.03 67      35801.0  ms
success		1       34      3       38      3       0       116485.77 66      35801.0  ms
success		1       35      1       21      1       0       116260.07 65      35801.0  ms
success		1       36      1       23      1       0       113659.37 64      35801.0  ms
success		1       37      2       32      2       0       111324.73 63      35801.0  ms
success		1       38      2       57      2       0       110545.60 62      35801.0  ms
success		1       39      5       9       5       0       109717.64 61      35801.0  ms
success		1       40      1       29      1       0       107576.35 60      35801.0  ms
success		1       41      2       2       2       0       105477.61 59      35817.0  ms
success		1       42      2       51      2       0       103074.12 58      35817.0  ms
success		1       43      1       1       1       0       102072.04 57      35817.0  ms
success		1       44      3       36      3       0       99682.99  56      35817.0  ms
success		1       45      2       8       2       0       97844.38  55      35817.0  ms
success		1       46      1       0       1       0       95125.26  54      35817.0  ms
success		1       47      4       53      4       0       93072.65  53      35817.0  ms
success		1       48      1       17      1       0       92473.06  52      35817.0  ms
success		1       49      2       25      2       0       90594.91  51      35817.0  ms
success		1       50      1       31      1       0       89186.48  50      35817.0  ms
success		1       51      2       46      2       0       87246.41  49      35817.0  ms
success		1       52      4       21      4       0       87321.14  48      35817.0  ms
success		1       53      2       35      2       0       85640.14  47      35817.0  ms
success		1       54      2       45      2       0       83701.32  46      35817.0  ms
success		1       55      2       10      2       0       81715.04  45      35817.0  ms
success		1       56      2       18      2       0       81444.89  44      35817.0  ms
success		1       57      3       37      3       0       79548.56  43      35817.0  ms
success		1       58      2       40      2       0       77236.43  42      35817.0  ms
success		1       59      3       32      3       0       76088.93  41      35817.0  ms
success		1       60      3       32      3       0       74968.12  40      35817.0  ms
success		1       61      3       9       3       0       73241.66  39      35817.0  ms
success		1       62      1       3       1       0       71157.48  38      35817.0  ms
success		1       63      3       12      3       0       69934.54  37      35817.0  ms
success		1       64      3       29      3       0       67908.11  36      35817.0  ms
success		1       65      4       33      4       0       66055.69  35      35817.0  ms
success		1       66      3       7       3       0       64719.86  34      35817.0  ms
success		1       67      2       3       2       0       62346.22  33      35817.0  ms
success		1       68      4       0       4       0       59774.82  32      35817.0  ms
success		1       69      5       21      5       0       57942.90  31      35817.0  ms
success		1       70      2       29      2       0       56337.05  30      35817.0  ms
success		1       71      4       5       4       0       54333.68  29      35817.0  ms
success		1       72      8       14      8       0       51725.85  28      35817.0  ms
success		1       73      5       25      5       0       49915.57  27      35817.0  ms
success		1       74      3       22      3       0       47718.09  26      35817.0  ms
success		1       75      4       3       4       0       45891.36  25      35817.0  ms
success		1       76      4       24      4       0       43557.27  24      35817.0  ms
success		1       77      3       5       3       0       42007.35  23      35817.0  ms
success		1       78      6       0       6       0       40814.47  22      35817.0  ms
success		1       79      6       1       6       0       38820.11  21      35817.0  ms
success		1       80      5       20      5       0       36190.49  20      35817.0  ms
success		1       81      5       19      5       0       33705.95  19      35817.0  ms
success		1       82      7       18      7       0       31878.92  18      35817.0  ms
success		1       83      7       7       7       0       30435.52  17      35817.0  ms
success		1       84      5       6       5       0       27973.21  16      35817.0  ms
success		1       85      4       1       4       0       25484.19  15      35817.0  ms
success		1       86      7       14      7       0       23716.15  14      35817.0  ms
success		1       87      7       11      7       0       21211.12  13      35817.0  ms
success		1       88      6       1       6       0       18438.46  12      35817.0  ms
success		1       89      10      6       10      0       15614.75  11      35817.0  ms
success		1       90      12      1       9       0       12951.12  10      35832.0  ms
success		1       91      8       8       7       0       10948.37  9       35832.0  ms
success		1       92      43      1       10      0       8691.50   8       35973.0  ms
success		1       93      1472    7       12      0       6143.26   7       41401.0  ms
cross iterater0
bad   	success		7438.16   8137.52   8       47470.0  ms cross
rand   	success		6201.44   6379.46   7       52477.0  ms cross
bad   	success		5767.84   6018.03   7       56533.0  ms cross
rand   	ab
ab6	1
fail		6263.62   6299.84   7       68014.0  ms
cross iterater1
ab
ab6	2
ab7	4
fail		6232.98   6367.21   7       74207.0  ms
cross iterater2
bad   	rand   	bad   	rand   	ab
cross iterater3
bad   	success		5862.58   5655.09   7       101429.0 ms cross
rand   	bad   	success		6107.25   5923.65   7       113082.0 ms cross
rand   	ab
ab7	2
ab6	4
fail		6077.22   6211.45   7       125717.0 ms
cross iterater4
bad   	success		5991.85   6111.01   7       128447.0 ms cross
rand   	bad   	success		6042.41   6209.55   7       138181.0 ms cross
rand   	ab
ab7	2
ab6	4
fail		6077.22   6211.45   7       149865.0 ms
fail		5991.85   6120.76   7       156714.0 ms
cross iterater5
bad   	success		5949.64   5823.63   7       159912.0 ms cross
rand   	bad   	success		5880.63   5932.12   7       170129.0 ms cross
rand   	ab
ab7	4
fail		5880.63   6098.67   7       182749.0 ms
cross iterater6
bad   	success		6111.04   6263.53   7       187336.0 ms cross
rand   	bad   	success		6007.07   6009.22   7       195541.0 ms cross
rand   	ab
ab7	5
fail		5949.64   6124.39   7       208099.0 ms
cross iterater7
bad   	success		5507.76   5550.34   7       209456.0 ms cross
rand   	bad   	rand   	ab
ab7	0
fail		5949.64   6124.39   7       233355.0 ms
cross iterater8
ab
ab6	2
ab7	4
fail		5949.64   6124.39   7       239438.0 ms
fail		5949.64   6124.39   7       245429.0 ms
cross iterater9
bad   	rand   	bad   	success		5933.08   6089.97   7       257160.0 ms cross
rand   	ab
fail		5946.00   6120.75   7       269858.0 ms
cross iterater10
bad   	success		5949.64   6093.65   7       269873.0 ms cross
rand   	bad   	rand   	ab
ab7	4
fail		5883.74   6043.24   7       294255.0 ms
cross iterater11
bad   	rand   	bad   	success		6000.64   6000.32   7       307999.0 ms cross
rand   	ab
ab7	3
fail		5949.64   6124.39   7       320884.0 ms
fail		5883.74   6043.24   7       326547.0 ms
fail		5933.08   6092.58   7       331991.0 ms
cross iterater12
bad   	success		5946.51   6093.65   7       332006.0 ms cross
rand   	bad   	rand   	ab
ab7	0
cross iterater13
bad   	rand   	bad   	success		5883.74   6016.14   7       364703.0 ms cross
rand   	ab
ab6	2
ab7	5
cross iterater14
bad   	success		6183.98   6253.73   7       371614.0 ms cross
rand   	bad   	success		5820.11   6012.56   7       383891.0 ms cross
rand   	ab
ab6	1
fail		5820.11   6110.35   7       396402.0 ms
cross iterater15
bad   	success		5985.19   6120.04   7       402657.0 ms cross
rand   	bad   	success		5839.08   5981.64   7       414622.0 ms cross
rand   	ab
ab6	1
ab7	0
cross iterater16
bad   	success		6181.54   5834.63   7       424871.0 ms cross
rand   	bad   	rand   	success		6252.55   6198.62   7       438240.0 ms cross
ab
ab7	0
ab6	4
cross iterater17
bad   	success		6050.93   6048.87   7       444152.0 ms cross
rand   	bad   	rand   	success		6431.32   6539.66   7       460984.0 ms cross
ab
ab6	0
ab7	5
fail		5883.74   6043.24   7       467146.0 ms
cross iterater18
bad   	rand   	bad   	success		5843.80   6100.63   7       479235.0 ms cross
rand   	ab
ab6	4
ab7	5
fail		5831.28   6121.52   7       491434.0 ms
cross iterater19
bad   	rand   	bad   	success		5845.49   5954.05   7       507720.0 ms cross
rand   	ab
ab7	3
fail		5823.85   6114.09   7       520418.0 ms
fail		5820.11   6110.35   7       526487.0 ms
fail		5820.11   6110.35   7       533304.0 ms
cross iterater20
bad   	success		6284.33   6373.38   7       538467.0 ms cross
rand   	bad   	success		6272.57   5938.19   7       546984.0 ms cross
rand   	ab
ab7	1
ab6	2
fail		5823.85   6114.09   7       558715.0 ms
fail		5820.11   6110.35   7       565283.0 ms
fail		5820.11   6110.35   7       571741.0 ms
cross iterater21
bad   	success		5759.40   6040.94   7       571741.0 ms cross
rand   	bad   	success		5820.11   6033.91   7       577419.0 ms cross
rand   	ab
ab7	2
cross iterater22
ab
fail		5924.44   6152.43   7       589774.0 ms
fail		5820.11   6110.35   7       596466.0 ms
cross iterater23
bad   	success		5966.00   6092.35   7       596466.0 ms cross
rand   	bad   	success		5842.27   6092.54   7       603502.0 ms cross
rand   	ab
ab6	5
fail		5966.00   6133.01   7       617183.0 ms
fail		5910.79   6138.79   7       623126.0 ms
cross iterater24
ab
ab6	2
cross iterater25
bad   	success		5820.11   6050.57   7       623126.0 ms cross
rand   	bad   	success		6306.02   6172.18   7       635871.0 ms cross
rand   	ab
ab6	0
fail		5953.80   6120.82   7       648741.0 ms
cross iterater26
bad   	success		5841.02   5968.78   7       648741.0 ms cross
rand   	bad   	success		5761.57   5953.97   7       655168.0 ms cross
rand   	ab
ab6	3
cross iterater27
ab
ab6	1
fail		5951.57   6278.07   7       669005.0 ms
fail		5981.09   6307.59   7       676586.0 ms
cross iterater28
bad   	success		5861.64   6176.60   7       676586.0 ms cross
rand   	bad   	rand   	ab
ab6	1
fail		6024.92   6279.73   7       702980.0 ms
fail		5951.57   6278.07   7       709127.0 ms
fail		5849.70   6143.26   7       714431.0 ms
fail		5820.11   6110.35   7       720452.0 ms
cross iterater29
bad   	success		5694.69   5829.15   7       720468.0 ms cross
rand   	bad   	success		5788.52   5973.83   7       727347.0 ms cross
rand   	ab
ab7	0
fail		6036.08   6362.58   7       739983.0 ms
cross iterater30
bad   	success		5788.52   6063.18   7       739998.0 ms cross
rand   	bad   	rand   	ab
ab6	1
fail		5951.57   6278.07   7       766502.0 ms
cross iterater31
bad   	success		5829.57   5743.05   7       769731.0 ms cross
rand   	bad   	success		5694.69   5950.15   7       775940.0 ms cross
rand   	ab
fail		5788.52   6082.07   7       789683.0 ms
cross iterater32
bad   	success		5752.65   6178.86   7       800088.0 ms cross
rand   	bad   	rand   	ab
ab6	2
fail		5999.75   6346.23   7       826249.0 ms
fail		5694.69   6035.18   7       832504.0 ms
cross iterater33
bad   	success		6065.94   6120.24   7       836560.0 ms cross
rand   	bad   	success		6347.11   6356.79   7       848291.0 ms cross
rand   	ab
ab6	2
fail		5820.11   6110.35   7       860349.0 ms
fail		6065.94   6191.94   7       866495.0 ms
cross iterater34
ab
ab6	1
fail		6065.94   6191.94   7       873484.0 ms
cross iterater35
bad   	success		5800.51   6073.29   7       873500.0 ms cross
rand   	bad   	success		5760.89   6103.90   7       880176.0 ms cross
rand   	ab
ab6	0
ab7	5
cross iterater36
bad   	success		6237.75   6115.88   7       889489.0 ms cross
rand   	bad   	success		6176.53   6019.85   7       898100.0 ms cross
rand   	ab
ab6	3
ab7	2
fail		5825.55   6188.03   7       911298.0 ms
fail		5794.94   6157.42   7       918115.0 ms
cross iterater37
bad   	success		5642.01   6021.88   7       918115.0 ms cross
rand   	bad   	success		5800.24   6117.40   7       924916.0 ms cross
rand   	ab
ab7	3
fail		5709.71   6194.95   7       938410.0 ms
cross iterater38
bad   	success		5684.03   5870.53   7       938410.0 ms cross
rand   	bad   	success		5656.13   6020.20   7       944525.0 ms cross
rand   	ab
ab6	1
fail		5820.11   6110.35   7       956973.0 ms
fail		5825.55   6188.03   7       962667.0 ms
cross iterater39
bad   	rand   	bad   	rand   	ab
ab6	5
ab7	1
fail		5642.01   6044.29   7       993975.0 ms
fail		5820.11   6110.35   7       998047.0 ms
fail		5640.74   6043.02   7       1001916.0 ms
cross iterater40
bad   	success		5701.26   5936.57   7       1001916.0 ms cross
rand   	bad   	success		5687.85   6097.01   7       1007032.0 ms cross
rand   	ab
ab6	1
ab7	3
fail		5684.03   6060.09   7       1020822.0 ms
fail		5642.01   6044.29   7       1027983.0 ms
fail		5820.11   6110.35   7       1034425.0 ms
cross iterater41
bad   	success		6137.70   6216.77   7       1036219.0 ms cross
rand   	bad   	success		5574.08   5872.43   7       1042818.0 ms cross
rand   	ab
ab6	4
ab7	1
fail		5574.08   6012.10   7       1056077.0 ms
fail		5580.15   6018.17   7       1062473.0 ms
cross iterater42
ab
ab6	2
fail		5574.08   6012.10   7       1069462.0 ms
cross iterater43
bad   	rand   	bad   	rand   	ab
ab6	3
fail		5819.00   6209.20   7       1103734.0 ms
fail		5580.15   6018.17   7       1110988.0 ms
cross iterater44
bad   	rand   	bad   	rand   	ab
ab6	3
fail		5676.15   6095.28   7       1139644.0 ms
fail		5731.20   6121.40   7       1146134.0 ms
cross iterater45
bad   	success		5731.09   5658.62   7       1147834.0 ms cross
rand   	bad   	success		5617.65   5948.16   7       1155291.0 ms cross
rand   	ab
ab7	3
fail		5617.65   6010.29   7       1169097.0 ms
fail		5574.08   6012.10   7       1175368.0 ms
fail		5530.34   6057.05   7       1181888.0 ms
cross iterater46
bad   	rand   	bad   	rand   	ab
ab6	3
cross iterater47
ab
ab7	2
ab6	5
cross iterater48
bad   	rand   	bad   	rand   	ab
ab7	0
fail		5617.65   6010.29   7       1239030.0 ms
cross iterater49
bad   	success		6096.42   6093.89   7       1244817.0 ms cross
rand   	bad   	success		5306.12   5853.18   7       1251119.0 ms cross
rand   	ab
ab6	3
fail		5490.06   6004.56   7       1263989.0 ms
fail		5731.09   5881.99   7       1271789.0 ms
cross iterater50
bad   	success		5835.57   6086.58   7       1277155.0 ms cross
rand   	bad   	success		5825.96   6034.14   7       1284861.0 ms cross
rand   	ab
ab6	4
ab7	5
fail		5478.27   5990.12   7       1296732.0 ms
cross iterater51
bad   	success		5491.63   5974.24   7       1296732.0 ms cross
rand   	bad   	success		5461.09   5913.99   7       1303612.0 ms cross
rand   	ab
ab6	0
fail		5480.44   6010.66   7       1316965.0 ms
cross iterater52
bad   	success		5499.69   5940.40   7       1316965.0 ms cross
rand   	bad   	success		5509.68   5967.69   7       1323158.0 ms cross
rand   	ab
ab6	0
cross iterater53
bad   	rand   	bad   	rand   	ab
ab6	1
fail		5478.27   5990.12   7       1358351.0 ms
fail		5478.27   5990.12   7       1362188.0 ms
cross iterater54
bad   	rand   	bad   	rand   	ab
ab6	5
fail		5461.09   5972.94   7       1390595.0 ms
cross iterater55
bad   	rand   	bad   	rand   	ab
ab6	0
fail		5478.27   5990.12   7       1422902.0 ms
cross iterater56
bad   	rand   	bad   	rand   	ab
ab6	1
cross iterater57
bad   	success		5315.75   5814.22   7       1446442.0 ms cross
rand   	bad   	success		5451.45   5934.06   7       1450092.0 ms cross
rand   	ab
ab7	3
ab6	4
fail		5455.19   5963.27   7       1459873.0 ms
fail		5315.75   5873.17   7       1466394.0 ms
cross iterater58
bad   	rand   	bad   	rand   	ab
ab6	4
cross iterater59
ab
ab6	5
fail		5523.25   6039.97   7       1486736.0 ms
cross iterater60
bad   	rand   	bad   	rand   	ab
ab7	0
fail		5455.19   5963.27   7       1507202.0 ms
cross iterater61
bad   	rand   	bad   	rand   	ab
ab7	5
ab6	1
fail		5586.57   5975.09   7       1526546.0 ms
fail		5461.09   5972.94   7       1531132.0 ms
cross iterater62
bad   	rand   	bad   	rand   	ab
ab7	0
fail		5523.50   5919.12   7       1552285.0 ms
fail		5315.75   5873.17   7       1556637.0 ms
cross iterater63
bad   	rand   	bad   	rand   	ab
ab7	0
fail		5523.50   5919.12   7       1577650.0 ms
cross iterater64
bad   	rand   	bad   	rand   	ab
ab6	4
ab7	3
cross iterater65
bad   	success		5572.99   5777.20   7       1593889.0 ms cross
rand   	bad   	success		5450.35   5754.86   7       1597524.0 ms cross
rand   	ab
ab6	5
ab7	1
fail		5523.50   5919.12   7       1605121.0 ms
fail		5472.13   5923.66   7       1609536.0 ms
cross iterater66
bad   	success		5488.26   5831.82   7       1609536.0 ms cross
rand   	bad   	rand   	ab
ab6	1
ab7	5
fail		5488.26   5883.88   7       1624901.0 ms
cross iterater67
bad   	rand   	bad   	rand   	ab
ab6	4
ab7	5
fail		5497.32   5958.58   7       1645134.0 ms
cross iterater68
bad   	success		5417.39   5742.67   7       1645150.0 ms cross
rand   	bad   	success		5583.38   5695.31   7       1649361.0 ms cross
rand   	ab
ab7	4
fail		5315.75   5873.17   7       1657582.0 ms
fail		5471.86   5867.49   7       1661825.0 ms
fail		5450.35   5911.61   7       1665881.0 ms
cross iterater69
ab
ab7	3
ab6	5
cross iterater70
bad   	rand   	bad   	rand   	ab
ab7	1
cross iterater71
bad   	success		5672.74   5903.04   7       1682573.0 ms cross
rand   	bad   	success		5531.15   5746.82   7       1686379.0 ms cross
rand   	ab
ab7	5
ab6	1
cross iterater72
bad   	success		5412.99   5689.03   7       1689952.0 ms cross
rand   	bad   	success		5450.56   5710.20   7       1693898.0 ms cross
rand   	ab
fail		5412.99   5864.37   7       1702119.0 ms
cross iterater73
bad   	success		5897.07   5925.51   7       1704163.0 ms cross
rand   	bad   	rand   	success		6044.68   5864.30   7       1714412.0 ms cross
ab
ab6	5
fail		6044.68   6225.12   7       1718078.0 ms
cross iterater74
bad   	success		5776.98   5849.36   7       1719965.0 ms cross
rand   	bad   	success		6212.62   6346.70   7       1725643.0 ms cross
rand   	ab
ab6	1
cross iterater75
bad   	success		5483.19   5749.89   7       1729356.0 ms cross
rand   	bad   	success		5591.38   5659.54   7       1732928.0 ms cross
rand   	ab
ab6	0
ab7	4
fail		5761.44   5996.65   7       1741056.0 ms
fail		5736.13   6203.40   7       1744956.0 ms
cross iterater76
bad   	success		5723.37   5942.20   7       1744956.0 ms cross
rand   	bad   	success		5519.78   5791.23   7       1748622.0 ms cross
rand   	ab
ab7	4
fail		5723.37   5958.58   7       1756671.0 ms
cross iterater77
bad   	rand   	bad   	rand   	ab
ab7	0
fail		5745.56   6140.83   7       1777294.0 ms
fail		5701.26   5906.95   7       1781116.0 ms
fail		5412.99   5864.37   7       1784813.0 ms
cross iterater78
bad   	success		5780.11   5978.31   7       1784828.0 ms cross
rand   	bad   	success		5760.89   5894.44   7       1788650.0 ms cross
rand   	ab
ab7	5
fail		5412.99   5864.37   7       1796559.0 ms
fail		5818.81   6214.07   7       1800225.0 ms
cross iterater79
bad   	success		5339.40   5599.74   7       1800241.0 ms cross
rand   	bad   	success		6155.16   6199.53   7       1806247.0 ms cross
rand   	ab
ab7	4
ab6	1
fail		5339.40   5760.26   7       1813937.0 ms
cross iterater80
bad   	success		5527.31   5721.58   7       1813953.0 ms cross
rand   	bad   	success		5712.49   5915.79   7       1819163.0 ms cross
rand   	ab
ab6	5
fail		5795.60   6026.82   7       1827088.0 ms
cross iterater81
bad   	success		5343.18   5588.47   7       1827197.0 ms cross
rand   	bad   	success		5758.76   5875.23   7       1831362.0 ms cross
rand   	ab
ab6	1
fail		5527.31   5775.55   7       1839146.0 ms
fail		5339.40   5760.26   7       1842859.0 ms
fail		5519.78   5817.89   7       1846993.0 ms
cross iterater82
bad   	success		5776.95   5943.18   7       1847008.0 ms cross
rand   	bad   	success		5484.02   5714.70   7       1850393.0 ms cross
rand   	ab
ab6	3
ab7	4
fail		5562.17   5810.41   7       1858334.0 ms
cross iterater83
bad   	success		5610.88   5932.25   7       1858349.0 ms cross
rand   	bad   	success		5553.55   5719.57   7       1862483.0 ms cross
rand   	ab
ab7	3
fail		5343.18   5641.46   7       1870798.0 ms
cross iterater84
ab
ab7	2
ab6	4
fail		5789.20   5994.90   7       1874635.0 ms
cross iterater85
bad   	success		5506.81   5678.05   7       1874651.0 ms cross
rand   	bad   	success		5838.18   6249.57   7       1880688.0 ms cross
rand   	ab
ab7	0
cross iterater86
bad   	rand   	bad   	rand   	ab
ab6	1
ab7	0
fail		5644.12   5897.02   7       1905023.0 ms
fail		5698.63   5931.82   7       1908471.0 ms
cross iterater87
bad   	success		5683.39   5933.53   7       1908471.0 ms cross
rand   	bad   	success		5514.42   5678.70   7       1912807.0 ms cross
rand   	ab
ab6	1
fail		5506.81   5712.51   7       1920794.0 ms
fail		5484.02   5757.78   7       1924757.0 ms
fail		5514.42   5745.64   7       1928376.0 ms
cross iterater88
bad   	success		5991.55   6088.35   7       1931449.0 ms cross
rand   	bad   	success		5730.73   5794.36   7       1938750.0 ms cross
rand   	ab
ab6	2
ab7	5
cross iterater89
bad   	success		5651.37   5967.54   7       1942681.0 ms cross
rand   	bad   	success		5488.76   5720.06   7       1946846.0 ms cross
rand   	ab
ab6	0
cross iterater90
ab
fail		5645.12   5984.13   7       1955114.0 ms
cross iterater91
bad   	rand   	bad   	rand   	ab
ab6	2
fail		5488.76   5744.22   7       1975799.0 ms
fail		5644.12   5897.02   7       1979792.0 ms
cross iterater92
bad   	success		5481.05   5699.37   7       1979792.0 ms cross
rand   	bad   	success		5724.35   5948.66   7       1984035.0 ms cross
rand   	ab
ab6	0
fail		5568.05   5859.04   7       1992459.0 ms
fail		5503.68   5919.01   7       1996453.0 ms
cross iterater93
bad   	rand   	bad   	rand   	ab
ab6	2
fail		5549.64   5840.62   7       2017325.0 ms
cross iterater94
bad   	rand   	bad   	success		5519.26   5687.43   7       2025749.0 ms cross
rand   	ab
ab6	5
fail		5568.05   5859.04   7       2032940.0 ms
cross iterater95
bad   	rand   	bad   	success		5574.52   5595.90   7       2040693.0 ms cross
rand   	ab
ab6	1
fail		5574.52   5780.22   7       2048181.0 ms
cross iterater96
bad   	success		5594.67   5794.36   7       2048196.0 ms cross
rand   	bad   	success		5560.25   5729.69   7       2052892.0 ms cross
rand   	ab
ab6	5
cross iterater97
bad   	success		5671.70   5672.44   7       2056386.0 ms cross
rand   	bad   	success		5437.89   5538.16   7       2060582.0 ms cross
rand   	ab
ab7	4
fail		5437.89   5663.81   7       2067961.0 ms
fail		5541.27   5844.08   7       2071923.0 ms
cross iterater98
bad   	rand   	bad   	rand   	ab
ab6	2
cross iterater99
bad   	success		5553.33   5683.23   7       2088490.0 ms cross
rand   	bad   	success		5472.09   5683.03   7       2092421.0 ms cross
rand   	ab
ab6	4
fail		5570.37   5861.36   7       2100876.0 ms

R.size:7

1		67	10	153	59	64	164	162	187	50	182	33	86	32	13	73	12	141	100	81	112	202	120	130	149	109	125	152	95	
2		28	196	102	76	104	93	198	131	45	77	139	9	146	103	185	123	74	122	163	117	82	75	168	21	34	68	
3		107	200	183	136	39	166	191	8	116	199	3	35	15	47	175	71	193	190	91	147	189	186	54	161	79	197	14	36	
4		171	63	173	132	118	94	46	78	98	84	192	30	60	133	108	62	89	49	96	129	160	24	170	17	7	4	23	157	52	105	
5		174	137	188	65	115	26	140	57	18	27	169	113	56	53	43	150	97	31	69	154	121	1	85	88	55	114	135	176	58	66	
6		144	42	110	6	184	29	138	2	90	126	128	148	48	143	25	145	80	158	20	194	127	5	19	156	195	101	106	11	83	159	
7		142	178	167	40	119	38	134	41	99	70	22	177	16	61	72	179	155	151	201	181	172	87	92	180	37	124	111	165	51	44	

data1/pdp200/LC2_2_9.txt
total_cost 5306.115899

