success		1       0       1       44      1       0       8247.65   104     15.0     ms
success		1       1       1       82      1       0       8394.97   103     15.0     ms
success		1       2       1       5       1       0       8423.76   102     15.0     ms
success		1       3       1       2       1       0       8488.64   101     15.0     ms
success		1       4       1       72      1       0       8631.64   100     15.0     ms
success		1       5       1       90      1       0       8784.82   99      15.0     ms
success		1       6       1       34      1       0       8940.06   98      15.0     ms
success		1       7       1       55      1       0       9018.85   97      15.0     ms
success		1       8       1       91      1       0       9060.62   96      15.0     ms
success		1       9       1       74      1       0       9220.41   95      15.0     ms
success		1       10      1       70      1       0       9339.05   94      15.0     ms
success		1       11      1       45      1       0       9426.15   93      15.0     ms
success		1       12      1       26      1       0       9598.66   92      15.0     ms
success		1       13      1       86      1       0       9663.18   91      15.0     ms
success		1       14      1       47      1       0       9835.28   90      15.0     ms
success		1       15      1       48      1       0       9847.04   89      15.0     ms
success		1       16      1       8       1       0       9892.74   88      15.0     ms
success		1       17      1       3       1       0       10012.02  87      15.0     ms
success		1       18      1       71      1       0       9976.82   86      15.0     ms
success		1       19      1       83      1       0       10114.95  85      15.0     ms
success		1       20      2       84      2       0       10307.46  84      15.0     ms
success		1       21      1       79      1       0       10266.96  83      15.0     ms
success		1       22      2       12      2       0       10401.82  82      15.0     ms
success		1       23      1       20      1       0       10407.16  81      31.0     ms
success		1       24      1       72      1       0       10549.22  80      31.0     ms
success		1       25      1       2       1       0       10497.41  79      31.0     ms
success		1       26      2       40      2       0       10305.28  78      31.0     ms
success		1       27      2       0       2       0       10340.60  77      31.0     ms
success		1       28      2       62      2       0       10338.35  76      31.0     ms
success		1       29      2       51      2       0       10428.14  75      31.0     ms
success		1       30      1       38      1       0       10492.96  74      31.0     ms
success		1       31      1       73      1       0       10675.31  73      31.0     ms
success		1       32      1       7       1       0       10802.03  72      31.0     ms
success		1       33      1       3       1       0       10812.35  71      31.0     ms
success		1       34      2       6       2       0       10938.60  70      31.0     ms
success		1       35      1       59      1       0       11104.74  69      31.0     ms
success		1       36      2       28      2       0       10901.16  68      31.0     ms
success		1       37      1       33      1       0       10953.38  67      31.0     ms
success		1       38      1       26      1       0       10973.35  66      31.0     ms
success		1       39      1       53      1       0       11085.24  65      31.0     ms
success		1       40      1       3       1       0       11173.72  64      31.0     ms
success		1       41      2       61      2       0       11203.34  63      31.0     ms
success		1       42      2       20      2       0       11393.04  62      31.0     ms
success		1       43      2       26      2       0       11347.05  61      31.0     ms
success		1       44      2       3       2       0       11192.96  60      31.0     ms
success		1       45      2       51      2       0       11342.01  59      31.0     ms
success		1       46      1       17      1       0       11377.54  58      31.0     ms
success		1       47      2       31      2       0       11196.39  57      31.0     ms
success		1       48      2       52      2       0       11297.60  56      31.0     ms
success		1       49      1       12      1       0       11558.06  55      31.0     ms
success		1       50      2       12      2       0       11493.75  54      31.0     ms
success		1       51      2       25      2       0       11609.96  53      31.0     ms
success		1       52      1       17      1       0       11623.21  52      31.0     ms
success		1       53      1       49      1       0       11471.63  51      31.0     ms
success		1       54      2       45      2       0       11480.65  50      31.0     ms
success		1       55      2       10      2       0       11490.09  49      31.0     ms
success		1       56      1       4       1       0       11350.17  48      31.0     ms
success		1       57      1       20      1       0       11314.54  47      31.0     ms
success		1       58      1       16      1       0       11414.76  46      31.0     ms
success		1       59      1       26      1       0       11360.39  45      31.0     ms
success		1       60      3       33      3       0       11046.17  44      31.0     ms
success		1       61      1       40      1       0       11120.90  43      31.0     ms
success		1       62      1       37      1       0       11115.25  42      31.0     ms
success		1       63      1       27      1       0       11267.62  41      31.0     ms
success		1       64      3       29      3       0       11331.37  40      46.0     ms
success		1       65      2       19      2       0       11491.68  39      46.0     ms
success		1       66      2       30      2       0       11583.59  38      46.0     ms
success		1       67      2       18      2       0       11547.56  37      46.0     ms
success		1       68      4       14      4       0       11708.65  36      46.0     ms
success		1       69      3       26      3       0       11785.72  35      46.0     ms
success		1       70      4       13      4       0       11896.28  34      46.0     ms
success		1       71      4       29      4       0       11830.51  33      46.0     ms
success		1       72      4       18      4       0       11510.59  32      46.0     ms
success		1       73      2       0       2       0       11331.07  31      46.0     ms
success		1       74      1       18      1       0       11406.11  30      46.0     ms
success		1       75      5       2       5       0       11244.94  29      46.0     ms
success		1       76      6       24      6       0       11225.56  28      46.0     ms
success		1       77      2       13      1       0       12573.02  27      46.0     ms
success		1       78      3       16      3       0       12125.99  26      46.0     ms
success		1       79      4       22      4       0       11352.25  25      46.0     ms
success		1       80      5       22      3       0       11138.37  24      62.0     ms
success		1       81      6       5       5       0       10838.61  23      62.0     ms
success		1       82      6       7       6       0       10223.03  22      62.0     ms
success		1       83      5       1       3       0       10115.33  21      62.0     ms
success		1       84      5       5       5       0       9430.18   20      62.0     ms
success		1       85      7       8       5       0       8589.03   19      78.0     ms
success		1       86      9       13      5       0       8455.68   18      78.0     ms
success		1       87      10      6       6       0       7894.63   17      93.0     ms
success		1       88      49      10      7       0       7197.36   16      218.0    ms
success		1       89      23      7       5       0       7012.55   15      249.0    ms
success		1       90      41      10      7       0       6304.11   14      327.0    ms
success		1       91      315     12      8       0       5763.88   13      1248.0   ms
success		1       0       1       88      1       0       21732.61  104     3806.0   ms
success		1       1       1       76      1       0       21612.02  103     3806.0   ms
success		1       2       1       79      1       0       21475.36  102     3806.0   ms
success		1       3       1       96      1       0       21316.15  101     3806.0   ms
success		1       4       1       46      1       0       21150.05  100     3806.0   ms
success		1       5       1       1       1       0       20980.53  99      3806.0   ms
success		1       6       1       60      1       0       20893.99  98      3806.0   ms
success		1       7       1       22      1       0       20829.36  97      3806.0   ms
success		1       8       1       12      1       0       20637.51  96      3806.0   ms
success		1       9       1       59      1       0       20186.58  95      3806.0   ms
success		1       10      1       46      1       0       20124.63  94      3806.0   ms
success		1       11      1       76      1       0       19958.09  93      3806.0   ms
success		1       12      1       32      1       0       19740.53  92      3806.0   ms
success		1       13      1       12      1       0       19597.53  91      3806.0   ms
success		1       14      2       13      2       0       19582.81  90      3806.0   ms
success		1       15      1       1       1       0       19431.61  89      3806.0   ms
success		1       16      1       7       1       0       18859.10  88      3806.0   ms
success		1       17      1       80      1       0       18679.96  87      3806.0   ms
success		1       18      1       38      1       0       18565.27  86      3806.0   ms
success		1       19      1       30      1       0       18250.21  85      3806.0   ms
success		1       20      1       81      1       0       17756.39  84      3806.0   ms
success		1       21      2       16      2       0       17680.80  83      3806.0   ms
success		1       22      1       60      1       0       17594.18  82      3806.0   ms
success		1       23      1       72      1       0       17467.46  81      3806.0   ms
success		1       24      1       50      1       0       17381.88  80      3806.0   ms
success		1       25      2       49      2       0       17506.61  79      3806.0   ms
success		1       26      1       39      1       0       17409.85  78      3806.0   ms
success		1       27      1       39      1       0       17450.47  77      3806.0   ms
success		1       28      1       30      1       0       17373.68  76      3806.0   ms
success		1       29      1       68      1       0       17091.82  75      3806.0   ms
success		1       30      1       3       1       0       16782.23  74      3806.0   ms
success		1       31      1       17      1       0       16655.26  73      3806.0   ms
success		1       32      1       19      1       0       16526.68  72      3806.0   ms
success		1       33      1       43      1       0       16394.69  71      3806.0   ms
success		1       34      1       36      1       0       16249.44  70      3806.0   ms
success		1       35      1       69      1       0       16092.55  69      3806.0   ms
success		1       36      1       33      1       0       15950.63  68      3806.0   ms
success		1       37      1       24      1       0       15611.19  67      3806.0   ms
success		1       38      1       52      1       0       15613.50  66      3806.0   ms
success		1       39      1       38      1       0       15513.28  65      3806.0   ms
success		1       40      1       43      1       0       15376.37  64      3806.0   ms
success		1       41      2       20      2       0       15485.01  63      3806.0   ms
success		1       42      1       4       1       0       15498.48  62      3806.0   ms
success		1       43      2       30      2       0       15438.31  61      3806.0   ms
success		1       44      1       27      1       0       15188.70  60      3806.0   ms
success		1       45      1       40      1       0       14797.92  59      3806.0   ms
success		1       46      1       23      1       0       14600.10  58      3806.0   ms
success		1       47      2       17      2       0       14521.57  57      3806.0   ms
success		1       48      3       55      3       0       14421.59  56      3806.0   ms
success		1       49      4       3       4       0       14087.45  55      3806.0   ms
success		1       50      1       48      1       0       13956.20  54      3822.0   ms
success		1       51      2       39      2       0       13921.82  53      3822.0   ms
success		1       52      1       32      1       0       13728.14  52      3822.0   ms
success		1       53      5       15      5       0       13584.05  51      3822.0   ms
success		1       54      2       14      2       0       13329.87  50      3822.0   ms
success		1       55      3       40      3       0       13144.91  49      3822.0   ms
success		1       56      3       42      3       0       12924.54  48      3822.0   ms
success		1       57      2       14      2       0       12833.23  47      3822.0   ms
success		1       58      1       44      1       0       12821.35  46      3822.0   ms
success		1       59      1       9       1       0       12675.60  45      3822.0   ms
success		1       60      4       16      4       0       12541.87  44      3822.0   ms
success		1       61      2       20      2       0       12635.84  43      3822.0   ms
success		1       62      3       1       3       0       12917.07  42      3822.0   ms
success		1       63      4       27      4       0       12353.54  41      3822.0   ms
success		1       64      3       31      3       0       12163.44  40      3822.0   ms
success		1       65      3       25      3       0       12095.42  39      3822.0   ms
success		1       66      5       34      5       0       11839.66  38      3822.0   ms
success		1       67      2       13      2       0       11840.52  37      3822.0   ms
success		1       68      3       33      3       0       11791.85  36      3822.0   ms
success		1       69      2       34      2       0       11498.05  35      3822.0   ms
success		1       70      3       33      3       0       11318.79  34      3822.0   ms
success		1       71      4       0       4       0       11009.10  33      3822.0   ms
success		1       72      1       15      1       0       10919.86  32      3822.0   ms
success		1       73      2       17      2       0       10819.87  31      3822.0   ms
success		1       74      5       15      5       0       10533.94  30      3822.0   ms
success		1       75      2       22      2       0       10519.34  29      3822.0   ms
success		1       76      3       19      3       0       10580.83  28      3822.0   ms
success		1       77      4       22      4       0       10412.14  27      3822.0   ms
success		1       78      4       23      3       0       11155.45  26      3822.0   ms
success		1       79      5       1       5       0       10643.53  25      3822.0   ms
success		1       80      6       5       5       0       11387.00  24      3822.0   ms
success		1       81      4       6       4       0       10773.49  23      3822.0   ms
success		1       82      7       16      5       0       10037.75  22      3822.0   ms
success		1       83      10      17      6       0       9671.91   21      3822.0   ms
success		1       84      8       9       5       0       9123.80   20      3837.0   ms
success		1       85      5       19      4       0       9193.21   19      3837.0   ms
success		1       86      6       16      5       0       8188.44   18      3837.0   ms
success		1       87      10      5       6       0       7843.64   17      3853.0   ms
success		1       88      23      6       6       0       7575.88   16      3884.0   ms
success		1       89      20      9       5       0       6705.77   15      3931.0   ms
success		1       90      71      6       6       0       6320.67   14      4087.0   ms
success		1       91      318     12      6       0       5902.33   13      4914.0   ms
success		1       0       1       71      1       0       21639.91  104     7285.0   ms
success		1       1       1       78      1       0       21391.90  103     7285.0   ms
success		1       2       1       56      1       0       21299.88  102     7285.0   ms
success		1       3       1       21      1       0       21221.09  101     7285.0   ms
success		1       4       1       73      1       0       21100.50  100     7285.0   ms
success		1       5       1       85      1       0       20873.71  99      7285.0   ms
success		1       6       1       32      1       0       20787.44  98      7285.0   ms
success		1       7       1       2       1       0       20723.78  97      7285.0   ms
success		1       8       1       43      1       0       20623.74  96      7285.0   ms
success		1       9       1       82      1       0       20492.49  95      7285.0   ms
success		1       10      1       75      1       0       20375.97  94      7285.0   ms
success		1       11      1       14      1       0       20251.47  93      7285.0   ms
success		1       12      1       39      1       0       20129.14  92      7285.0   ms
success		1       13      1       61      1       0       19957.03  91      7285.0   ms
success		1       14      1       7       1       0       19848.21  90      7285.0   ms
success		1       15      1       39      1       0       19697.34  89      7285.0   ms
success		1       16      1       64      1       0       19486.91  88      7285.0   ms
success		1       17      1       69      1       0       19114.09  87      7285.0   ms
success		1       18      1       79      1       0       18962.71  86      7285.0   ms
success		1       19      1       24      1       0       18477.75  85      7285.0   ms
success		1       20      1       18      1       0       18323.67  84      7285.0   ms
success		1       21      1       2       1       0       18066.66  83      7285.0   ms
success		1       22      1       52      1       0       17866.62  82      7285.0   ms
success		1       23      1       32      1       0       17789.83  81      7285.0   ms
success		1       24      1       71      1       0       17497.19  80      7285.0   ms
success		1       25      1       16      1       0       17344.82  79      7285.0   ms
success		1       26      1       6       1       0       17133.26  78      7285.0   ms
success		1       27      1       70      1       0       17014.95  77      7285.0   ms
success		1       28      1       39      1       0       16892.78  76      7285.0   ms
success		1       29      1       26      1       0       16529.25  75      7285.0   ms
success		1       30      2       54      2       0       16421.18  74      7300.0   ms
success		1       31      1       11      1       0       16283.05  73      7300.0   ms
success		1       32      1       58      1       0       16116.51  72      7300.0   ms
success		1       33      1       33      1       0       15974.60  71      7300.0   ms
success		1       34      1       65      1       0       15702.74  70      7300.0   ms
success		1       35      1       25      1       0       15547.10  69      7300.0   ms
success		1       36      2       63      2       0       15543.67  68      7300.0   ms
success		1       37      1       16      1       0       15219.58  67      7300.0   ms
success		1       38      1       30      1       0       15251.38  66      7300.0   ms
success		1       39      1       54      1       0       15186.15  65      7300.0   ms
success		1       40      1       51      1       0       14907.41  64      7300.0   ms
success		1       41      1       33      1       0       14933.89  63      7300.0   ms
success		1       42      2       33      2       0       15063.00  62      7300.0   ms
success		1       43      2       52      2       0       14811.89  61      7300.0   ms
success		1       44      1       51      1       0       14796.16  60      7300.0   ms
success		1       45      1       36      1       0       14695.94  59      7300.0   ms
success		1       46      1       25      1       0       14397.80  58      7300.0   ms
success		1       47      2       49      2       0       14311.91  57      7300.0   ms
success		1       48      2       32      2       0       14365.87  56      7300.0   ms
success		1       49      3       24      3       0       14383.58  55      7300.0   ms
success		1       50      3       29      3       0       14432.81  54      7300.0   ms
success		1       51      1       38      1       0       14334.01  53      7300.0   ms
success		1       52      1       50      1       0       13820.43  52      7300.0   ms
success		1       53      2       0       2       0       13616.16  51      7300.0   ms
success		1       54      2       36      2       0       13373.90  50      7300.0   ms
success		1       55      1       33      1       0       13156.11  49      7300.0   ms
success		1       56      2       34      2       0       13078.21  48      7300.0   ms
success		1       57      1       32      1       0       13078.24  47      7300.0   ms
success		1       58      3       32      3       0       13288.09  46      7300.0   ms
success		1       59      2       35      2       0       13496.47  45      7300.0   ms
success		1       60      2       0       2       0       13195.44  44      7300.0   ms
success		1       61      3       38      3       0       13368.35  43      7300.0   ms
success		1       62      3       9       3       0       13085.04  42      7300.0   ms
success		1       63      3       18      3       0       13089.23  41      7300.0   ms
success		1       64      4       3       4       0       12758.65  40      7300.0   ms
success		1       65      2       2       2       0       12584.16  39      7300.0   ms
success		1       66      2       2       2       0       12445.77  38      7300.0   ms
success		1       67      2       30      2       0       12457.68  37      7300.0   ms
success		1       68      2       29      2       0       12481.71  36      7300.0   ms
success		1       69      2       31      2       0       12311.73  35      7300.0   ms
success		1       70      5       20      5       0       12133.12  34      7300.0   ms
success		1       71      4       17      4       0       12058.08  33      7300.0   ms
success		1       72      4       6       4       0       11497.73  32      7300.0   ms
success		1       73      1       13      1       0       11160.89  31      7300.0   ms
success		1       74      2       28      2       0       10987.38  30      7300.0   ms
success		1       75      5       3       5       0       11044.06  29      7300.0   ms
success		1       76      3       21      3       0       10813.27  28      7300.0   ms
success		1       77      4       3       4       0       10813.27  27      7300.0   ms
success		1       78      4       24      4       0       10322.60  26      7300.0   ms
success		1       79      2       12      2       0       10096.25  25      7300.0   ms
success		1       80      6       12      4       0       10601.07  24      7300.0   ms
success		1       81      3       19      3       0       10319.08  23      7300.0   ms
success		1       82      4       1       4       0       9799.82   22      7300.0   ms
success		1       83      8       12      6       0       9664.06   21      7300.0   ms
success		1       84      7       17      7       0       8999.45   20      7300.0   ms
success		1       85      7       11      5       0       8460.26   19      7316.0   ms
success		1       86      20      10      6       0       8535.70   18      7332.0   ms
success		1       87      5       9       5       0       7374.74   17      7332.0   ms
success		1       88      15      3       8       0       7473.35   16      7347.0   ms
success		1       89      22      2       9       0       7078.78   15      7363.0   ms
success		1       90      80      10      8       0       6317.03   14      7550.0   ms
success		1       91      100     4       7       0       5866.71   13      7831.0   ms
success		1       0       1       45      1       0       21653.38  104     10077.0  ms
success		1       1       1       93      1       0       21337.11  103     10077.0  ms
success		1       2       1       15      1       0       21212.61  102     10077.0  ms
success		1       3       1       9       1       0       20969.92  101     10077.0  ms
success		1       4       1       99      1       0       20633.56  100     10077.0  ms
success		1       5       1       35      1       0       20425.48  99      10077.0  ms
success		1       6       1       93      1       0       20263.82  98      10077.0  ms
success		1       7       1       84      1       0       20096.40  97      10077.0  ms
success		1       8       1       93      1       0       19800.38  96      10077.0  ms
success		1       9       1       90      1       0       19689.18  95      10077.0  ms
success		1       10      1       49      1       0       19567.01  94      10077.0  ms
success		1       11      1       1       1       0       19342.80  93      10077.0  ms
success		1       12      2       88      2       0       18931.94  92      10077.0  ms
success		1       13      1       79      1       0       18765.40  91      10077.0  ms
success		1       14      1       11      1       0       18573.54  90      10077.0  ms
success		1       15      1       47      1       0       18391.19  89      10077.0  ms
success		1       16      1       13      1       0       18238.01  88      10077.0  ms
success		1       17      1       59      1       0       18191.55  87      10077.0  ms
success		1       18      1       14      1       0       17933.03  86      10077.0  ms
success		1       19      1       54      1       0       17459.58  85      10077.0  ms
success		1       20      3       4       3       0       17104.85  84      10077.0  ms
success		1       21      1       45      1       0       16981.11  83      10077.0  ms
success		1       22      1       70      1       0       16848.35  82      10077.0  ms
success		1       23      1       11      1       0       16710.22  81      10077.0  ms
success		1       24      1       23      1       0       16249.80  80      10077.0  ms
success		1       25      1       67      1       0       16243.85  79      10077.0  ms
success		1       26      1       29      1       0       16123.47  78      10077.0  ms
success		1       27      1       52      1       0       16024.67  77      10077.0  ms
success		1       28      1       68      1       0       15847.87  76      10077.0  ms
success		1       29      1       20      1       0       15613.14  75      10077.0  ms
success		1       30      1       50      1       0       15570.04  74      10077.0  ms
success		1       31      1       72      1       0       15418.39  73      10077.0  ms
success		1       32      1       34      1       0       15572.26  72      10077.0  ms
success		1       33      1       23      1       0       15485.98  71      10077.0  ms
success		1       34      1       36      1       0       15395.87  70      10077.0  ms
success		1       35      2       1       2       0       15482.48  69      10077.0  ms
success		1       36      2       32      2       0       15484.35  68      10077.0  ms
success		1       37      1       46      1       0       15311.84  67      10077.0  ms
success		1       38      1       59      1       0       15145.70  66      10077.0  ms
success		1       39      2       58      2       0       15054.39  65      10077.0  ms
success		1       40      1       35      1       0       14920.22  64      10077.0  ms
success		1       41      1       47      1       0       14827.18  63      10077.0  ms
success		1       42      1       40      1       0       14871.89  62      10077.0  ms
success		1       43      1       15      1       0       14826.23  61      10077.0  ms
success		1       44      1       35      1       0       14773.16  60      10077.0  ms
success		1       45      1       15      1       0       14496.97  59      10077.0  ms
success		1       46      2       15      2       0       14408.97  58      10077.0  ms
success		1       47      1       23      1       0       14332.19  57      10093.0  ms
success		1       48      1       15      1       0       14248.05  56      10093.0  ms
success		1       49      2       4       2       0       14266.73  55      10093.0  ms
success		1       50      2       6       2       0       14378.23  54      10093.0  ms
success		1       51      2       38      2       0       14309.21  53      10093.0  ms
success		1       52      1       39      1       0       14000.71  52      10093.0  ms
success		1       53      1       47      1       0       13888.77  51      10093.0  ms
success		1       54      1       12      1       0       13778.35  50      10093.0  ms
success		1       55      2       25      2       0       13512.47  49      10093.0  ms
success		1       56      3       14      3       0       13488.99  48      10093.0  ms
success		1       57      1       24      1       0       13236.12  47      10093.0  ms
success		1       58      4       2       4       0       13171.22  46      10093.0  ms
success		1       59      1       16      1       0       13157.38  45      10093.0  ms
success		1       60      3       22      3       0       13296.23  44      10093.0  ms
success		1       61      3       10      3       0       13353.74  43      10093.0  ms
success		1       62      1       18      1       0       12969.09  42      10093.0  ms
success		1       63      2       22      2       0       12829.91  41      10093.0  ms
success		1       64      2       38      2       0       12812.96  40      10093.0  ms
success		1       65      2       18      2       0       12782.37  39      10093.0  ms
success		1       66      3       0       3       0       12494.13  38      10093.0  ms
success		1       67      3       8       3       0       12542.50  37      10093.0  ms
success		1       68      2       7       2       0       12698.58  36      10093.0  ms
success		1       69      2       35      2       0       12401.77  35      10093.0  ms
success		1       70      2       20      2       0       12376.48  34      10093.0  ms
success		1       71      3       26      3       0       12111.02  33      10093.0  ms
success		1       72      4       20      4       0       11727.25  32      10093.0  ms
success		1       73      3       12      3       0       11477.58  31      10093.0  ms
success		1       74      3       22      3       0       11110.73  30      10093.0  ms
success		1       75      1       20      1       0       10858.80  29      10093.0  ms
success		1       76      6       4       6       0       10658.88  28      10093.0  ms
success		1       77      4       16      4       0       10456.54  27      10093.0  ms
success		1       78      4       1       4       0       10453.77  26      10093.0  ms
success		1       79      5       21      4       0       11626.96  25      10093.0  ms
success		1       80      5       20      5       0       10890.00  24      10093.0  ms
success		1       81      3       13      3       0       10392.75  23      10093.0  ms
success		1       82      7       6       6       0       11062.08  22      10093.0  ms
success		1       83      5       5       5       0       9998.98   21      10093.0  ms
success		1       84      3       12      3       0       9396.80   20      10093.0  ms
success		1       85      12      4       5       0       8491.83   19      10108.0  ms
success		1       86      11      16      6       0       8328.12   18      10108.0  ms
success		1       87      24      14      7       0       7801.53   17      10124.0  ms
success		1       88      13      9       5       0       7338.47   16      10124.0  ms
success		1       89      31      9       6       0       6791.46   15      10171.0  ms
success		1       90      69      9       6       0       6208.39   14      10311.0  ms
success		1       91      310     2       9       0       5823.33   13      11044.0  ms
success		1       0       1       31      1       0       21577.44  104     13353.0  ms
success		1       1       1       19      1       0       21390.13  103     13353.0  ms
success		1       2       1       37      1       0       21163.81  102     13353.0  ms
success		1       3       1       14      1       0       21020.81  101     13353.0  ms
success		1       4       1       38      1       0       20845.99  100     13353.0  ms
success		1       5       2       46      2       0       20713.55  99      13353.0  ms
success		1       6       1       3       1       0       20533.09  98      13353.0  ms
success		1       7       1       12      1       0       20220.55  97      13353.0  ms
success		1       8       1       45      1       0       20098.39  96      13353.0  ms
success		1       9       1       68      1       0       19840.51  95      13353.0  ms
success		1       10      1       71      1       0       19794.82  94      13353.0  ms
success		1       11      1       70      1       0       19530.51  93      13353.0  ms
success		1       12      2       66      2       0       19496.70  92      13353.0  ms
success		1       13      1       30      1       0       19397.69  91      13353.0  ms
success		1       14      1       86      1       0       19250.38  90      13353.0  ms
success		1       15      1       69      1       0       19133.86  89      13353.0  ms
success		1       16      1       80      1       0       19003.05  88      13353.0  ms
success		1       17      1       0       1       0       18843.25  87      13353.0  ms
success		1       18      1       59      1       0       18688.07  86      13353.0  ms
success		1       19      2       36      2       0       18655.63  85      13353.0  ms
success		1       20      1       21      1       0       18476.89  84      13353.0  ms
success		1       21      1       41      1       0       18043.04  83      13353.0  ms
success		1       22      1       41      1       0       17908.87  82      13353.0  ms
success		1       23      1       11      1       0       17577.54  81      13353.0  ms
success		1       24      1       16      1       0       17411.29  80      13353.0  ms
success		1       25      1       47      1       0       17221.47  79      13353.0  ms
success		1       26      1       52      1       0       17048.96  78      13369.0  ms
success		1       27      1       37      1       0       16865.03  77      13369.0  ms
success		1       28      2       5       2       0       16809.47  76      13369.0  ms
success		1       29      2       16      2       0       16594.01  75      13369.0  ms
success		1       30      2       23      2       0       16727.16  74      13369.0  ms
success		1       31      1       42      1       0       16607.05  73      13369.0  ms
success		1       32      2       31      2       0       16192.29  72      13369.0  ms
success		1       33      4       65      4       0       15948.91  71      13369.0  ms
success		1       34      2       16      2       0       15763.68  70      13369.0  ms
success		1       35      2       12      2       0       15752.51  69      13369.0  ms
success		1       36      1       29      1       0       15652.24  68      13369.0  ms
success		1       37      1       17      1       0       15487.61  67      13369.0  ms
success		1       38      1       42      1       0       15383.71  66      13369.0  ms
success		1       39      1       7       1       0       15236.89  65      13369.0  ms
success		1       40      2       27      2       0       14982.99  64      13369.0  ms
success		1       41      3       26      3       0       14854.23  63      13369.0  ms
success		1       42      2       62      2       0       14469.64  62      13369.0  ms
success		1       43      2       27      2       0       14584.05  61      13369.0  ms
success		1       44      2       56      2       0       14269.63  60      13369.0  ms
success		1       45      2       44      2       0       14249.61  59      13369.0  ms
success		1       46      3       9       3       0       14075.49  58      13369.0  ms
success		1       47      2       34      2       0       13961.33  57      13369.0  ms
success		1       48      2       42      2       0       13714.36  56      13369.0  ms
success		1       49      1       20      1       0       13564.52  55      13369.0  ms
success		1       50      1       8       1       0       13445.88  54      13369.0  ms
success		1       51      1       23      1       0       13283.76  53      13369.0  ms
success		1       52      2       36      2       0       13336.22  52      13369.0  ms
success		1       53      4       42      4       0       13230.58  51      13369.0  ms
success		1       54      3       4       3       0       13053.93  50      13369.0  ms
success		1       55      1       34      1       0       12801.40  49      13369.0  ms
success		1       56      2       10      2       0       12675.46  48      13369.0  ms
success		1       57      2       19      2       0       12600.14  47      13369.0  ms
success		1       58      1       46      1       0       12461.46  46      13369.0  ms
success		1       59      3       27      3       0       12240.84  45      13369.0  ms
success		1       60      2       33      2       0       12475.74  44      13369.0  ms
success		1       61      3       41      3       0       12500.93  43      13369.0  ms
success		1       62      3       39      3       0       11958.57  42      13369.0  ms
success		1       63      2       4       2       0       11735.14  41      13369.0  ms
success		1       64      2       14      2       0       11934.08  40      13369.0  ms
success		1       65      3       8       3       0       12140.07  39      13369.0  ms
success		1       66      2       14      2       0       12349.73  38      13369.0  ms
success		1       67      3       13      3       0       12047.71  37      13369.0  ms
success		1       68      3       34      3       0       11986.10  36      13369.0  ms
success		1       69      3       28      3       0       12140.18  35      13369.0  ms
success		1       70      3       6       3       0       12080.31  34      13369.0  ms
success		1       71      4       2       4       0       11791.99  33      13369.0  ms
success		1       72      4       23      4       0       11558.90  32      13369.0  ms
success		1       73      5       27      5       0       11720.91  31      13369.0  ms
success		1       74      3       5       3       0       11696.69  30      13369.0  ms
success		1       75      3       22      3       0       11319.54  29      13369.0  ms
success		1       76      4       24      3       0       12238.11  28      13369.0  ms
success		1       77      3       8       3       0       11731.38  27      13369.0  ms
success		1       78      3       5       3       0       11624.02  26      13369.0  ms
success		1       79      3       19      3       0       10687.47  25      13369.0  ms
success		1       80      5       7       4       0       10798.96  24      13369.0  ms
success		1       81      6       22      5       0       10077.24  23      13369.0  ms
success		1       82      5       9       5       0       9422.83   22      13369.0  ms
success		1       83      5       2       4       0       10152.11  21      13384.0  ms
success		1       84      5       14      5       0       9180.30   20      13384.0  ms
success		1       85      6       3       5       0       8985.62   19      13384.0  ms
success		1       86      17      8       4       0       8460.45   18      13400.0  ms
success		1       87      19      13      4       0       7940.89   17      13416.0  ms
success		1       88      20      9       6       0       7389.72   16      13447.0  ms
success		1       89      10      14      6       0       6714.68   15      13447.0  ms
success		1       90      84      4       8       0       6158.54   14      13618.0  ms
success		1       91      354     4       8       0       5779.47   13      14492.0  ms
success		1       0       1       3       1       0       21577.85  104     17019.0  ms
success		1       1       1       69      1       0       21451.48  103     17019.0  ms
success		1       2       1       60      1       0       21303.88  102     17019.0  ms
success		1       3       1       32      1       0       21217.60  101     17019.0  ms
success		1       4       1       69      1       0       20841.22  100     17019.0  ms
success		1       5       1       74      1       0       20739.52  99      17019.0  ms
success		1       6       1       25      1       0       20612.55  98      17019.0  ms
success		1       7       1       41      1       0       20428.32  97      17019.0  ms
success		1       8       1       2       1       0       20342.09  96      17019.0  ms
success		1       9       2       16      2       0       20360.60  95      17019.0  ms
success		1       10      1       16      1       0       20124.03  94      17019.0  ms
success		1       11      1       93      1       0       19941.45  93      17019.0  ms
success		1       12      1       62      1       0       19768.94  92      17019.0  ms
success		1       13      1       67      1       0       19682.28  91      17019.0  ms
success		1       14      1       70      1       0       19565.76  90      17019.0  ms
success		1       15      1       3       1       0       19220.66  89      17019.0  ms
success		1       16      1       36      1       0       19023.57  88      17019.0  ms
success		1       17      1       7       1       0       18918.48  87      17019.0  ms
success		1       18      1       61      1       0       18708.04  86      17019.0  ms
success		1       19      1       74      1       0       18581.32  85      17019.0  ms
success		1       20      1       26      1       0       18453.24  84      17019.0  ms
success		1       21      1       52      1       0       18263.43  83      17019.0  ms
success		1       22      1       29      1       0       18130.08  82      17019.0  ms
success		1       23      2       47      2       0       17976.61  81      17019.0  ms
success		1       24      2       5       2       0       17667.16  80      17019.0  ms
success		1       25      1       53      1       0       17548.01  79      17019.0  ms
success		1       26      1       4       1       0       17393.47  78      17019.0  ms
success		1       27      2       26      2       0       17237.83  77      17019.0  ms
success		1       28      2       21      2       0       17154.83  76      17019.0  ms
success		1       29      1       21      1       0       17086.48  75      17019.0  ms
success		1       30      1       49      1       0       17065.87  74      17019.0  ms
success		1       31      2       0       2       0       16948.11  73      17019.0  ms
success		1       32      2       45      2       0       16704.86  72      17019.0  ms
success		1       33      1       42      1       0       16661.74  71      17019.0  ms
success		1       34      2       24      2       0       16682.59  70      17019.0  ms
success		1       35      2       51      2       0       16499.32  69      17019.0  ms
success		1       36      1       31      1       0       16392.10  68      17019.0  ms
success		1       37      1       20      1       0       16233.32  67      17019.0  ms
success		1       38      1       66      1       0       16094.65  66      17019.0  ms
success		1       39      3       5       3       0       15910.78  65      17019.0  ms
success		1       40      2       18      2       0       15887.37  64      17019.0  ms
success		1       41      4       34      4       0       15909.15  63      17019.0  ms
success		1       42      1       50      1       0       15743.00  62      17019.0  ms
success		1       43      1       52      1       0       15526.87  61      17019.0  ms
success		1       44      1       52      1       0       15273.62  60      17019.0  ms
success		1       45      1       54      1       0       15331.29  59      17019.0  ms
success		1       46      2       52      2       0       15064.23  58      17019.0  ms
success		1       47      3       32      3       0       14431.40  57      17019.0  ms
success		1       48      4       54      4       0       14234.79  56      17019.0  ms
success		1       49      1       33      1       0       14184.53  55      17019.0  ms
success		1       50      2       5       2       0       14206.77  54      17019.0  ms
success		1       51      1       29      1       0       14148.32  53      17019.0  ms
success		1       52      2       0       2       0       14057.01  52      17019.0  ms
success		1       53      3       35      3       0       13888.13  51      17019.0  ms
success		1       54      2       3       2       0       13779.83  50      17019.0  ms
success		1       55      1       42      1       0       13820.55  49      17019.0  ms
success		1       56      1       23      1       0       13692.07  48      17019.0  ms
success		1       57      1       15      1       0       13652.69  47      17019.0  ms
success		1       58      1       11      1       0       13626.40  46      17019.0  ms
success		1       59      2       4       2       0       13397.45  45      17035.0  ms
success		1       60      3       16      3       0       13550.06  44      17035.0  ms
success		1       61      2       27      2       0       13405.50  43      17035.0  ms
success		1       62      1       42      1       0       13095.60  42      17035.0  ms
success		1       63      1       31      1       0       13077.67  41      17035.0  ms
success		1       64      2       38      2       0       13233.58  40      17035.0  ms
success		1       65      5       4       5       0       13160.72  39      17035.0  ms
success		1       66      5       27      5       0       12365.57  38      17035.0  ms
success		1       67      1       20      1       0       12122.75  37      17035.0  ms
success		1       68      3       29      3       0       11922.29  36      17035.0  ms
success		1       69      2       21      2       0       12092.22  35      17035.0  ms
success		1       70      3       29      3       0       12120.08  34      17035.0  ms
success		1       71      5       4       5       0       11993.21  33      17035.0  ms
success		1       72      2       12      2       0       11975.77  32      17035.0  ms
success		1       73      4       27      4       0       11804.31  31      17035.0  ms
success		1       74      2       0       2       0       11619.17  30      17035.0  ms
success		1       75      6       28      6       0       11913.20  29      17035.0  ms
success		1       76      4       4       3       0       12476.60  27      17035.0  ms
success		1       77      4       20      4       0       11851.75  26      17035.0  ms
success		1       78      2       0       2       0       11031.89  25      17035.0  ms
success		1       79      5       9       4       0       11543.08  24      17035.0  ms
success		1       80      7       12      5       0       11293.35  23      17035.0  ms
success		1       81      6       2       4       0       10578.86  22      17035.0  ms
success		1       82      5       20      5       0       9643.89   21      17035.0  ms
success		1       83      7       19      5       0       9382.10   20      17035.0  ms
success		1       84      6       19      3       0       9233.50   19      17050.0  ms
success		1       85      11      5       5       0       8000.37   18      17050.0  ms
success		1       86      7       9       6       0       7942.11   17      17050.0  ms
success		1       87      31      16      7       0       7398.62   16      17097.0  ms
success		1       88      21      7       8       0       6705.31   15      17128.0  ms
success		1       89      78      2       7       0       6616.60   14      17315.0  ms
success		1       90      92      3       10      0       5862.19   13      17534.0  ms
cross iterater0
bad   	success		5511.91   5877.09   13      20357.0  ms cross
rand   	success		5118.18   5135.77   12      21761.0  ms cross
bad   	success		5626.54   5804.42   13      22775.0  ms cross
rand   	ab
ab6	2
ab7	1
fail		5651.94   5995.74   13      27799.0  ms
fail		5515.69   5937.94   13      30466.0  ms
cross iterater1
bad   	success		5428.75   6004.27   13      30497.0  ms cross
rand   	bad   	rand   	success		5303.97   5957.70   13      35692.0  ms cross
ab
ab6	1
fail		5105.61   5478.74   12      38594.0  ms
cross iterater2
bad   	success		5444.66   5794.31   13      39264.0  ms cross
rand   	bad   	success		5524.62   5835.12   13      42104.0  ms cross
rand   	ab
ab7	5
ab6	3
cross iterater3
bad   	success		5599.51   5803.08   13      45005.0  ms cross
rand   	success		5052.32   5124.46   12      46830.0  ms cross
bad   	rand   	ab
ab7	5
ab6	2
fail		5026.03   5453.93   12      55005.0  ms
fail		5027.94   5421.14   12      57922.0  ms
fail		5052.32   5406.53   12      61011.0  ms
cross iterater4
ab
ab7	3
fail		5090.34   5494.43   12      64255.0  ms
fail		5111.79   5480.68   12      67874.0  ms
cross iterater5
bad   	rand   	bad   	rand   	ab
ab7	0
ab6	4
fail		5090.34   5494.43   12      81587.0  ms
cross iterater6
ab
ab6	5
ab7	3
fail		5067.26   5444.26   12      85034.0  ms
fail		5057.59   5491.66   12      88279.0  ms
cross iterater7
bad   	success		5103.63   5413.01   12      90120.0  ms cross
rand   	bad   	success		5046.69   5454.06   12      93240.0  ms cross
rand   	ab
ab6	4
fail		5049.18   5432.87   12      99823.0  ms
cross iterater8
bad   	success		4993.19   5162.89   12      101024.0 ms cross
rand   	bad   	success		5008.35   5449.10   12      106016.0 ms cross
rand   	ab
ab6	5
ab7	2
fail		5069.68   5494.96   12      111694.0 ms
fail		5002.74   5363.26   12      114471.0 ms
cross iterater9
bad   	success		5056.44   5338.08   12      115516.0 ms cross
rand   	bad   	rand   	ab
ab6	4
fail		4885.37   5481.59   12      128979.0 ms
cross iterater10
ab
ab6	1
fail		5003.04   5344.78   12      132052.0 ms
cross iterater11
bad   	rand   	bad   	success		4921.95   5379.33   12      138089.0 ms cross
rand   	ab
ab6	0
ab7	5
fail		4984.50   5371.25   12      144688.0 ms
fail		5037.59   5390.86   12      148853.0 ms
cross iterater12
bad   	rand   	bad   	success		4890.00   5167.22   12      154750.0 ms cross
rand   	ab
ab6	1
fail		5010.49   5434.12   12      162425.0 ms
fail		5069.69   5375.02   12      164827.0 ms
cross iterater13
bad   	rand   	success		5116.28   5281.49   12      168618.0 ms cross
bad   	success		4986.51   5144.32   12      169523.0 ms cross
rand   	ab
ab6	5
ab7	3
fail		5069.69   5375.02   12      176231.0 ms
cross iterater14
ab
ab7	4
fail		5002.74   5363.26   12      179756.0 ms
fail		5116.28   5470.09   12      183017.0 ms
cross iterater15
bad   	rand   	bad   	success		5113.43   5341.38   12      190442.0 ms cross
rand   	ab
ab7	4
ab6	0
cross iterater16
ab
ab7	2
fail		4984.50   5371.25   12      194576.0 ms
cross iterater17
bad   	success		5089.84   5217.95   12      195075.0 ms cross
rand   	bad   	rand   	success		5024.37   5385.41   12      200878.0 ms cross
ab
ab7	0
ab6	3
fail		5006.48   5493.37   12      204092.0 ms
fail		4910.81   5434.88   12      207539.0 ms
cross iterater18
bad   	rand   	bad   	rand   	ab
ab6	2
ab7	3
fail		5036.92   5486.29   12      221844.0 ms
cross iterater19
bad   	rand   	bad   	rand   	ab
ab6	1
ab7	2
fail		4999.52   5423.03   12      237319.0 ms
cross iterater20
bad   	rand   	bad   	success		5004.78   5494.30   12      243622.0 ms cross
rand   	ab
ab6	5
ab7	1
fail		5100.51   5379.11   12      250002.0 ms
cross iterater21
bad   	rand   	bad   	rand   	ab
ab6	4
ab7	3
fail		4968.78   5530.50   12      267692.0 ms
cross iterater22
bad   	success		5128.15   5417.26   12      267692.0 ms cross
rand   	bad   	success		5028.05   5364.20   12      271748.0 ms cross
rand   	ab
ab6	1
fail		5020.66   5497.96   12      278643.0 ms
fail		5100.51   5379.11   12      281701.0 ms
fail		5028.05   5416.66   12      285039.0 ms
cross iterater23
bad   	success		4983.51   5424.45   12      285039.0 ms cross
rand   	bad   	success		5018.08   5400.41   12      288159.0 ms cross
rand   	ab
ab6	1
fail		4983.51   5452.62   12      294274.0 ms
cross iterater24
bad   	success		5011.75   5403.11   12      294274.0 ms cross
rand   	bad   	rand   	ab
ab6	3
ab7	4
cross iterater25
bad   	rand   	success		5043.36   5266.45   12      309968.0 ms cross
bad   	rand   	ab
ab6	5
ab7	2
fail		5021.27   5494.88   12      317970.0 ms
fail		5037.01   5478.89   12      320856.0 ms
fail		5016.22   5441.68   12      324491.0 ms
cross iterater26
bad   	rand   	bad   	success		5079.61   5456.18   12      330279.0 ms cross
rand   	ab
ab7	2
cross iterater27
bad   	success		5142.78   5148.78   12      333664.0 ms cross
rand   	bad   	success		4997.24   5156.86   12      338749.0 ms cross
rand   	ab
ab6	1
fail		4997.24   5382.82   12      344178.0 ms
cross iterater28
bad   	success		5055.87   5171.05   12      346346.0 ms cross
rand   	bad   	rand   	ab
ab6	0
ab7	5
fail		5117.91   5416.30   12      358109.0 ms
fail		5038.51   5467.27   12      360963.0 ms
fail		5095.22   5496.66   12      364473.0 ms
cross iterater29
ab
ab6	3
cross iterater30
bad   	success		4995.40   5380.96   12      364489.0 ms cross
rand   	bad   	success		5014.75   5467.09   12      370261.0 ms cross
rand   	ab
ab6	1
fail		5014.75   5457.11   12      376376.0 ms
fail		4992.80   5430.95   12      379839.0 ms
cross iterater31
bad   	success		5006.87   5369.13   12      380432.0 ms cross
rand   	bad   	rand   	ab
ab7	5
fail		5005.08   5410.06   12      393770.0 ms
cross iterater32
ab
ab7	0
cross iterater33
bad   	success		5149.52   5337.46   12      396032.0 ms cross
rand   	bad   	rand   	success		5019.41   5324.06   12      403021.0 ms cross
ab
ab6	3
ab7	4
fail		4997.78   5461.30   12      406234.0 ms
fail		5108.82   5461.14   12      409838.0 ms
cross iterater34
bad   	rand   	bad   	rand   	success		5148.52   5315.35   12      421335.0 ms cross
ab
ab7	2
fail		5148.52   5512.74   12      424517.0 ms
cross iterater35
bad   	rand   	success		5155.28   5441.78   12      427465.0 ms cross
bad   	success		4995.12   5222.48   12      428355.0 ms cross
rand   	ab
ab7	3
cross iterater36
bad   	rand   	bad   	rand   	ab
ab7	4
cross iterater37
bad   	rand   	bad   	rand   	ab
ab7	3
cross iterater38
ab
ab7	0
fail		4995.12   5332.42   12      456325.0 ms
cross iterater39
bad   	success		4912.58   5132.24   12      456481.0 ms cross
rand   	bad   	rand   	ab
ab6	5
fail		5088.81   5395.50   12      463953.0 ms
fail		5002.97   5301.02   12      465888.0 ms
cross iterater40
bad   	rand   	bad   	rand   	ab
ab7	1
ab6	3
fail		4912.58   5358.60   12      474811.0 ms
cross iterater41
ab
ab7	3
cross iterater42
bad   	rand   	bad   	success		4951.63   5205.20   12      478118.0 ms cross
rand   	ab
ab7	1
ab6	4
fail		5002.97   5301.02   12      482439.0 ms
cross iterater43
ab
ab7	4
fail		4995.80   5317.96   12      485107.0 ms
cross iterater44
bad   	rand   	success		4914.94   5323.27   12      487571.0 ms cross
bad   	rand   	success		5033.29   5326.56   12      490426.0 ms cross
ab
ab6	4
fail		4914.94   5359.00   12      492314.0 ms
fail		5033.29   5461.46   12      494529.0 ms
cross iterater45
ab
ab6	2
cross iterater46
bad   	success		4967.46   5397.52   12      494747.0 ms cross
rand   	bad   	rand   	ab
ab6	5
ab7	3
fail		4995.80   5317.96   12      502017.0 ms
cross iterater47
ab
ab6	3
fail		4995.80   5317.96   12      503936.0 ms
cross iterater48
bad   	rand   	bad   	rand   	ab
ab6	3
ab7	1
fail		4984.26   5469.56   12      512765.0 ms
cross iterater49
bad   	success		5051.73   5359.71   12      512765.0 ms cross
rand   	bad   	rand   	success		4995.90   5085.83   12      517539.0 ms cross
ab
ab6	0
ab7	3
fail		4909.29   5455.85   12      519520.0 ms
fail		5055.43   5441.82   12      521875.0 ms
fail		4995.80   5317.96   12      523763.0 ms
cross iterater50
ab
ab7	0
cross iterater51
bad   	rand   	success		5007.79   5158.66   12      526727.0 ms cross
bad   	success		5090.56   5212.79   12      528349.0 ms cross
rand   	ab
fail		4995.90   5368.37   12      531859.0 ms
cross iterater52
ab
ab6	1
fail		5090.56   5399.82   12      533794.0 ms
fail		4906.11   5297.40   12      535915.0 ms
cross iterater53
ab
fail		5000.60   5386.20   12      537974.0 ms
cross iterater54
bad   	success		4895.27   5316.28   12      539144.0 ms cross
rand   	bad   	success		5039.17   5460.45   12      541703.0 ms cross
rand   	ab
ab6	5
fail		5007.79   5430.54   12      545384.0 ms
fail		5000.60   5386.20   12      547334.0 ms
cross iterater55
bad   	rand   	bad   	rand   	ab
ab6	5
ab7	3
fail		4895.27   5385.25   12      556211.0 ms
cross iterater56
bad   	rand   	bad   	success		5039.69   5422.99   12      559814.0 ms cross
rand   	ab
ab6	4
ab7	3
cross iterater57
bad   	rand   	success		4955.35   5290.04   12      564416.0 ms cross
bad   	success		5081.16   5356.51   12      565087.0 ms cross
rand   	ab
ab6	2
fail		5016.93   5451.69   12      568550.0 ms
cross iterater58
bad   	rand   	bad   	rand   	ab
ab6	5
ab7	2
fail		5021.43   5410.77   12      577348.0 ms
cross iterater59
bad   	success		5048.78   5210.75   12      578003.0 ms cross
rand   	bad   	rand   	ab
ab6	3
ab7	1
cross iterater60
ab
ab6	1
fail		5029.98   5400.40   12      585913.0 ms
fail		4957.40   5431.01   12      587613.0 ms
cross iterater61
bad   	success		5084.97   5388.68   12      587613.0 ms cross
rand   	bad   	success		4897.62   5405.42   12      589953.0 ms cross
rand   	ab
ab6	2
fail		5028.78   5429.25   12      593759.0 ms
fail		5067.09   5469.33   12      595584.0 ms
fail		5057.36   5396.06   12      597488.0 ms
fail		4897.62   5397.94   12      599843.0 ms
cross iterater62
bad   	success		5103.53   5333.32   12      599874.0 ms cross
rand   	bad   	rand   	success		5095.86   5389.22   12      604149.0 ms cross
ab
ab6	4
cross iterater63
ab
ab6	1
cross iterater64
ab
ab6	2
ab7	5
fail		4970.36   5512.34   12      606489.0 ms
fail		5057.42   5391.64   12      608392.0 ms
fail		5022.97   5486.80   12      610467.0 ms
fail		5089.59   5481.20   12      612697.0 ms
cross iterater65
bad   	success		5029.20   5440.04   12      612697.0 ms cross
rand   	bad   	rand   	ab
ab7	0
cross iterater66
bad   	rand   	success		4816.95   5223.51   12      621106.0 ms cross
bad   	rand   	ab
ab6	2
ab7	3
cross iterater67
bad   	success		5011.13   5294.65   12      624194.0 ms cross
rand   	bad   	rand   	ab
ab7	4
ab6	1
fail		5074.27   5433.05   12      631027.0 ms
fail		5029.20   5441.35   12      633726.0 ms
cross iterater68
bad   	rand   	bad   	rand   	ab
ab6	4
ab7	2
fail		5029.20   5441.35   12      642072.0 ms
cross iterater69
bad   	rand   	bad   	rand   	ab
ab6	5
fail		5042.23   5430.04   12      650543.0 ms
fail		5063.98   5424.34   12      652227.0 ms
fail		5070.34   5406.37   12      653850.0 ms
cross iterater70
bad   	rand   	bad   	rand   	ab
ab6	2
cross iterater71
bad   	rand   	bad   	rand   	ab
ab6	1
fail		4999.07   5404.99   12      671150.0 ms
cross iterater72
bad   	rand   	bad   	rand   	ab
ab7	2
ab6	3
fail		5063.98   5424.34   12      680135.0 ms
cross iterater73
bad   	rand   	success		5136.78   5336.02   12      683489.0 ms cross
bad   	rand   	ab
ab7	4
fail		5027.97   5419.48   12      690088.0 ms
cross iterater74
bad   	rand   	bad   	rand   	ab
ab7	4
fail		5109.39   5416.66   12      699682.0 ms
cross iterater75
bad   	rand   	success		4999.46   5178.98   12      701788.0 ms cross
bad   	success		5218.90   5268.36   12      702147.0 ms cross
rand   	ab
ab7	4
ab6	5
fail		4999.46   5415.30   12      705345.0 ms
fail		4994.64   5426.40   12      707435.0 ms
cross iterater76
bad   	success		5037.06   5118.29   12      707544.0 ms cross
rand   	bad   	rand   	ab
ab7	2
ab6	5
fail		5092.30   5479.02   12      714939.0 ms
cross iterater77
bad   	success		5020.03   5314.18   12      715063.0 ms cross
rand   	bad   	rand   	ab
ab7	2
ab6	5
cross iterater78
bad   	rand   	bad   	rand   	ab
ab7	5
ab6	0
cross iterater79
bad   	rand   	bad   	success		5060.87   5337.97   12      731256.0 ms cross
rand   	ab
ab7	2
ab6	0
fail		5038.01   5486.96   12      735499.0 ms
cross iterater80
bad   	success		5183.02   5280.36   12      735608.0 ms cross
rand   	bad   	rand   	success		4836.13   5304.76   12      740257.0 ms cross
ab
ab7	0
cross iterater81
ab
ab7	3
ab6	4
fail		5053.32   5428.70   12      741770.0 ms
cross iterater82
ab
ab7	4
fail		4886.67   5414.61   12      743361.0 ms
cross iterater83
ab
ab7	4
cross iterater84
bad   	success		5085.64   5393.62   12      744282.0 ms cross
rand   	bad   	success		5005.06   5316.80   12      745982.0 ms cross
rand   	ab
ab7	0
ab6	4
fail		5093.01   5372.33   12      749445.0 ms
fail		5087.96   5445.69   12      751364.0 ms
cross iterater85
bad   	rand   	bad   	success		4980.93   5348.82   12      754734.0 ms cross
rand   	ab
ab6	5
ab7	4
fail		4980.93   5440.09   12      758446.0 ms
fail		4836.13   5387.20   12      760521.0 ms
fail		4929.26   5333.02   12      762175.0 ms
cross iterater86
bad   	rand   	success		5126.58   5229.50   12      763625.0 ms cross
bad   	success		4882.20   5241.53   12      763625.0 ms cross
rand   	ab
ab6	1
fail		5016.58   5379.14   12      767151.0 ms
fail		4989.74   5285.05   12      769117.0 ms
cross iterater87
bad   	success		5050.04   5138.97   12      769257.0 ms cross
rand   	bad   	success		4893.87   5324.41   12      771425.0 ms cross
rand   	ab
ab6	3
fail		4928.87   5400.93   12      775169.0 ms
fail		5073.61   5462.17   12      776963.0 ms
fail		5001.70   5374.98   12      778664.0 ms
cross iterater88
bad   	success		4992.10   5143.78   12      778664.0 ms cross
rand   	bad   	success		4951.10   5333.60   12      780364.0 ms cross
rand   	ab
ab6	1
fail		4928.87   5400.93   12      783921.0 ms
fail		4951.10   5385.15   12      785590.0 ms
fail		4893.87   5329.71   12      787743.0 ms
cross iterater89
bad   	rand   	bad   	success		5085.17   5209.08   12      791144.0 ms cross
rand   	ab
ab6	5
ab7	3
fail		4989.74   5285.05   12      794934.0 ms
fail		4992.10   5255.22   12      796869.0 ms
cross iterater90
ab
ab6	3
cross iterater91
bad   	success		4989.64   5179.39   12      798382.0 ms cross
rand   	bad   	success		5098.41   5270.93   12      800550.0 ms cross
rand   	ab
ab6	1
fail		4992.10   5255.22   12      803967.0 ms
cross iterater92
bad   	success		4986.79   5228.76   12      803982.0 ms cross
rand   	bad   	rand   	success		4957.97   5391.97   12      807539.0 ms cross
ab
ab7	0
fail		5090.75   5462.26   12      809489.0 ms
fail		5039.79   5450.64   12      811049.0 ms
fail		4989.74   5285.05   12      812562.0 ms
cross iterater93
ab
ab7	0
fail		4989.64   5390.21   12      814559.0 ms
cross iterater94
bad   	rand   	bad   	success		5040.31   5363.43   12      818272.0 ms cross
rand   	ab
ab6	3
fail		4989.64   5390.21   12      822047.0 ms
cross iterater95
bad   	rand   	success		5059.23   5372.08   12      824917.0 ms cross
bad   	rand   	success		5032.26   5330.73   12      828146.0 ms cross
ab
ab6	3
cross iterater96
bad   	success		5227.05   5280.15   12      828489.0 ms cross
rand   	bad   	success		5090.89   5410.93   12      831438.0 ms cross
rand   	ab
ab7	2
ab6	3
fail		5032.26   5419.40   12      835322.0 ms
fail		4986.79   5234.12   12      837350.0 ms
cross iterater97
bad   	success		4748.61   5339.11   12      837350.0 ms cross
rand   	bad   	rand   	ab
ab7	2
ab6	4
cross iterater98
bad   	success		5037.25   5306.21   12      842545.0 ms cross
rand   	bad   	success		4956.34   5288.53   12      845852.0 ms cross
rand   	ab
ab7	2
fail		4956.34   5379.40   12      849175.0 ms
cross iterater99
bad   	success		5079.83   5377.20   12      850236.0 ms cross
rand   	bad   	success		4990.44   5188.57   12      852669.0 ms cross
rand   	ab
ab7	1
ab6	4
fail		4882.21   5360.63   12      856023.0 ms
fail		4922.74   5372.80   12      857645.0 ms
fail		4956.34   5379.40   12      859533.0 ms

R.size:12

1		15	184	167	166	89	37	6	177	144	85	191	54	
2		73	30	98	194	34	90	84	118	62	111	113	119	
3		106	43	56	188	4	204	95	77	127	65	96	82	47	203	12	178	19	198	10	104	
4		63	150	80	3	131	86	209	11	158	176	143	21	123	200	112	59	24	157	
5		140	145	101	87	154	69	1	192	76	181	53	152	128	38	52	83	13	97	
6		196	185	169	142	189	102	208	136	173	100	159	74	39	94	174	108	
7		155	67	7	41	5	68	130	66	207	50	117	61	116	160	49	25	137	79	18	14	197	55	
8		175	72	71	33	70	164	46	125	151	141	129	193	186	206	179	190	153	147	107	9	
9		132	134	103	92	48	78	8	162	148	170	17	40	99	88	35	210	161	31	
10		135	93	199	28	182	27	64	109	180	133	195	36	44	172	120	156	51	126	26	202	91	75	
11		149	105	45	138	183	32	205	20	163	22	58	23	29	110	114	57	201	124	165	81	
12		2	115	168	122	171	16	139	42	187	146	60	121	

data1/pdp200/LR1_2_4.txt
total_cost 4748.612101

