success		1       0       1       51      1       0       45813.69  106     46.0     ms
success		1       1       1       64      1       0       45617.06  105     62.0     ms
success		1       2       1       79      1       0       45347.36  104     62.0     ms
success		1       3       1       2       1       0       44832.94  103     62.0     ms
success		1       4       1       54      1       0       44367.92  102     62.0     ms
success		1       5       1       47      1       0       43676.71  101     62.0     ms
success		1       6       1       72      1       0       43385.92  100     62.0     ms
success		1       7       1       6       1       0       42667.31  99      62.0     ms
success		1       8       1       58      1       0       42147.70  98      62.0     ms
success		1       9       1       56      1       0       41815.56  97      62.0     ms
success		1       10      1       70      1       0       41598.49  96      62.0     ms
success		1       11      1       75      1       0       41499.79  95      62.0     ms
success		1       12      1       76      1       0       41111.47  94      62.0     ms
success		1       13      1       45      1       0       40869.26  93      62.0     ms
success		1       14      1       81      1       0       40413.82  92      62.0     ms
success		1       15      1       87      1       0       39882.45  91      62.0     ms
success		1       16      1       41      1       0       39651.62  90      62.0     ms
success		1       17      2       23      2       0       38933.24  89      62.0     ms
success		1       18      1       87      1       0       38833.88  88      62.0     ms
success		1       19      2       13      2       0       38665.87  87      62.0     ms
success		1       20      2       60      2       0       38151.03  86      78.0     ms
success		1       21      1       15      1       0       37794.88  85      78.0     ms
success		1       22      1       55      1       0       37511.57  84      78.0     ms
success		1       23      1       38      1       0       37453.15  83      78.0     ms
success		1       24      1       40      1       0       37049.94  82      78.0     ms
success		1       25      1       74      1       0       36890.79  81      78.0     ms
success		1       26      1       52      1       0       36617.68  80      78.0     ms
success		1       27      1       1       1       0       36504.83  79      78.0     ms
success		1       28      2       48      2       0       36155.55  78      78.0     ms
success		1       29      1       36      1       0       35813.33  77      78.0     ms
success		1       30      1       56      1       0       35305.62  76      78.0     ms
success		1       31      2       2       2       0       34685.13  75      78.0     ms
success		1       32      1       58      1       0       34408.83  74      78.0     ms
success		1       33      1       2       1       0       33670.21  73      78.0     ms
success		1       34      2       10      2       0       33087.96  72      78.0     ms
success		1       35      1       9       1       0       32802.01  71      78.0     ms
success		1       36      1       7       1       0       32637.80  70      93.0     ms
success		1       37      1       59      1       0       32271.49  69      93.0     ms
success		1       38      1       6       1       0       31564.76  68      93.0     ms
success		1       39      1       48      1       0       31396.02  67      93.0     ms
success		1       40      1       24      1       0       30923.49  66      93.0     ms
success		1       41      1       45      1       0       30220.26  65      93.0     ms
success		1       42      3       21      3       0       29764.98  64      93.0     ms
success		1       43      2       62      2       0       29524.27  63      93.0     ms
success		1       44      1       2       1       0       29097.21  62      93.0     ms
success		1       45      3       18      3       0       28110.24  61      93.0     ms
success		1       46      3       51      3       0       27470.93  60      93.0     ms
success		1       47      3       26      3       0       27183.67  59      93.0     ms
success		1       48      2       39      2       0       26854.40  58      93.0     ms
success		1       49      2       1       2       0       26143.77  57      93.0     ms
success		1       50      1       11      1       0       25658.52  56      93.0     ms
success		1       51      2       37      2       0       25338.50  55      93.0     ms
success		1       52      3       51      3       0       24862.62  54      93.0     ms
success		1       53      2       29      2       0       24312.01  53      93.0     ms
success		1       54      2       49      2       0       23509.15  52      93.0     ms
success		1       55      1       18      1       0       22819.26  51      93.0     ms
success		1       56      2       5       2       0       22521.28  50      93.0     ms
success		1       57      2       16      2       0       22115.29  49      93.0     ms
success		1       58      2       7       2       0       21323.85  48      93.0     ms
success		1       59      2       31      2       0       20611.57  47      93.0     ms
success		1       60      2       20      2       0       20113.53  46      93.0     ms
success		1       61      2       30      2       0       19407.61  45      93.0     ms
success		1       62      2       7       2       0       18857.31  44      93.0     ms
success		1       63      3       41      3       0       19038.07  43      93.0     ms
success		1       64      2       18      2       0       18402.05  42      93.0     ms
success		1       65      4       26      4       0       18325.26  41      93.0     ms
success		1       66      2       1       2       0       17958.06  40      93.0     ms
success		1       67      3       24      3       0       17480.33  39      93.0     ms
success		1       68      4       26      2       0       18829.56  38      109.0    ms
success		1       69      4       5       2       0       17240.25  37      109.0    ms
success		1       70      5       30      3       0       16152.58  36      109.0    ms
success		1       71      7       26      3       0       15428.03  35      109.0    ms
success		1       72      5       28      4       0       13996.26  34      109.0    ms
success		1       73      13      16      2       0       14139.23  33      124.0    ms
success		1       74      3       15      3       0       13242.77  32      124.0    ms
success		1       75      3       14      3       0       12401.42  31      124.0    ms
success		1       76      25      14      3       0       11717.75  30      140.0    ms
success		1       77      37      18      4       0       10928.51  29      156.0    ms
success		1       78      79      27      4       0       10270.85  28      234.0    ms
success		1       79      132     19      4       0       10057.89  27      358.0    ms
success		1       0       1       72      1       0       58321.21  106     873.0    ms
success		1       1       1       46      1       0       57318.47  105     873.0    ms
success		1       2       1       70      1       0       56632.18  104     873.0    ms
success		1       3       1       46      1       0       55809.01  103     873.0    ms
success		1       4       1       76      1       0       55304.88  102     873.0    ms
success		1       5       1       98      1       0       54767.20  101     873.0    ms
success		1       6       1       62      1       0       54123.73  100     889.0    ms
success		1       7       1       54      1       0       53587.88  99      889.0    ms
success		1       8       1       56      1       0       52811.50  98      889.0    ms
success		1       9       1       57      1       0       52327.02  97      889.0    ms
success		1       10      1       2       1       0       51408.66  96      889.0    ms
success		1       11      1       38      1       0       50427.54  95      889.0    ms
success		1       12      1       28      1       0       49397.57  94      889.0    ms
success		1       13      1       27      1       0       48830.38  93      889.0    ms
success		1       14      1       76      1       0       48615.67  92      889.0    ms
success		1       15      3       61      3       0       47942.08  91      889.0    ms
success		1       16      1       37      1       0       47430.93  90      889.0    ms
success		1       17      1       46      1       0       46946.60  89      889.0    ms
success		1       18      1       7       1       0       46197.30  88      889.0    ms
success		1       19      2       50      2       0       45535.17  87      889.0    ms
success		1       20      1       61      1       0       44959.65  86      889.0    ms
success		1       21      2       14      2       0       44505.79  85      889.0    ms
success		1       22      2       75      2       0       43614.24  84      889.0    ms
success		1       23      1       40      1       0       43039.23  83      889.0    ms
success		1       24      1       58      1       0       42366.30  82      889.0    ms
success		1       25      1       2       1       0       41746.50  81      889.0    ms
success		1       26      2       27      2       0       41748.82  80      889.0    ms
success		1       27      1       12      1       0       40853.82  79      889.0    ms
success		1       28      1       5       1       0       40135.94  78      889.0    ms
success		1       29      1       43      1       0       39972.57  77      889.0    ms
success		1       30      2       29      2       0       39317.53  76      889.0    ms
success		1       31      1       28      1       0       38619.24  75      889.0    ms
success		1       32      2       22      2       0       38151.76  74      889.0    ms
success		1       33      2       26      2       0       37537.83  73      889.0    ms
success		1       34      1       1       1       0       37124.68  72      889.0    ms
success		1       35      1       47      1       0       36427.11  71      889.0    ms
success		1       36      1       52      1       0       35645.72  70      889.0    ms
success		1       37      1       13      1       0       34745.39  69      889.0    ms
success		1       38      1       54      1       0       34168.76  68      889.0    ms
success		1       39      1       31      1       0       33385.51  67      889.0    ms
success		1       40      2       18      2       0       33298.20  66      889.0    ms
success		1       41      1       62      1       0       32339.55  65      889.0    ms
success		1       42      2       14      2       0       31917.75  64      889.0    ms
success		1       43      2       26      2       0       31363.53  63      889.0    ms
success		1       44      1       23      1       0       30597.27  62      889.0    ms
success		1       45      2       21      2       0       30541.19  61      889.0    ms
success		1       46      3       34      3       0       29710.11  60      889.0    ms
success		1       47      1       36      1       0       29372.43  59      889.0    ms
success		1       48      2       28      2       0       29076.30  58      889.0    ms
success		1       49      2       0       2       0       28215.86  57      889.0    ms
success		1       50      3       4       3       0       27427.49  56      889.0    ms
success		1       51      2       6       2       0       26976.19  55      889.0    ms
success		1       52      2       27      2       0       26112.48  54      889.0    ms
success		1       53      1       21      1       0       25454.52  53      889.0    ms
success		1       54      2       20      2       0       25050.25  52      889.0    ms
success		1       55      2       32      2       0       24721.28  51      889.0    ms
success		1       56      1       2       1       0       24210.48  50      889.0    ms
success		1       57      1       17      1       0       23800.69  49      889.0    ms
success		1       58      1       35      1       0       23246.16  48      889.0    ms
success		1       59      3       44      3       0       22684.96  47      889.0    ms
success		1       60      1       1       1       0       22048.88  46      889.0    ms
success		1       61      2       14      2       0       21533.07  45      889.0    ms
success		1       62      2       15      2       0       20996.15  44      1013.0   ms
success		1       63      3       29      3       0       20169.95  43      1013.0   ms
success		1       64      2       6       2       0       19105.89  42      1013.0   ms
success		1       65      2       40      2       0       18546.63  41      1013.0   ms
success		1       66      4       40      4       0       17756.78  40      1013.0   ms
success		1       67      3       3       3       0       17153.59  39      1013.0   ms
success		1       68      3       18      3       0       16462.46  38      1013.0   ms
success		1       69      3       26      3       0       16083.09  37      1013.0   ms
success		1       70      3       4       2       0       17303.54  36      1013.0   ms
success		1       71      6       32      3       0       15128.45  35      1029.0   ms
success		1       72      3       21      3       0       14297.14  34      1029.0   ms
success		1       73      15      2       4       0       14441.81  33      1029.0   ms
success		1       74      5       19      4       0       13139.75  32      1029.0   ms
success		1       75      36      0       4       0       12547.18  31      1045.0   ms
success		1       76      50      6       4       0       11893.01  30      1076.0   ms
success		1       77      31      17      4       0       10935.23  29      1107.0   ms
success		1       78      98      17      4       0       10550.75  28      1201.0   ms
success		1       79      305     18      4       0       9665.49   27      1544.0   ms
success		1       80      371     22      5       0       9487.88   26      1949.0   ms
success		1       0       1       4       1       0       57837.31  106     2542.0   ms
success		1       1       1       78      1       0       57401.28  105     2542.0   ms
success		1       2       1       29      1       0       56793.21  104     2542.0   ms
success		1       3       1       22      1       0       55952.03  103     2542.0   ms
success		1       4       1       19      1       0       55119.14  102     2542.0   ms
success		1       5       1       31      1       0       54521.78  101     2542.0   ms
success		1       6       1       36      1       0       53995.51  100     2542.0   ms
success		1       7       1       45      1       0       53353.75  99      2542.0   ms
success		1       8       1       61      1       0       52619.64  98      2542.0   ms
success		1       9       1       58      1       0       52368.10  97      2542.0   ms
success		1       10      1       39      1       0       51864.75  96      2542.0   ms
success		1       11      1       56      1       0       51475.58  95      2542.0   ms
success		1       12      1       14      1       0       50977.36  94      2542.0   ms
success		1       13      1       53      1       0       50080.46  93      2542.0   ms
success		1       14      1       26      1       0       49289.66  92      2542.0   ms
success		1       15      1       46      1       0       48705.92  91      2542.0   ms
success		1       16      1       51      1       0       47969.30  90      2542.0   ms
success		1       17      1       15      1       0       47339.49  89      2542.0   ms
success		1       18      1       46      1       0       47144.56  88      2542.0   ms
success		1       19      1       22      1       0       46741.57  87      2542.0   ms
success		1       20      1       15      1       0       46295.52  86      2542.0   ms
success		1       21      1       44      1       0       45586.55  85      2542.0   ms
success		1       22      1       76      1       0       44526.02  84      2542.0   ms
success		1       23      1       73      1       0       43847.95  83      2542.0   ms
success		1       24      1       61      1       0       43383.90  82      2542.0   ms
success		1       25      2       78      2       0       42845.54  81      2542.0   ms
success		1       26      2       61      2       0       41894.16  80      2542.0   ms
success		1       27      2       35      2       0       41004.38  79      2542.0   ms
success		1       28      1       31      1       0       40593.15  78      2542.0   ms
success		1       29      1       9       1       0       39772.51  77      2542.0   ms
success		1       30      1       57      1       0       38894.75  76      2542.0   ms
success		1       31      1       9       1       0       37939.27  75      2542.0   ms
success		1       32      2       33      2       0       37362.17  74      2542.0   ms
success		1       33      2       10      2       0       36974.44  73      2542.0   ms
success		1       34      2       16      2       0       36154.32  72      2542.0   ms
success		1       35      2       8       2       0       35491.55  71      2542.0   ms
success		1       36      1       9       1       0       34941.10  70      2542.0   ms
success		1       37      1       7       1       0       34147.39  69      2542.0   ms
success		1       38      2       11      2       0       33712.41  68      2542.0   ms
success		1       39      1       52      1       0       32944.28  67      2542.0   ms
success		1       40      1       53      1       0       32329.53  66      2542.0   ms
success		1       41      1       5       1       0       31713.79  65      2542.0   ms
success		1       42      1       23      1       0       31437.59  64      2542.0   ms
success		1       43      1       42      1       0       30862.91  63      2542.0   ms
success		1       44      1       34      1       0       30543.92  62      2542.0   ms
success		1       45      1       6       1       0       30244.63  61      2542.0   ms
success		1       46      1       41      1       0       29482.20  60      2542.0   ms
success		1       47      2       54      2       0       28837.70  59      2542.0   ms
success		1       48      2       39      2       0       28397.07  58      2542.0   ms
success		1       49      1       23      1       0       28041.76  57      2542.0   ms
success		1       50      2       6       2       0       27328.49  56      2542.0   ms
success		1       51      2       47      2       0       26695.66  55      2542.0   ms
success		1       52      3       10      3       0       25709.59  54      2542.0   ms
success		1       53      2       28      2       0       25020.03  53      2542.0   ms
success		1       54      1       22      1       0       24349.51  52      2542.0   ms
success		1       55      2       45      2       0       23563.89  51      2542.0   ms
success		1       56      2       23      2       0       22971.83  50      2542.0   ms
success		1       57      2       27      2       0       22496.22  49      2542.0   ms
success		1       58      1       39      1       0       21892.06  48      2542.0   ms
success		1       59      4       10      4       0       21081.46  47      2542.0   ms
success		1       60      2       25      2       0       20692.37  46      2542.0   ms
success		1       61      2       0       2       0       20239.64  45      2542.0   ms
success		1       62      2       20      2       0       19738.40  44      2542.0   ms
success		1       63      2       20      2       0       19191.19  43      2542.0   ms
success		1       64      4       15      3       0       20025.29  40      2558.0   ms
success		1       65      4       11      3       0       19125.79  39      2558.0   ms
success		1       66      3       37      3       0       18012.62  38      2558.0   ms
success		1       67      4       16      4       0       16814.96  37      2558.0   ms
success		1       68      2       8       2       0       15991.81  36      2558.0   ms
success		1       69      4       12      3       0       14902.55  34      2558.0   ms
success		1       70      19      23      2       0       13606.99  32      2558.0   ms
success		1       71      21      20      4       0       12398.55  31      2573.0   ms
success		1       72      21      14      5       0       11769.13  30      2573.0   ms
success		1       73      11      12      5       0       11510.97  29      2589.0   ms
success		1       74      81      8       3       0       10576.36  28      2667.0   ms
success		1       75      84      18      4       0       9951.06   27      2761.0   ms
success		1       76      168     24      4       0       8901.14   26      2932.0   ms
success		1       0       1       3       1       0       57959.13  106     3431.0   ms
success		1       1       1       97      1       0       57505.34  105     3431.0   ms
success		1       2       1       25      1       0       56511.46  104     3431.0   ms
success		1       3       1       3       1       0       55901.64  103     3431.0   ms
success		1       4       1       97      1       0       54964.61  102     3431.0   ms
success		1       5       1       95      1       0       54490.50  101     3431.0   ms
success		1       6       1       91      1       0       53527.70  100     3431.0   ms
success		1       7       1       43      1       0       52717.69  99      3431.0   ms
success		1       8       1       76      1       0       52118.93  98      3431.0   ms
success		1       9       1       26      1       0       51827.77  97      3431.0   ms
success		1       10      1       1       1       0       51421.96  96      3431.0   ms
success		1       11      1       91      1       0       50672.37  95      3431.0   ms
success		1       12      2       39      2       0       50283.47  94      3431.0   ms
success		1       13      2       28      2       0       49901.65  93      3431.0   ms
success		1       14      1       92      1       0       49551.74  92      3431.0   ms
success		1       15      2       50      2       0       48924.52  91      3431.0   ms
success		1       16      2       16      2       0       48435.83  90      3431.0   ms
success		1       17      1       24      1       0       47903.05  89      3431.0   ms
success		1       18      2       54      2       0       47660.96  88      3431.0   ms
success		1       19      1       79      1       0       46951.91  87      3431.0   ms
success		1       20      1       56      1       0       46277.42  86      3431.0   ms
success		1       21      2       44      2       0       45532.22  85      3431.0   ms
success		1       22      1       22      1       0       44949.63  84      3431.0   ms
success		1       23      1       20      1       0       44472.53  83      3431.0   ms
success		1       24      2       12      2       0       43803.05  82      3431.0   ms
success		1       25      2       52      2       0       43118.77  81      3431.0   ms
success		1       26      1       43      1       0       42159.53  80      3431.0   ms
success		1       27      2       33      2       0       41517.46  79      3431.0   ms
success		1       28      1       72      1       0       40835.29  78      3431.0   ms
success		1       29      1       49      1       0       40366.14  77      3431.0   ms
success		1       30      1       59      1       0       39921.61  76      3431.0   ms
success		1       31      3       41      3       0       39218.18  75      3431.0   ms
success		1       32      2       26      2       0       38465.11  74      3431.0   ms
success		1       33      1       18      1       0       37570.25  73      3431.0   ms
success		1       34      1       62      1       0       37003.01  72      3431.0   ms
success		1       35      1       68      1       0       36169.71  71      3431.0   ms
success		1       36      1       3       1       0       35510.05  70      3431.0   ms
success		1       37      3       19      3       0       34567.29  69      3431.0   ms
success		1       38      1       64      1       0       34037.26  68      3431.0   ms
success		1       39      3       46      3       0       33699.59  67      3431.0   ms
success		1       40      1       41      1       0       32763.59  66      3431.0   ms
success		1       41      1       64      1       0       32088.07  65      3431.0   ms
success		1       42      1       36      1       0       31402.09  64      3431.0   ms
success		1       43      2       30      2       0       31266.67  63      3431.0   ms
success		1       44      2       12      2       0       30660.41  62      3431.0   ms
success		1       45      4       52      4       0       30336.90  61      3431.0   ms
success		1       46      2       56      2       0       29423.62  60      3431.0   ms
success		1       47      1       54      1       0       28990.42  59      3431.0   ms
success		1       48      1       52      1       0       28611.32  58      3431.0   ms
success		1       49      2       5       2       0       27890.37  57      3431.0   ms
success		1       50      1       47      1       0       27490.52  56      3431.0   ms
success		1       51      2       47      2       0       26817.65  55      3431.0   ms
success		1       52      1       51      1       0       26280.43  54      3431.0   ms
success		1       53      1       9       1       0       25769.62  53      3431.0   ms
success		1       54      2       20      2       0       25222.36  52      3431.0   ms
success		1       55      3       15      3       0       24650.42  51      3431.0   ms
success		1       56      3       34      3       0       23830.73  50      3431.0   ms
success		1       57      2       41      2       0       22926.00  49      3431.0   ms
success		1       58      3       24      3       0       22247.98  48      3431.0   ms
success		1       59      2       1       2       0       21619.08  47      3431.0   ms
success		1       60      2       31      2       0       20737.53  46      3431.0   ms
success		1       61      3       44      3       0       19935.52  45      3447.0   ms
success		1       62      2       2       2       0       19176.68  44      3447.0   ms
success		1       63      1       13      1       0       18712.41  43      3447.0   ms
success		1       64      2       19      2       0       18264.35  42      3447.0   ms
success		1       65      6       18      3       0       17259.21  37      3447.0   ms
success		1       66      4       2       4       0       15788.99  36      3447.0   ms
success		1       67      5       26      3       0       15307.77  35      3447.0   ms
success		1       68      9       23      3       0       14897.66  34      3447.0   ms
success		1       69      12      24      4       0       12873.95  32      3447.0   ms
success		1       70      11      16      5       0       13666.40  31      3463.0   ms
success		1       71      15      18      3       0       12199.66  30      3463.0   ms
success		1       72      20      24      4       0       11417.57  29      3478.0   ms
success		1       73      75      8       4       0       10402.08  28      3541.0   ms
success		1       74      166     1       4       0       9229.49   27      3697.0   ms
success		1       75      191     6       4       0       9312.27   26      3946.0   ms
success		1       0       1       98      1       0       58205.15  106     4492.0   ms
success		1       1       1       47      1       0       57273.38  105     4492.0   ms
success		1       2       1       90      1       0       56813.49  104     4492.0   ms
success		1       3       1       54      1       0       56051.87  103     4492.0   ms
success		1       4       1       16      1       0       55582.44  102     4492.0   ms
success		1       5       1       75      1       0       54812.80  101     4492.0   ms
success		1       6       1       94      1       0       53895.54  100     4492.0   ms
success		1       7       1       56      1       0       53645.14  99      4492.0   ms
success		1       8       1       51      1       0       53206.90  98      4492.0   ms
success		1       9       1       81      1       0       52309.80  97      4492.0   ms
success		1       10      1       18      1       0       51570.82  96      4492.0   ms
success		1       11      1       68      1       0       51177.82  95      4492.0   ms
success		1       12      1       47      1       0       50471.29  94      4492.0   ms
success		1       13      1       32      1       0       50060.25  93      4492.0   ms
success		1       14      1       25      1       0       49624.78  92      4492.0   ms
success		1       15      1       38      1       0       49299.44  91      4492.0   ms
success		1       16      3       49      3       0       48485.73  90      4492.0   ms
success		1       17      1       33      1       0       48000.14  89      4492.0   ms
success		1       18      1       40      1       0       47657.50  88      4492.0   ms
success		1       19      2       47      2       0       46937.12  87      4492.0   ms
success		1       20      2       23      2       0       46376.64  86      4492.0   ms
success		1       21      1       43      1       0       45794.38  85      4492.0   ms
success		1       22      1       69      1       0       45167.68  84      4492.0   ms
success		1       23      1       15      1       0       44297.66  83      4492.0   ms
success		1       24      1       31      1       0       43752.22  82      4492.0   ms
success		1       25      1       27      1       0       43126.13  81      4492.0   ms
success		1       26      1       34      1       0       42847.77  80      4492.0   ms
success		1       27      1       22      1       0       42463.72  79      4492.0   ms
success		1       28      1       75      1       0       41898.56  78      4492.0   ms
success		1       29      2       47      2       0       41361.92  77      4492.0   ms
success		1       30      2       42      2       0       40463.73  76      4492.0   ms
success		1       31      1       57      1       0       39529.96  75      4492.0   ms
success		1       32      3       52      3       0       38750.89  74      4492.0   ms
success		1       33      2       43      2       0       38603.03  73      4492.0   ms
success		1       34      2       15      2       0       37960.19  72      4492.0   ms
success		1       35      2       7       2       0       37561.62  71      4492.0   ms
success		1       36      2       1       2       0       37145.46  70      4492.0   ms
success		1       37      2       34      2       0       36379.62  69      4492.0   ms
success		1       38      1       10      1       0       36034.01  68      4492.0   ms
success		1       39      2       2       2       0       35235.10  67      4492.0   ms
success		1       40      1       12      1       0       34437.83  66      4492.0   ms
success		1       41      1       42      1       0       33448.94  65      4492.0   ms
success		1       42      2       2       2       0       32684.30  64      4492.0   ms
success		1       43      4       15      4       0       32249.47  63      4492.0   ms
success		1       44      2       36      2       0       31497.17  62      4492.0   ms
success		1       45      3       5       3       0       30991.67  61      4492.0   ms
success		1       46      3       51      3       0       30273.90  60      4492.0   ms
success		1       47      3       34      3       0       29855.23  59      4492.0   ms
success		1       48      1       11      1       0       29101.62  58      4492.0   ms
success		1       49      2       23      2       0       28215.57  57      4492.0   ms
success		1       50      2       11      2       0       27491.35  56      4492.0   ms
success		1       51      4       8       4       0       26762.18  55      4492.0   ms
success		1       52      2       2       2       0       25940.83  54      4492.0   ms
success		1       53      2       2       2       0       25132.21  53      4492.0   ms
success		1       54      4       31      4       0       24410.20  52      4492.0   ms
success		1       55      3       3       3       0       23844.52  51      4492.0   ms
success		1       56      3       22      3       0       23372.74  50      4492.0   ms
success		1       57      2       16      2       0       22667.81  49      4492.0   ms
success		1       58      2       30      2       0       22014.05  48      4492.0   ms
success		1       59      3       39      3       0       21480.56  47      4492.0   ms
success		1       60      2       38      2       0       20884.92  46      4492.0   ms
success		1       61      2       22      2       0       20416.93  45      4492.0   ms
success		1       62      2       33      2       0       19902.54  44      4492.0   ms
success		1       63      2       24      2       0       19113.94  43      4492.0   ms
success		1       64      2       16      2       0       18223.63  42      4492.0   ms
success		1       65      3       22      2       0       20163.79  41      4508.0   ms
success		1       66      4       24      4       0       19296.91  40      4508.0   ms
success		1       67      6       32      4       0       16857.14  37      4508.0   ms
success		1       68      4       21      4       0       15964.67  36      4508.0   ms
success		1       69      8       23      4       0       15437.21  35      4508.0   ms
success		1       70      7       17      3       0       14120.50  34      4508.0   ms
success		1       71      6       7       4       0       14142.57  33      4508.0   ms
success		1       72      5       8       4       0       13566.05  32      4508.0   ms
success		1       73      15      25      3       0       12591.88  31      4508.0   ms
success		1       74      29      1       3       0       12016.43  30      4539.0   ms
success		1       75      9       16      4       0       10883.90  29      4539.0   ms
success		1       76      61      2       4       0       10222.80  28      4586.0   ms
success		1       77      69      3       4       0       9297.29   27      4648.0   ms
success		1       78      441     0       4       0       9315.20   26      5179.0   ms
success		1       0       1       65      1       0       58446.63  106     5725.0   ms
success		1       1       1       29      1       0       57420.00  105     5725.0   ms
success		1       2       1       52      1       0       56972.32  104     5725.0   ms
success		1       3       1       5       1       0       56260.63  103     5725.0   ms
success		1       4       1       17      1       0       55625.29  102     5725.0   ms
success		1       5       1       38      1       0       55092.80  101     5725.0   ms
success		1       6       1       4       1       0       54247.54  100     5725.0   ms
success		1       7       1       36      1       0       53832.10  99      5725.0   ms
success		1       8       1       33      1       0       53130.19  98      5725.0   ms
success		1       9       1       16      1       0       52369.93  97      5725.0   ms
success		1       10      1       54      1       0       51523.59  96      5725.0   ms
success		1       11      1       29      1       0       51170.87  95      5725.0   ms
success		1       12      1       76      1       0       50392.68  94      5725.0   ms
success		1       13      1       45      1       0       49358.81  93      5725.0   ms
success		1       14      1       39      1       0       48425.84  92      5725.0   ms
success		1       15      1       33      1       0       47718.86  91      5725.0   ms
success		1       16      1       19      1       0       46824.00  90      5725.0   ms
success		1       17      1       22      1       0       46274.74  89      5725.0   ms
success		1       18      1       54      1       0       45533.98  88      5725.0   ms
success		1       19      1       71      1       0       44696.90  87      5725.0   ms
success		1       20      1       63      1       0       44188.15  86      5725.0   ms
success		1       21      2       7       2       0       43549.68  85      5725.0   ms
success		1       22      1       50      1       0       42697.11  84      5725.0   ms
success		1       23      1       29      1       0       42400.83  83      5725.0   ms
success		1       24      1       38      1       0       41729.20  82      5725.0   ms
success		1       25      1       22      1       0       41110.89  81      5725.0   ms
success		1       26      1       14      1       0       40695.43  80      5725.0   ms
success		1       27      1       52      1       0       40086.96  79      5725.0   ms
success		1       28      2       39      2       0       39627.04  78      5725.0   ms
success		1       29      1       74      1       0       38734.11  77      5725.0   ms
success		1       30      1       46      1       0       38585.08  76      5725.0   ms
success		1       31      1       61      1       0       38095.27  75      5725.0   ms
success		1       32      1       0       1       0       37568.42  74      5725.0   ms
success		1       33      1       40      1       0       36831.85  73      5725.0   ms
success		1       34      2       40      2       0       36325.66  72      5725.0   ms
success		1       35      2       47      2       0       35859.44  71      5725.0   ms
success		1       36      2       25      2       0       35323.87  70      5725.0   ms
success		1       37      2       20      2       0       34458.13  69      5725.0   ms
success		1       38      1       28      1       0       33907.73  68      5725.0   ms
success		1       39      1       39      1       0       33509.99  67      5725.0   ms
success		1       40      1       17      1       0       33243.55  66      5725.0   ms
success		1       41      2       37      2       0       32662.02  65      5725.0   ms
success		1       42      3       57      3       0       32288.48  64      5725.0   ms
success		1       43      1       60      1       0       31438.38  63      5725.0   ms
success		1       44      3       34      3       0       30654.57  62      5725.0   ms
success		1       45      2       33      2       0       30035.29  61      5725.0   ms
success		1       46      1       45      1       0       29070.75  60      5725.0   ms
success		1       47      3       54      3       0       28514.80  59      5725.0   ms
success		1       48      2       40      2       0       28155.35  58      5725.0   ms
success		1       49      3       21      3       0       27550.31  57      5725.0   ms
success		1       50      2       27      2       0       26895.92  56      5725.0   ms
success		1       51      3       54      3       0       26578.30  55      5725.0   ms
success		1       52      1       10      1       0       26039.05  54      5725.0   ms
success		1       53      2       4       2       0       25435.63  53      5725.0   ms
success		1       54      1       7       1       0       25125.91  52      5725.0   ms
success		1       55      2       30      2       0       24560.06  51      5725.0   ms
success		1       56      2       19      2       0       23978.68  50      5725.0   ms
success		1       57      2       30      2       0       23227.66  49      5725.0   ms
success		1       58      2       21      2       0       22969.67  48      5725.0   ms
success		1       59      3       38      3       0       22177.22  47      5725.0   ms
success		1       60      2       23      2       0       21551.47  46      5740.0   ms
success		1       61      3       25      3       0       20972.10  45      5740.0   ms
success		1       62      1       28      1       0       20219.28  44      5740.0   ms
success		1       63      1       31      1       0       19829.81  43      5740.0   ms
success		1       64      2       26      2       0       18880.18  42      5740.0   ms
success		1       65      4       13      2       0       18807.09  39      5740.0   ms
success		1       66      3       23      3       0       17583.64  38      5740.0   ms
success		1       67      4       37      2       0       17376.47  36      5740.0   ms
success		1       68      5       21      2       0       15482.98  35      5740.0   ms
success		1       69      9       3       3       0       13850.94  32      5740.0   ms
success		1       70      6       3       3       0       12295.57  31      5740.0   ms
success		1       71      35      23      3       0       11931.53  30      5771.0   ms
success		1       72      40      7       4       0       11572.89  29      5803.0   ms
success		1       73      14      0       3       0       11162.96  28      5803.0   ms
success		1       74      66      13      4       0       9930.64   27      5849.0   ms
cross iterater0
bad   	success		7322.18   9446.54   26      6193.0   ms cross
rand   	
bad   	success		7013.87   9031.23   26      6801.0   ms cross
rand   	fail		7070.10   9248.73   26      7425.0   ms cross
ab
ab7	0
cross iterater1
bad   	success		6816.49   10567.87  27      7737.0   ms cross
rand   	success		7211.38   9147.26   26      8127.0   ms cross
bad   	
rand   	success		6624.29   8068.98   25      9001.0   ms cross
bad   	
rand   	
bad   	success		7232.54   9469.59   26      9999.0   ms cross
rand   	fail		6862.68   9128.45   26      10607.0  ms cross
ab
ab6	5
fail		7070.10   9248.73   26      11107.0  ms
cross iterater2
bad   	success		6569.94   9540.73   26      11606.0  ms cross
rand   	
bad   	
rand   	
bad   	
rand   	
bad   	success		6998.42   9461.13   27      14273.0  ms cross
rand   	success		7050.71   9105.94   26      14273.0  ms cross
bad   	
rand   	
bad   	fail		7208.63   9350.38   26      15943.0  ms cross
rand   	fail		6695.36   9414.24   26      16473.0  ms cross
ab
ab7	1
cross iterater3
bad   	success		7315.35   9487.86   26      16473.0  ms cross
rand   	
bad   	success		7308.41   10171.78  27      17003.0  ms cross
rand   	fail		7303.18   10016.83  27      17518.0  ms cross
bad   	success		7226.78   9480.37   26      17643.0  ms cross
rand   	
bad   	fail		6842.42   9233.12   26      18688.0  ms cross
rand   	
ab
ab7	5
fail		6843.88   8978.59   26      19608.0  ms
fail		6624.29   8527.87   25      20123.0  ms
cross iterater4
bad   	success		6824.95   8983.71   26      20139.0  ms cross
rand   	
bad   	success		6916.28   9515.07   26      20732.0  ms cross
rand   	fail		7127.36   9369.46   26      21324.0  ms cross
bad   	fail		6900.62   9180.39   26      22011.0  ms cross
rand   	fail		6459.57   9283.84   26      22682.0  ms cross
bad   	fail		7338.79   8814.68   26      23243.0  ms cross
rand   	
ab
ab7	2
fail		6843.88   8978.59   26      24273.0  ms
cross iterater5
bad   	
rand   	success		7152.10   9495.88   26      25240.0  ms cross
bad   	
rand   	
bad   	
rand   	
bad   	success		6668.93   9040.74   26      27767.0  ms cross
rand   	
bad   	
rand   	
bad   	fail		6943.86   9296.33   26      29904.0  ms cross
rand   	
ab
ab7	4
ab6	2
fail		7338.79   8814.68   26      30981.0  ms
cross iterater6
bad   	success		7227.42   8642.24   26      31137.0  ms cross
rand   	
bad   	success		6579.71   9146.23   26      31652.0  ms cross
rand   	fail		6679.76   9469.21   26      32244.0  ms cross
bad   	success		7003.35   8167.39   25      32307.0  ms cross
rand   	
bad   	
rand   	
ab
ab7	3
ab6	0
fail		7003.35   8570.29   25      34584.0  ms
cross iterater7
bad   	
rand   	
bad   	
rand   	
ab
ab7	2
fail		6731.83   8654.38   25      37564.0  ms
cross iterater8
bad   	success		7320.85   9009.78   26      37579.0  ms cross
rand   	
bad   	success		6800.22   9250.70   26      38063.0  ms cross
rand   	success		6691.53   8365.76   25      38063.0  ms cross
bad   	
rand   	
bad   	
rand   	
ab
ab7	0
fail		6751.08   8759.32   25      41089.0  ms
cross iterater9
bad   	
rand   	fail		6357.91   9243.95   26      42025.0  ms cross
bad   	
rand   	fail		6282.14   9159.75   26      43180.0  ms cross
bad   	
rand   	
bad   	success		6976.87   9217.36   26      44178.0  ms cross
rand   	
bad   	
rand   	
bad   	
rand   	
ab
ab6	1
ab7	5
fail		6827.95   8689.71   25      47501.0  ms
cross iterater10
ab
ab6	3
fail		6731.83   8654.38   25      48031.0  ms
cross iterater11
bad   	
rand   	
bad   	
rand   	
bad   	fail		6668.27   8660.17   25      50964.0  ms cross
rand   	
bad   	
rand   	
bad   	
rand   	
bad   	
rand   	
ab
ab6	5
fail		6732.81   8436.44   25      55488.0  ms
fail		6835.27   8660.90   25      56034.0  ms
cross iterater12
bad   	
rand   	
bad   	
rand   	
ab
ab6	3
ab7	5
fail		6552.77   8325.10   25      59138.0  ms
fail		6740.67   8302.13   25      59747.0  ms
fail		6732.81   8436.44   25      60308.0  ms
fail		6835.27   8660.90   25      60917.0  ms
cross iterater13
bad   	
rand   	
bad   	
rand   	
bad   	fail		6830.11   8243.48   25      64005.0  ms cross
rand   	fail		6437.32   8231.12   25      64614.0  ms cross
bad   	
rand   	
ab
ab7	2
ab6	5
fail		6691.53   8508.70   25      66189.0  ms
cross iterater14
bad   	
rand   	
bad   	success		6617.85   8362.08   25      67469.0  ms cross
rand   	
bad   	
rand   	
bad   	
rand   	
ab
ab7	1
ab6	4
fail		6552.77   8325.10   25      70979.0  ms
cross iterater15
bad   	fail		6947.59   9290.11   26      71587.0  ms cross
rand   	fail		6702.38   8863.58   26      72164.0  ms cross
bad   	success		6342.05   8320.58   25      72164.0  ms cross
rand   	
bad   	
rand   	
bad   	
rand   	
ab
ab7	3
ab6	4
cross iterater16
ab
ab7	5
fail		6470.01   8351.33   25      75612.0  ms
cross iterater17
bad   	
rand   	
bad   	
rand   	
bad   	
rand   	
bad   	
rand   	
ab
ab7	4
ab6	1
fail		6645.97   8758.56   25      80838.0  ms
fail		6470.01   8351.33   25      81508.0  ms
cross iterater18
ab
ab7	0
cross iterater19
ab
fail		6821.07   8615.13   25      82132.0  ms
cross iterater20
ab
ab6	4
fail		6515.01   8541.27   25      82694.0  ms
cross iterater21
bad   	
rand   	
bad   	
rand   	
ab
ab7	0
fail		6515.46   8579.55   25      85471.0  ms
fail		6740.67   8302.13   25      86110.0  ms
cross iterater22
bad   	
rand   	
bad   	success		6600.23   8366.77   25      87343.0  ms cross
rand   	
bad   	
rand   	
bad   	
rand   	
ab
ab7	0
fail		6661.49   8222.95   25      90837.0  ms
fail		6804.35   8678.42   25      91321.0  ms
cross iterater23
bad   	
rand   	
bad   	
rand   	
bad   	
rand   	
bad   	
rand   	
ab
ab7	4
ab6	3
fail		6594.21   8477.87   25      96547.0  ms
fail		6600.23   8465.63   25      97124.0  ms
cross iterater24
bad   	success		6602.80   8461.96   25      97139.0  ms cross
rand   	
bad   	success		6590.48   8687.07   25      97654.0  ms cross
rand   	
ab
ab7	1
ab6	0
fail		6594.21   8477.87   25      98840.0  ms
cross iterater25
ab
ab7	5
fail		6676.87   8265.34   25      99433.0  ms
cross iterater26
bad   	
rand   	
bad   	
rand   	
bad   	
rand   	
bad   	
rand   	
ab
ab7	1
cross iterater27
bad   	success		6574.34   8572.05   25      104222.0 ms cross
rand   	
bad   	
rand   	
bad   	
rand   	
bad   	
rand   	
ab
ab7	5
fail		6436.96   8380.51   25      108730.0 ms
fail		6686.88   8636.19   25      109292.0 ms
cross iterater28
bad   	
rand   	
bad   	
rand   	
bad   	
rand   	
bad   	success		6282.51   8288.66   25      112583.0 ms cross
rand   	
bad   	
rand   	
bad   	
rand   	
ab
ab6	1
fail		6522.83   8559.47   25      114642.0 ms
cross iterater29
bad   	success		6410.08   9434.42   26      114642.0 ms cross
rand   	
bad   	success		6305.17   8463.13   25      114970.0 ms cross
rand   	
bad   	
rand   	
bad   	success		6491.62   8558.05   25      116140.0 ms cross
rand   	
ab
ab7	4
ab6	1
fail		6327.88   8259.53   25      117294.0 ms
fail		6436.96   8380.51   25      117840.0 ms
cross iterater30
bad   	success		6378.65   8481.05   25      117840.0 ms cross
rand   	
bad   	success		6585.37   8541.45   25      118418.0 ms cross
rand   	
bad   	
rand   	
bad   	
rand   	
ab
ab6	3
ab7	5
fail		6446.96   8380.55   25      122006.0 ms
fail		6676.87   8265.34   25      122598.0 ms
cross iterater31
bad   	success		6231.46   8283.20   25      122598.0 ms cross
rand   	
bad   	
rand   	
bad   	
rand   	
bad   	success		6377.23   8388.65   25      125360.0 ms cross
rand   	
ab
ab6	4
fail		6231.46   8305.93   25      126514.0 ms
fail		6282.51   8387.40   25      127169.0 ms
cross iterater32
bad   	
rand   	
bad   	
rand   	
bad   	
rand   	
bad   	
rand   	
ab
ab6	0
cross iterater33
bad   	success		6676.87   8240.14   25      131163.0 ms cross
rand   	
bad   	
rand   	
bad   	
rand   	
bad   	
rand   	
ab
ab6	1
fail		6231.46   8305.93   25      135889.0 ms
cross iterater34
ab
fail		6330.34   8367.18   25      136545.0 ms
cross iterater35
bad   	fail		6606.35   8475.76   25      137262.0 ms cross
rand   	
bad   	
rand   	
bad   	fail		6783.69   8793.31   25      139945.0 ms cross
rand   	
bad   	
rand   	
bad   	
rand   	
bad   	
rand   	
ab
ab6	1
fail		6485.47   8781.81   25      144563.0 ms
cross iterater36
bad   	
rand   	
bad   	
rand   	
ab
ab6	1
fail		6498.64   8657.68   25      147620.0 ms
cross iterater37
bad   	
rand   	
bad   	
rand   	
bad   	
rand   	
bad   	
rand   	
ab
ab6	1
fail		6391.43   8481.96   25      152753.0 ms
fail		6428.29   8625.66   25      153330.0 ms
fail		6330.34   8367.18   25      153907.0 ms
cross iterater38
ab
ab6	1
fail		6441.80   8502.85   25      154516.0 ms
cross iterater39
bad   	
rand   	
bad   	
rand   	
bad   	
rand   	
bad   	
rand   	
bad   	
rand   	
bad   	
rand   	
ab
ab7	0
fail		6584.88   8343.53   25      161941.0 ms
fail		6330.34   8367.18   25      162393.0 ms
cross iterater40
bad   	fail		6970.11   9526.73   26      163049.0 ms cross
rand   	fail		6520.81   9238.02   26      163563.0 ms cross
bad   	
rand   	
bad   	
rand   	
bad   	
rand   	
ab
ab6	2
fail		6560.16   8573.60   25      167588.0 ms
fail		6346.27   8531.48   25      168165.0 ms
fail		6391.43   8481.96   25      168774.0 ms
cross iterater41
bad   	success		6469.69   8444.24   25      168774.0 ms cross
rand   	
bad   	
rand   	
bad   	
rand   	
bad   	
rand   	
ab
ab7	0
fail		6391.43   8481.96   25      173625.0 ms
cross iterater42
bad   	
rand   	
bad   	success		6326.46   8410.69   25      174858.0 ms cross
rand   	
bad   	
rand   	
bad   	
rand   	fail		6360.65   8291.03   25      177853.0 ms cross
ab
ab7	0
cross iterater43
ab
cross iterater44
bad   	
rand   	
bad   	
rand   	
ab
fail		6483.32   8426.90   25      180879.0 ms
fail		6360.65   8291.03   25      181456.0 ms
fail		6235.17   8399.79   25      181956.0 ms
fail		6337.55   8449.73   25      182564.0 ms
cross iterater45
bad   	
rand   	fail		6898.94   9515.06   26      183781.0 ms cross
bad   	success		6494.50   8650.80   25      184124.0 ms cross
rand   	
ab
ab7	5
ab6	2
cross iterater46
bad   	success		6257.04   8356.68   25      184545.0 ms cross
rand   	
bad   	
rand   	
bad   	
rand   	
bad   	success		6611.77   8938.58   26      187494.0 ms cross
rand   	
bad   	
rand   	
bad   	
rand   	fail		6917.89   9457.46   26      189989.0 ms cross
ab
ab7	5
fail		6244.05   8315.26   25      190567.0 ms
cross iterater47
bad   	
rand   	
bad   	success		6253.35   8413.55   25      191721.0 ms cross
rand   	
bad   	
rand   	
bad   	
rand   	
ab
ab7	2
fail		6253.35   8432.78   25      195418.0 ms
fail		6257.04   8364.22   25      196011.0 ms
cross iterater48
bad   	
rand   	fail		6771.45   9372.02   26      197119.0 ms cross
bad   	
rand   	
ab
ab7	5
cross iterater49
ab
ab7	0
fail		6698.51   8476.28   25      198757.0 ms
fail		6430.48   8437.35   25      199365.0 ms
cross iterater50
bad   	
rand   	
bad   	
rand   	
bad   	
rand   	
bad   	
rand   	
bad   	
rand   	
bad   	
rand   	
ab
ab6	1
fail		6625.42   8221.57   25      204154.0 ms
cross iterater51
bad   	
rand   	
bad   	
rand   	
ab
ab6	3
ab7	5
fail		6665.40   8294.87   25      206260.0 ms
fail		6481.62   8458.89   25      206603.0 ms
fail		6265.61   8381.12   25      206978.0 ms
fail		6625.42   8221.57   25      207492.0 ms
cross iterater52
ab
ab6	1
cross iterater53
bad   	
rand   	
bad   	
rand   	
bad   	
rand   	
bad   	
rand   	
ab
ab6	2
ab7	0
fail		6257.04   8364.22   25      210612.0 ms
cross iterater54
bad   	
rand   	fail		6608.33   8363.30   25      211502.0 ms cross
bad   	
rand   	
bad   	
rand   	
bad   	success		6647.34   8268.63   25      214107.0 ms cross
rand   	
bad   	
rand   	
bad   	
rand   	
ab
ab6	3
ab7	4
fail		6540.56   8206.76   25      217617.0 ms
fail		6592.28   8320.06   25      218210.0 ms
cross iterater55
bad   	
rand   	
bad   	
rand   	
bad   	
rand   	
bad   	fail		6795.51   8620.50   25      222297.0 ms cross
rand   	
bad   	
rand   	
bad   	fail		6575.86   8446.99   25      224980.0 ms cross
rand   	
ab
ab7	2
ab6	4
fail		6592.28   8320.06   25      226072.0 ms
cross iterater56
bad   	
rand   	
bad   	
rand   	
bad   	
rand   	
bad   	
rand   	
bad   	
rand   	
bad   	
rand   	
ab
ab7	5
fail		6410.70   8429.88   25      233747.0 ms
fail		6830.73   8698.80   25      234246.0 ms
cross iterater57
bad   	
rand   	
bad   	
rand   	
bad   	
rand   	
bad   	
rand   	
ab
ab6	4
ab7	1
fail		6530.25   8376.53   25      239534.0 ms
fail		6498.75   8246.94   25      240112.0 ms
fail		6526.63   8646.59   25      240595.0 ms
cross iterater58
ab
ab6	4
fail		6498.75   8246.94   25      241313.0 ms
fail		6665.40   8294.87   25      241843.0 ms
cross iterater59
bad   	
rand   	
bad   	
rand   	
ab
ab6	1
cross iterater60
bad   	success		6520.87   8435.05   25      244199.0 ms cross
rand   	
bad   	
rand   	
bad   	
rand   	
bad   	
rand   	
bad   	
rand   	
bad   	
rand   	
ab
ab6	1
ab7	5
fail		6757.70   8627.15   25      251593.0 ms
fail		6498.75   8246.94   25      252201.0 ms
fail		6530.25   8376.53   25      252888.0 ms
cross iterater61
ab
ab6	1
fail		6758.20   8730.92   25      253434.0 ms
cross iterater62
bad   	success		6568.89   8345.58   25      253434.0 ms cross
rand   	
bad   	
rand   	
bad   	
rand   	
bad   	success		6463.77   8240.97   25      256398.0 ms cross
rand   	
ab
ab6	1
cross iterater63
bad   	
rand   	
bad   	success		6582.11   8116.37   25      258207.0 ms cross
rand   	
bad   	
rand   	
bad   	
rand   	
ab
ab6	4
ab7	5
fail		6750.24   8763.47   25      262123.0 ms
cross iterater64
bad   	
rand   	
bad   	
rand   	
ab
ab6	4
fail		6659.33   8671.83   25      265149.0 ms
cross iterater65
ab
ab7	4
cross iterater66
bad   	
rand   	
bad   	fail		6253.97   8147.08   25      267052.0 ms cross
rand   	
bad   	
rand   	
bad   	fail		6716.66   8296.25   25      269439.0 ms cross
rand   	
ab
ab7	5
fail		6716.66   8296.25   25      270562.0 ms
cross iterater67
bad   	
rand   	
bad   	
rand   	
bad   	
rand   	
bad   	
rand   	
ab
ab7	0
fail		6555.63   8427.51   25      275851.0 ms
fail		6463.77   8241.17   25      276444.0 ms
fail		6253.97   8147.08   25      276990.0 ms
cross iterater68
bad   	success		6550.59   9037.98   26      277005.0 ms cross
rand   	fail		6719.15   9224.37   26      277567.0 ms cross
bad   	
rand   	
bad   	fail		6807.71   9044.04   26      279252.0 ms cross
rand   	
bad   	fail		6661.49   9097.94   26      280437.0 ms cross
rand   	
ab
ab6	2
ab7	4
fail		6394.60   8276.88   25      281638.0 ms
fail		6502.78   8634.93   25      282262.0 ms
cross iterater69
ab
ab6	1
fail		6394.60   8276.88   25      282917.0 ms
fail		6590.63   8680.75   25      283557.0 ms
cross iterater70
bad   	fail		6681.48   8948.65   26      284197.0 ms cross
rand   	
bad   	fail		7020.68   9386.98   26      285320.0 ms cross
rand   	
bad   	
rand   	
bad   	
rand   	
ab
ab6	2
ab7	5
fail		6677.17   8665.29   25      288112.0 ms
fail		6394.60   8276.88   25      288424.0 ms
cross iterater71
ab
ab6	1
fail		6394.60   8276.88   25      288783.0 ms
cross iterater72
bad   	
rand   	
bad   	
rand   	
bad   	
rand   	
bad   	
rand   	
ab
ab6	2
ab7	1
fail		6254.88   8203.04   25      292090.0 ms
cross iterater73
bad   	
rand   	
bad   	
rand   	
ab
ab6	1
ab7	0
cross iterater74
bad   	fail		6701.41   8316.42   25      293900.0 ms cross
rand   	
bad   	
rand   	
bad   	
rand   	
bad   	
rand   	
ab
ab6	2
ab7	4
fail		6614.05   8416.85   25      296864.0 ms
cross iterater75
bad   	
rand   	
bad   	
rand   	
bad   	
rand   	
bad   	
rand   	
ab
ab7	2
ab6	1
cross iterater76
ab
fail		6516.54   8288.71   25      299999.0 ms
fail		6394.60   8276.88   25      300358.0 ms
cross iterater77
bad   	
rand   	
bad   	
rand   	
bad   	
rand   	
bad   	
rand   	
bad   	
rand   	
bad   	fail		6892.41   8451.90   25      304461.0 ms cross
rand   	
ab
ab6	3
ab7	0
cross iterater78
bad   	
rand   	
bad   	
rand   	
bad   	
rand   	
bad   	success		6325.54   8374.79   25      307877.0 ms cross
rand   	
bad   	
rand   	
bad   	
rand   	
ab
ab6	1
ab7	2
fail		6453.85   8685.86   25      311403.0 ms
fail		6394.60   8276.88   25      311964.0 ms
cross iterater79
bad   	
rand   	
bad   	
rand   	
ab
ab6	1
ab7	4
cross iterater80
bad   	
rand   	
bad   	
rand   	
ab
cross iterater81
ab
cross iterater82
bad   	
rand   	
bad   	
rand   	
bad   	
rand   	
bad   	
rand   	
ab
ab6	1
fail		6797.91   8497.37   25      318563.0 ms
fail		6791.90   8659.80   25      318906.0 ms
fail		6624.45   8437.99   25      319203.0 ms
cross iterater83
bad   	
rand   	
bad   	
rand   	
bad   	
rand   	fail		6655.47   8449.68   25      322135.0 ms cross
bad   	
rand   	
bad   	
rand   	
bad   	fail		6848.13   8688.80   25      325084.0 ms cross
rand   	
ab
ab6	5
cross iterater84
bad   	
rand   	
bad   	
rand   	
bad   	
rand   	
bad   	
rand   	
ab
ab6	1
fail		6758.70   8465.79   25      328781.0 ms
fail		6569.61   8498.79   25      329171.0 ms
fail		6655.47   8449.68   25      329623.0 ms
fail		6797.91   8497.37   25      330138.0 ms
cross iterater85
bad   	
rand   	
bad   	fail		6868.16   8979.64   26      331807.0 ms cross
rand   	
bad   	
rand   	
bad   	fail		6806.58   9111.14   26      334054.0 ms cross
rand   	fail		6285.90   8864.91   26      334646.0 ms cross
ab
ab7	5
fail		6758.70   8465.79   25      335177.0 ms
cross iterater86
bad   	
rand   	
bad   	fail		7007.18   9669.79   26      336971.0 ms cross
rand   	
ab
ab7	0
cross iterater87
bad   	success		6629.37   8500.66   25      337579.0 ms cross
rand   	
bad   	
rand   	
bad   	
rand   	
bad   	success		6574.70   8447.51   25      340418.0 ms cross
rand   	
bad   	
rand   	
bad   	
rand   	
ab
ab6	2
ab7	0
cross iterater88
ab
ab6	4
cross iterater89
bad   	success		6752.84   8361.07   25      343367.0 ms cross
rand   	
bad   	
rand   	
bad   	
rand   	
bad   	
rand   	
bad   	
rand   	
bad   	
rand   	
ab
ab6	0
fail		6727.13   8567.98   25      347922.0 ms
cross iterater90
ab
ab6	2
fail		6956.05   8496.73   25      348218.0 ms
cross iterater91
bad   	
rand   	
bad   	
rand   	
bad   	
rand   	
bad   	
rand   	
ab
ab6	4
ab7	5
fail		6428.75   8252.87   25      352368.0 ms
fail		6741.39   8764.80   25      352945.0 ms
fail		6390.14   8508.44   25      353460.0 ms
cross iterater92
bad   	
rand   	
bad   	
rand   	
bad   	
rand   	
bad   	
rand   	
ab
ab7	2
ab6	4
fail		6428.75   8252.87   25      358327.0 ms
fail		6390.14   8508.44   25      358686.0 ms
cross iterater93
bad   	
rand   	
bad   	
rand   	
bad   	
rand   	
bad   	
rand   	
ab
ab7	5
ab6	4
fail		6428.75   8252.87   25      361977.0 ms
cross iterater94
ab
ab7	0
fail		6526.32   8601.79   25      362336.0 ms
fail		6648.76   8442.97   25      362679.0 ms
cross iterater95
bad   	success		6629.33   8516.86   25      362757.0 ms cross
rand   	
bad   	
rand   	
bad   	
rand   	
bad   	fail		6405.45   8597.26   26      364894.0 ms cross
rand   	
ab
ab6	3
fail		6464.87   8747.18   25      365674.0 ms
fail		6458.02   8574.76   25      366049.0 ms
cross iterater96
bad   	fail		6662.28   8521.51   25      366439.0 ms cross
rand   	
bad   	success		6797.30   8383.79   25      366798.0 ms cross
rand   	
bad   	
rand   	
bad   	
rand   	
ab
ab6	1
cross iterater97
bad   	
rand   	
bad   	
rand   	
bad   	
rand   	
bad   	
rand   	
ab
fail		6662.28   8521.51   25      372055.0 ms
cross iterater98
bad   	
rand   	
bad   	
rand   	
bad   	
rand   	
bad   	
rand   	
ab
cross iterater99
bad   	
rand   	
bad   	
rand   	
ab
ab7	3
ab6	5
fail		6491.62   8472.90   25      376875.0 ms

R.size:25

1		190	82	180	191	2	90	17	95	
2		170	134	50	75	163	79	195	92	
3		161	3	206	88	58	199	76	201	157	183	
4		60	57	143	84	126	71	1	99	53	208	
5		41	197	124	213	141	25	169	105	15	198	
6		55	135	54	184	7	209	81	117	142	63	
7		101	144	119	166	186	151	140	138	
8		62	131	147	160	47	212	91	70	67	107	
9		164	66	193	36	214	106	33	34	158	108	
10		113	175	31	24	64	110	39	204	
11		20	85	173	154	40	37	137	59	
12		114	159	38	150	22	16	29	42	205	123	
13		120	19	192	35	4	203	9	28	
14		93	211	104	18	8	185	132	98	181	49	
15		177	83	176	127	121	188	
16		118	5	10	46	128	125	72	165	
17		48	44	102	146	68	89	96	149	
18		171	65	115	94	51	174	136	189	
19		73	155	78	13	43	6	77	179	210	162	
20		30	116	129	11	69	200	139	74	
21		148	103	12	122	167	207	
22		45	27	80	196	97	172	100	109	
23		21	23	182	156	112	168	87	52	
24		133	26	152	153	194	145	187	111	202	56	
25		178	32	86	61	14	130	

data1/pdp200/LC1_2_5.txt
total_cost 6231.459522

