success		1       0       1       95      1       0       68580.87  100     16.0     ms
success		1       1       1       87      1       0       68254.73  99      16.0     ms
success		1       2       1       25      1       0       68388.17  98      16.0     ms
success		1       3       1       77      1       0       68325.42  97      16.0     ms
success		1       4       1       83      1       0       68519.13  96      16.0     ms
success		1       5       1       79      1       0       67118.48  95      16.0     ms
success		1       6       1       79      1       0       66094.47  94      16.0     ms
success		1       7       1       93      1       0       65000.33  93      16.0     ms
success		1       8       1       73      1       0       65005.43  92      16.0     ms
success		1       9       1       68      1       0       65012.80  91      16.0     ms
success		1       10      1       59      1       0       64773.92  90      16.0     ms
success		1       11      1       81      1       0       64212.42  89      16.0     ms
success		1       12      1       22      1       0       64464.46  88      16.0     ms
success		1       13      1       20      1       0       64496.26  87      16.0     ms
success		1       14      1       31      1       0       64554.73  86      16.0     ms
success		1       15      1       79      1       0       63322.83  85      16.0     ms
success		1       16      2       21      2       0       63440.86  84      16.0     ms
success		1       17      2       44      2       0       62573.46  83      16.0     ms
success		1       18      1       58      1       0       62819.34  82      16.0     ms
success		1       19      1       66      1       0       63027.45  81      16.0     ms
success		1       20      1       29      1       0       62995.07  80      16.0     ms
success		1       21      1       69      1       0       61895.56  79      16.0     ms
success		1       22      2       64      2       0       62260.87  78      16.0     ms
success		1       23      2       74      2       0       62394.48  77      16.0     ms
success		1       24      2       30      2       0       62535.83  76      16.0     ms
success		1       25      1       54      1       0       62735.72  75      16.0     ms
success		1       26      1       60      1       0       62885.28  74      16.0     ms
success		1       27      2       12      2       0       63377.42  73      16.0     ms
success		1       28      1       31      1       0       63520.69  72      16.0     ms
success		1       29      1       24      1       0       63665.18  71      16.0     ms
success		1       30      2       20      2       0       63701.18  70      16.0     ms
success		1       31      2       69      2       0       63583.10  69      16.0     ms
success		1       32      1       53      1       0       63277.60  68      31.0     ms
success		1       33      3       27      3       0       61883.57  67      31.0     ms
success		1       34      3       12      3       0       61664.12  66      31.0     ms
success		1       35      1       57      1       0       60355.12  65      31.0     ms
success		1       36      1       9       1       0       58718.54  64      31.0     ms
success		1       37      1       41      1       0       58529.28  63      31.0     ms
success		1       38      1       61      1       0       57397.40  62      31.0     ms
success		1       39      2       57      2       0       57321.65  61      31.0     ms
success		1       40      2       39      2       0       56512.88  60      31.0     ms
success		1       41      1       34      1       0       56427.64  59      31.0     ms
success		1       42      1       50      1       0       56568.03  58      31.0     ms
success		1       43      1       8       1       0       56704.70  57      31.0     ms
success		1       44      1       43      1       0       56822.47  56      31.0     ms
success		1       45      2       6       2       0       56412.03  55      31.0     ms
success		1       46      2       48      2       0       55782.96  54      31.0     ms
success		1       47      1       3       1       0       55399.89  53      31.0     ms
success		1       48      1       40      1       0       54505.42  52      31.0     ms
success		1       49      5       14      5       0       52959.42  51      31.0     ms
success		1       50      3       35      3       0       53258.60  50      31.0     ms
success		1       51      1       9       1       0       52476.05  49      31.0     ms
success		1       52      4       24      4       0       52519.17  48      31.0     ms
success		1       53      1       31      1       0       52041.14  47      31.0     ms
success		1       54      2       32      2       0       51987.18  46      31.0     ms
success		1       55      1       40      1       0       50725.34  45      31.0     ms
success		1       56      2       30      2       0       49734.10  44      31.0     ms
success		1       57      4       8       4       0       49604.84  43      31.0     ms
success		1       58      3       20      3       0       49415.36  42      31.0     ms
success		1       59      2       4       2       0       49353.62  41      31.0     ms
success		1       60      1       24      1       0       49306.46  40      31.0     ms
success		1       61      4       0       4       0       48680.92  39      31.0     ms
success		1       62      1       30      1       0       48233.67  38      31.0     ms
success		1       63      1       9       1       0       47363.48  37      31.0     ms
success		1       64      2       25      2       0       45786.15  36      31.0     ms
success		1       65      1       22      1       0       45587.25  35      31.0     ms
success		1       66      4       34      4       0       45668.36  34      31.0     ms
success		1       67      2       10      2       0       45812.62  33      31.0     ms
success		1       68      4       1       4       0       44428.78  32      31.0     ms
success		1       69      2       27      2       0       44308.19  31      31.0     ms
success		1       70      2       26      2       0       44367.52  30      31.0     ms
success		1       71      2       5       2       0       43477.75  29      47.0     ms
success		1       72      5       10      5       0       42761.56  28      47.0     ms
success		1       73      4       11      4       0       41545.14  27      47.0     ms
success		1       74      2       2       2       0       40669.57  26      47.0     ms
success		1       75      2       23      2       0       40209.87  25      47.0     ms
success		1       76      5       3       5       0       38152.20  24      47.0     ms
success		1       77      3       3       3       0       36724.92  23      47.0     ms
success		1       78      5       4       5       0       35787.99  22      47.0     ms
success		1       79      10      15      10      0       33804.88  21      47.0     ms
success		1       80      7       15      7       0       32675.52  20      47.0     ms
success		1       81      4       5       4       0       31176.22  19      47.0     ms
success		1       82      6       4       6       0       29890.48  18      47.0     ms
success		1       83      4       17      4       0       28648.67  17      47.0     ms
success		1       84      1       3       1       0       27107.31  16      47.0     ms
success		1       85      5       12      5       0       25762.62  15      47.0     ms
success		1       86      9       5       9       0       25043.04  14      47.0     ms
success		1       87      6       2       6       0       22959.45  13      47.0     ms
success		1       88      6       5       6       0       20938.02  12      47.0     ms
success		1       89      7       4       7       0       19442.98  11      47.0     ms
success		1       90      10      7       8       0       18534.01  10      62.0     ms
success		1       91      9       6       9       0       16126.31  9       62.0     ms
success		1       92      16      5       11      0       15353.73  8       109.0    ms
success		1       93      20      7       12      0       12839.59  7       187.0    ms
success		1       94      45      0       19      0       12144.92  6       406.0    ms
success		1       95      503     0       18      0       10220.64  5       12090.0  ms
success		1       0       1       44      1       0       83867.59  100     93427.0  ms
success		1       1       1       39      1       0       82594.90  99      93427.0  ms
success		1       2       1       21      1       0       82336.79  98      93427.0  ms
success		1       3       1       77      1       0       82185.45  97      93427.0  ms
success		1       4       1       39      1       0       82029.71  96      93427.0  ms
success		1       5       1       31      1       0       81871.92  95      93427.0  ms
success		1       6       1       69      1       0       81696.92  94      93427.0  ms
success		1       7       1       44      1       0       81375.20  93      93427.0  ms
success		1       8       1       57      1       0       81103.73  92      93427.0  ms
success		1       9       1       38      1       0       79596.22  91      93427.0  ms
success		1       10      2       68      2       0       79555.18  90      93427.0  ms
success		1       11      1       63      1       0       79347.06  89      93427.0  ms
success		1       12      2       61      2       0       79459.62  88      93427.0  ms
success		1       13      1       43      1       0       79315.50  87      93427.0  ms
success		1       14      1       64      1       0       78854.45  86      93427.0  ms
success		1       15      1       69      1       0       77502.49  85      93427.0  ms
success		1       16      1       54      1       0       77163.74  84      93427.0  ms
success		1       17      1       33      1       0       77037.10  83      93427.0  ms
success		1       18      1       50      1       0       76520.13  82      93427.0  ms
success		1       19      1       63      1       0       76375.25  81      93427.0  ms
success		1       20      1       51      1       0       76038.76  80      93427.0  ms
success		1       21      1       5       1       0       75730.94  79      93427.0  ms
success		1       22      2       40      2       0       75519.38  78      93427.0  ms
success		1       23      1       14      1       0       75260.23  77      93427.0  ms
success		1       24      2       73      2       0       74528.94  76      93427.0  ms
success		1       25      1       4       1       0       72773.22  75      93427.0  ms
success		1       26      2       47      2       0       72523.36  74      93427.0  ms
success		1       27      1       42      1       0       71468.66  73      93427.0  ms
success		1       28      1       9       1       0       70246.96  72      93427.0  ms
success		1       29      1       44      1       0       69875.85  71      93427.0  ms
success		1       30      1       52      1       0       68952.97  70      93427.0  ms
success		1       31      2       10      2       0       68791.99  69      93427.0  ms
success		1       32      1       27      1       0       68635.41  68      93427.0  ms
success		1       33      1       7       1       0       66611.36  67      93427.0  ms
success		1       34      2       15      2       0       66551.74  66      93427.0  ms
success		1       35      1       13      1       0       65593.02  65      93427.0  ms
success		1       36      1       22      1       0       64248.48  64      93427.0  ms
success		1       37      1       32      1       0       62559.67  63      93427.0  ms
success		1       38      2       54      2       0       63024.36  62      93427.0  ms
success		1       39      1       57      1       0       61864.92  61      93427.0  ms
success		1       40      1       46      1       0       60444.94  60      93427.0  ms
success		1       41      4       44      4       0       59971.57  59      93427.0  ms
success		1       42      1       12      1       0       59797.26  58      93427.0  ms
success		1       43      1       23      1       0       59799.22  57      93427.0  ms
success		1       44      2       46      2       0       59251.40  56      93427.0  ms
success		1       45      3       7       3       0       58000.37  55      93427.0  ms
success		1       46      1       17      1       0       57860.90  54      93427.0  ms
success		1       47      2       42      2       0       56287.01  53      93427.0  ms
success		1       48      1       44      1       0       55171.05  52      93427.0  ms
success		1       49      1       44      1       0       54419.72  51      93427.0  ms
success		1       50      1       11      1       0       53986.23  50      93427.0  ms
success		1       51      2       47      2       0       53741.41  49      93427.0  ms
success		1       52      5       13      5       0       53521.42  48      93427.0  ms
success		1       53      2       21      2       0       53555.61  47      93427.0  ms
success		1       54      3       1       3       0       53308.07  46      93427.0  ms
success		1       55      2       3       2       0       53017.61  45      93427.0  ms
success		1       56      2       0       2       0       52959.57  44      93427.0  ms
success		1       57      1       29      1       0       52642.67  43      93427.0  ms
success		1       58      1       19      1       0       52278.57  42      93427.0  ms
success		1       59      5       33      5       0       50612.21  41      93427.0  ms
success		1       60      5       30      5       0       49187.56  40      93427.0  ms
success		1       61      1       2       1       0       48450.03  39      93427.0  ms
success		1       62      2       14      2       0       46769.12  38      93427.0  ms
success		1       63      1       16      1       0       45960.74  37      93427.0  ms
success		1       64      2       7       2       0       44742.46  36      93427.0  ms
success		1       65      2       17      2       0       44046.68  35      93427.0  ms
success		1       66      2       28      2       0       43732.66  34      93427.0  ms
success		1       67      3       27      3       0       42479.58  33      93442.0  ms
success		1       68      5       16      5       0       42203.17  32      93442.0  ms
success		1       69      2       10      2       0       41214.69  31      93442.0  ms
success		1       70      6       10      6       0       39433.81  30      93442.0  ms
success		1       71      7       4       7       0       38136.47  29      93442.0  ms
success		1       72      2       10      2       0       37686.93  28      93442.0  ms
success		1       73      3       13      3       0       36593.20  27      93442.0  ms
success		1       74      2       5       2       0       35406.23  26      93442.0  ms
success		1       75      1       4       1       0       35378.29  25      93442.0  ms
success		1       76      3       8       3       0       33723.86  24      93442.0  ms
success		1       77      6       17      6       0       32271.61  23      93442.0  ms
success		1       78      8       1       8       0       31117.50  22      93442.0  ms
success		1       79      6       15      6       0       29947.80  21      93442.0  ms
success		1       80      3       10      3       0       29692.54  20      93442.0  ms
success		1       81      6       14      6       0       29027.12  19      93442.0  ms
success		1       82      5       18      5       0       28293.44  18      93442.0  ms
success		1       83      3       4       3       0       26623.48  17      93442.0  ms
success		1       84      5       4       5       0       26507.31  16      93442.0  ms
success		1       85      4       9       4       0       24684.48  15      93442.0  ms
success		1       86      6       5       6       0       23494.79  14      93442.0  ms
success		1       87      10      13      10      0       22537.16  13      93442.0  ms
success		1       88      8       0       8       0       21315.17  12      93442.0  ms
success		1       89      12      0       11      0       20092.98  11      93442.0  ms
success		1       90      11      8       11      0       17565.35  10      93442.0  ms
success		1       91      10      2       9       0       16774.57  9       93458.0  ms
success		1       92      11      5       11      0       14739.74  8       93458.0  ms
success		1       93      14      5       11      0       13870.27  7       93520.0  ms
success		1       94      19      1       12      0       11993.21  6       93614.0  ms
success		1       95      516     4       14      0       10123.49  5       104736.0 ms
success		1       0       1       6       1       0       84713.00  100     160973.0 ms
success		1       1       1       68      1       0       84471.01  99      160973.0 ms
success		1       2       1       39      1       0       84365.33  98      160973.0 ms
success		1       3       2       95      2       0       84055.05  97      160973.0 ms
success		1       4       1       92      1       0       82063.88  96      160973.0 ms
success		1       5       1       44      1       0       81816.22  95      160973.0 ms
success		1       6       1       51      1       0       81584.51  94      160973.0 ms
success		1       7       1       44      1       0       80509.25  93      160973.0 ms
success		1       8       1       55      1       0       80127.14  92      160973.0 ms
success		1       9       1       67      1       0       79493.31  91      160973.0 ms
success		1       10      1       4       1       0       79072.41  90      160973.0 ms
success		1       11      1       21      1       0       78926.73  89      160973.0 ms
success		1       12      1       32      1       0       78670.55  88      160973.0 ms
success		1       13      1       25      1       0       78544.04  87      160973.0 ms
success		1       14      2       37      2       0       77839.49  86      160973.0 ms
success		1       15      1       48      1       0       77287.83  85      160973.0 ms
success		1       16      1       16      1       0       76487.33  84      160973.0 ms
success		1       17      2       56      2       0       76321.11  83      160973.0 ms
success		1       18      1       48      1       0       76008.45  82      160973.0 ms
success		1       19      1       4       1       0       75279.79  81      160973.0 ms
success		1       20      1       26      1       0       74999.69  80      160973.0 ms
success		1       21      1       5       1       0       74799.77  79      160973.0 ms
success		1       22      1       52      1       0       74611.69  78      160973.0 ms
success		1       23      2       3       2       0       74194.41  77      160973.0 ms
success		1       24      1       42      1       0       72777.56  76      160973.0 ms
success		1       25      1       33      1       0       72533.41  75      160973.0 ms
success		1       26      1       37      1       0       72352.45  74      160973.0 ms
success		1       27      1       57      1       0       70910.00  73      160973.0 ms
success		1       28      2       60      2       0       69967.08  72      160973.0 ms
success		1       29      1       70      1       0       69971.21  71      160973.0 ms
success		1       30      2       37      2       0       69778.27  70      160973.0 ms
success		1       31      1       45      1       0       68376.90  69      160973.0 ms
success		1       32      1       14      1       0       67740.18  68      160973.0 ms
success		1       33      1       4       1       0       66304.70  67      160973.0 ms
success		1       34      1       24      1       0       66120.01  66      160973.0 ms
success		1       35      2       36      2       0       65395.67  65      160973.0 ms
success		1       36      2       39      2       0       65379.63  64      160973.0 ms
success		1       37      1       24      1       0       65179.74  63      160973.0 ms
success		1       38      1       23      1       0       64933.75  62      160973.0 ms
success		1       39      1       5       1       0       63596.12  61      160973.0 ms
success		1       40      3       15      3       0       62991.18  60      160973.0 ms
success		1       41      1       35      1       0       62609.83  59      160973.0 ms
success		1       42      1       2       1       0       62601.32  58      160973.0 ms
success		1       43      2       51      2       0       62201.75  57      160973.0 ms
success		1       44      2       29      2       0       61036.10  56      160973.0 ms
success		1       45      2       53      2       0       60220.25  55      160973.0 ms
success		1       46      1       5       1       0       59842.77  54      160973.0 ms
success		1       47      3       1       3       0       58881.92  53      160973.0 ms
success		1       48      3       26      3       0       58377.62  52      160973.0 ms
success		1       49      2       33      2       0       57258.45  51      160973.0 ms
success		1       50      1       37      1       0       56583.92  50      160973.0 ms
success		1       51      5       0       5       0       56282.67  49      160973.0 ms
success		1       52      3       43      3       0       55245.95  48      160973.0 ms
success		1       53      3       46      3       0       54276.17  47      160973.0 ms
success		1       54      1       46      1       0       54147.84  46      160973.0 ms
success		1       55      3       1       3       0       53900.14  45      160973.0 ms
success		1       56      1       32      1       0       53849.24  44      160973.0 ms
success		1       57      1       19      1       0       53483.76  43      160973.0 ms
success		1       58      1       26      1       0       53388.09  42      160973.0 ms
success		1       59      1       20      1       0       52645.40  41      160973.0 ms
success		1       60      2       32      2       0       51180.32  40      160973.0 ms
success		1       61      5       4       5       0       50777.59  39      160973.0 ms
success		1       62      3       30      3       0       49202.70  38      160973.0 ms
success		1       63      3       20      3       0       49256.70  37      160973.0 ms
success		1       64      4       6       4       0       48520.95  36      160973.0 ms
success		1       65      2       12      2       0       46713.03  35      160973.0 ms
success		1       66      6       17      6       0       46816.11  34      160973.0 ms
success		1       67      8       21      8       0       45417.08  33      160973.0 ms
success		1       68      2       23      2       0       44956.44  32      160989.0 ms
success		1       69      7       23      7       0       45047.41  31      160989.0 ms
success		1       70      2       11      2       0       43636.88  30      160989.0 ms
success		1       71      7       23      7       0       42968.38  29      160989.0 ms
success		1       72      2       17      2       0       41779.17  28      160989.0 ms
success		1       73      6       9       6       0       40604.71  27      160989.0 ms
success		1       74      2       8       2       0       39280.22  26      160989.0 ms
success		1       75      2       13      2       0       37788.37  25      160989.0 ms
success		1       76      4       0       4       0       36445.86  24      160989.0 ms
success		1       77      3       17      3       0       34917.48  23      160989.0 ms
success		1       78      6       21      6       0       33302.82  22      160989.0 ms
success		1       79      2       3       2       0       32793.87  21      160989.0 ms
success		1       80      9       4       9       0       31413.19  20      160989.0 ms
success		1       81      6       12      6       0       30168.78  19      160989.0 ms
success		1       82      5       17      5       0       28714.55  18      160989.0 ms
success		1       83      10      10      10      0       27270.47  17      160989.0 ms
success		1       84      3       1       3       0       26318.82  16      160989.0 ms
success		1       85      6       8       6       0       24740.77  15      160989.0 ms
success		1       86      9       1       7       0       24243.08  14      160989.0 ms
success		1       87      8       1       8       0       22974.60  13      160989.0 ms
success		1       88      8       0       8       0       20809.08  12      160989.0 ms
success		1       89      12      6       12      0       19497.88  11      160989.0 ms
success		1       90      8       6       8       0       17746.95  10      160989.0 ms
success		1       91      17      5       16      0       16452.50  9       161005.0 ms
success		1       92      22      8       13      0       15260.46  8       161051.0 ms
success		1       93      17      0       12      0       13827.64  7       161114.0 ms
success		1       94      46      4       18      0       12190.21  6       161566.0 ms
success		1       95      1108    1       16      0       10470.38  5       183328.0 ms
success		1       0       1       74      1       0       83809.03  100     258331.0 ms
success		1       1       1       51      1       0       83651.29  99      258331.0 ms
success		1       2       1       34      1       0       83494.72  98      258331.0 ms
success		1       3       1       49      1       0       82996.70  97      258331.0 ms
success		1       4       1       67      1       0       82803.27  96      258331.0 ms
success		1       5       1       53      1       0       82631.36  95      258331.0 ms
success		1       6       1       66      1       0       82272.68  94      258331.0 ms
success		1       7       1       38      1       0       82071.73  93      258347.0 ms
success		1       8       1       38      1       0       81966.05  92      258347.0 ms
success		1       9       1       40      1       0       82053.84  91      258347.0 ms
success		1       10      1       74      1       0       81843.55  90      258347.0 ms
success		1       11      1       63      1       0       80509.48  89      258347.0 ms
success		1       12      1       57      1       0       80159.42  88      258347.0 ms
success		1       13      1       23      1       0       80013.74  87      258347.0 ms
success		1       14      1       55      1       0       79782.07  86      258347.0 ms
success		1       15      1       43      1       0       79080.16  85      258347.0 ms
success		1       16      4       79      4       0       79216.94  84      258347.0 ms
success		1       17      1       19      1       0       77936.38  83      258347.0 ms
success		1       18      1       3       1       0       77463.59  82      258347.0 ms
success		1       19      2       45      2       0       77221.81  81      258347.0 ms
success		1       20      2       37      2       0       76983.42  80      258347.0 ms
success		1       21      1       43      1       0       76697.22  79      258347.0 ms
success		1       22      1       74      1       0       76446.83  78      258347.0 ms
success		1       23      1       27      1       0       76023.79  77      258347.0 ms
success		1       24      1       49      1       0       75595.56  76      258347.0 ms
success		1       25      1       54      1       0       75159.95  75      258347.0 ms
success		1       26      1       67      1       0       74210.97  74      258347.0 ms
success		1       27      2       13      2       0       73694.96  73      258347.0 ms
success		1       28      1       46      1       0       72406.98  72      258347.0 ms
success		1       29      2       14      2       0       71868.84  71      258347.0 ms
success		1       30      1       70      1       0       70112.57  70      258347.0 ms
success		1       31      1       12      1       0       69943.95  69      258347.0 ms
success		1       32      2       17      2       0       68549.34  68      258347.0 ms
success		1       33      2       64      2       0       68438.52  67      258347.0 ms
success		1       34      1       6       1       0       67813.48  66      258347.0 ms
success		1       35      1       44      1       0       66926.12  65      258347.0 ms
success		1       36      2       17      2       0       66720.38  64      258347.0 ms
success		1       37      2       38      2       0       66519.86  63      258347.0 ms
success		1       38      1       36      1       0       64913.57  62      258347.0 ms
success		1       39      1       6       1       0       64712.96  61      258347.0 ms
success		1       40      2       9       2       0       64125.40  60      258347.0 ms
success		1       41      2       4       2       0       63506.41  59      258347.0 ms
success		1       42      4       49      4       0       62863.36  58      258347.0 ms
success		1       43      1       27      1       0       62736.31  57      258347.0 ms
success		1       44      1       21      1       0       62088.45  56      258347.0 ms
success		1       45      3       48      3       0       62196.51  55      258347.0 ms
success		1       46      2       24      2       0       61994.29  54      258347.0 ms
success		1       47      2       19      2       0       60364.57  53      258347.0 ms
success		1       48      1       38      1       0       59454.10  52      258347.0 ms
success		1       49      2       4       2       0       58282.56  51      258347.0 ms
success		1       50      3       44      3       0       58313.47  50      258347.0 ms
success		1       51      2       19      2       0       57956.22  49      258347.0 ms
success		1       52      3       9       3       0       56869.57  48      258347.0 ms
success		1       53      2       12      2       0       55527.58  47      258347.0 ms
success		1       54      1       44      1       0       55076.28  46      258347.0 ms
success		1       55      1       22      1       0       54308.82  45      258347.0 ms
success		1       56      3       41      3       0       52866.32  44      258347.0 ms
success		1       57      1       6       1       0       51531.95  43      258347.0 ms
success		1       58      2       39      2       0       51956.41  42      258347.0 ms
success		1       59      3       37      3       0       51440.08  41      258347.0 ms
success		1       60      2       5       2       0       50088.11  40      258347.0 ms
success		1       61      2       32      2       0       50251.14  39      258347.0 ms
success		1       62      2       3       2       0       49604.64  38      258347.0 ms
success		1       63      2       21      2       0       48269.18  37      258347.0 ms
success		1       64      2       32      2       0       47295.25  36      258347.0 ms
success		1       65      2       1       2       0       46295.28  35      258347.0 ms
success		1       66      1       8       1       0       45773.16  34      258347.0 ms
success		1       67      3       23      3       0       44447.34  33      258347.0 ms
success		1       68      2       26      2       0       43412.69  32      258347.0 ms
success		1       69      4       21      4       0       41623.13  31      258347.0 ms
success		1       70      2       19      2       0       41596.99  30      258347.0 ms
success		1       71      7       15      7       0       40097.62  29      258347.0 ms
success		1       72      4       4       4       0       39133.36  28      258347.0 ms
success		1       73      4       16      4       0       39008.68  27      258347.0 ms
success		1       74      4       16      4       0       37462.58  26      258347.0 ms
success		1       75      4       14      4       0       36298.12  25      258347.0 ms
success		1       76      3       15      3       0       35608.42  24      258347.0 ms
success		1       77      7       3       7       0       33479.14  23      258347.0 ms
success		1       78      5       6       5       0       32815.43  22      258347.0 ms
success		1       79      4       14      4       0       32114.58  21      258347.0 ms
success		1       80      6       11      6       0       31839.55  20      258347.0 ms
success		1       81      11      12      11      0       30268.05  19      258362.0 ms
success		1       82      5       0       5       0       28604.48  18      258362.0 ms
success		1       83      4       3       4       0       27440.82  17      258362.0 ms
success		1       84      10      9       10      0       26440.46  16      258362.0 ms
success		1       85      5       4       5       0       25011.46  15      258362.0 ms
success		1       86      2       9       2       0       23803.91  14      258362.0 ms
success		1       87      3       4       3       0       22572.24  13      258362.0 ms
success		1       88      8       10      8       0       20774.18  12      258362.0 ms
success		1       89      11      0       9       0       19534.39  11      258362.0 ms
success		1       90      7       5       6       0       18721.45  10      258378.0 ms
success		1       91      10      4       10      0       16257.71  9       258378.0 ms
success		1       92      13      1       11      0       15086.62  8       258394.0 ms
success		1       93      19      3       13      0       13522.40  7       258440.0 ms
success		1       94      119     6       16      0       12246.03  6       260031.0 ms
success		1       95      609     0       17      0       10516.73  5       277378.0 ms
success		1       0       1       68      1       0       84838.15  100     327625.0 ms
success		1       1       1       30      1       0       84684.99  99      327625.0 ms
success		1       2       1       23      1       0       84520.14  98      327641.0 ms
success		1       3       1       91      1       0       84376.87  97      327641.0 ms
success		1       4       1       4       1       0       83922.83  96      327641.0 ms
success		1       5       1       55      1       0       83543.65  95      327641.0 ms
success		1       6       1       3       1       0       83322.37  94      327641.0 ms
success		1       7       1       77      1       0       81848.51  93      327641.0 ms
success		1       8       1       83      1       0       81605.52  92      327641.0 ms
success		1       9       2       89      2       0       81410.07  91      327641.0 ms
success		1       10      1       82      1       0       81165.38  90      327641.0 ms
success		1       11      1       26      1       0       79605.78  89      327641.0 ms
success		1       12      2       2       2       0       78804.35  88      327641.0 ms
success		1       13      2       64      2       0       77430.75  87      327641.0 ms
success		1       14      1       8       1       0       77144.05  86      327641.0 ms
success		1       15      1       24      1       0       76479.77  85      327641.0 ms
success		1       16      2       4       2       0       76779.01  84      327641.0 ms
success		1       17      2       82      2       0       75998.89  83      327641.0 ms
success		1       18      1       73      1       0       75668.65  82      327641.0 ms
success		1       19      1       9       1       0       75451.43  81      327641.0 ms
success		1       20      1       9       1       0       74004.70  80      327641.0 ms
success		1       21      1       38      1       0       72923.48  79      327641.0 ms
success		1       22      1       54      1       0       71309.46  78      327641.0 ms
success		1       23      1       63      1       0       70508.80  77      327641.0 ms
success		1       24      1       10      1       0       70383.79  76      327641.0 ms
success		1       25      1       25      1       0       70011.93  75      327641.0 ms
success		1       26      1       41      1       0       68236.42  74      327641.0 ms
success		1       27      1       10      1       0       67920.81  73      327641.0 ms
success		1       28      1       62      1       0       67601.85  72      327641.0 ms
success		1       29      2       32      2       0       66981.15  71      327641.0 ms
success		1       30      1       67      1       0       66407.42  70      327641.0 ms
success		1       31      2       26      2       0       66024.65  69      327641.0 ms
success		1       32      2       13      2       0       66033.38  68      327641.0 ms
success		1       33      2       44      2       0       65757.30  67      327641.0 ms
success		1       34      2       18      2       0       64409.04  66      327641.0 ms
success		1       35      1       34      1       0       63779.18  65      327641.0 ms
success		1       36      1       52      1       0       62641.33  64      327641.0 ms
success		1       37      1       49      1       0       62525.66  63      327641.0 ms
success		1       38      2       54      2       0       62299.31  62      327641.0 ms
success		1       39      3       50      3       0       61577.06  61      327641.0 ms
success		1       40      4       58      4       0       60778.55  60      327641.0 ms
success		1       41      1       45      1       0       59842.28  59      327641.0 ms
success		1       42      2       17      2       0       59489.83  58      327641.0 ms
success		1       43      1       1       1       0       58468.60  57      327641.0 ms
success		1       44      2       0       2       0       58173.15  56      327641.0 ms
success		1       45      1       33      1       0       57526.38  55      327641.0 ms
success		1       46      1       50      1       0       57158.31  54      327641.0 ms
success		1       47      2       18      2       0       56980.68  53      327641.0 ms
success		1       48      2       52      2       0       56352.66  52      327641.0 ms
success		1       49      3       51      3       0       56760.83  51      327641.0 ms
success		1       50      2       5       2       0       55325.35  50      327641.0 ms
success		1       51      2       24      2       0       53886.54  49      327641.0 ms
success		1       52      1       37      1       0       52550.06  48      327641.0 ms
success		1       53      3       18      3       0       52228.25  47      327641.0 ms
success		1       54      3       45      3       0       53949.33  46      327641.0 ms
success		1       55      2       22      2       0       53435.39  45      327641.0 ms
success		1       56      2       26      2       0       52292.87  44      327641.0 ms
success		1       57      3       18      3       0       51229.27  43      327641.0 ms
success		1       58      3       40      3       0       50179.91  42      327641.0 ms
success		1       59      2       1       2       0       49736.14  41      327641.0 ms
success		1       60      2       24      2       0       49205.51  40      327641.0 ms
success		1       61      1       24      1       0       48721.74  39      327641.0 ms
success		1       62      1       32      1       0       47630.28  38      327641.0 ms
success		1       63      2       17      2       0       46556.66  37      327641.0 ms
success		1       64      3       31      3       0       46219.13  36      327641.0 ms
success		1       65      4       26      4       0       45451.37  35      327641.0 ms
success		1       66      2       16      2       0       45006.31  34      327641.0 ms
success		1       67      5       7       5       0       43998.43  33      327641.0 ms
success		1       68      2       30      2       0       43512.05  32      327641.0 ms
success		1       69      4       24      4       0       42702.62  31      327641.0 ms
success		1       70      4       30      4       0       41369.78  30      327641.0 ms
success		1       71      4       27      4       0       40028.99  29      327641.0 ms
success		1       72      1       13      1       0       39940.60  28      327641.0 ms
success		1       73      2       25      2       0       38821.42  27      327641.0 ms
success		1       74      2       15      2       0       37428.17  26      327641.0 ms
success		1       75      6       15      6       0       36349.55  25      327641.0 ms
success		1       76      6       22      6       0       35084.41  24      327641.0 ms
success		1       77      1       6       1       0       33633.13  23      327641.0 ms
success		1       78      3       13      3       0       32062.83  22      327656.0 ms
success		1       79      3       3       3       0       30919.35  21      327656.0 ms
success		1       80      6       2       6       0       29522.34  20      327656.0 ms
success		1       81      5       16      5       0       28928.43  19      327656.0 ms
success		1       82      6       5       6       0       27713.84  18      327656.0 ms
success		1       83      7       11      7       0       26273.61  17      327656.0 ms
success		1       84      7       4       7       0       25847.65  16      327656.0 ms
success		1       85      6       15      6       0       24576.82  15      327656.0 ms
success		1       86      6       8       6       0       23395.44  14      327656.0 ms
success		1       87      9       4       9       0       21938.12  13      327656.0 ms
success		1       88      7       3       7       0       21610.69  12      327656.0 ms
success		1       89      9       8       9       0       19898.45  11      327656.0 ms
success		1       90      9       10      9       0       18308.34  10      327656.0 ms
success		1       91      8       8       8       0       15952.28  9       327656.0 ms
success		1       92      16      1       13      0       15286.97  8       327672.0 ms
success		1       93      21      2       14      0       13827.15  7       327719.0 ms
success		1       94      26      6       18      0       11556.65  6       327812.0 ms
success		1       95      903     2       16      0       10276.52  5       358122.0 ms
success		1       0       1       80      1       0       84117.76  100     429226.0 ms
success		1       1       1       63      1       0       83906.79  99      429226.0 ms
success		1       2       2       77      2       0       84036.41  98      429226.0 ms
success		1       3       1       12      1       0       83670.88  97      429226.0 ms
success		1       4       1       95      1       0       83519.50  96      429226.0 ms
success		1       5       1       21      1       0       83419.57  95      429226.0 ms
success		1       6       1       23      1       0       83319.52  94      429226.0 ms
success		1       7       1       79      1       0       83279.28  93      429226.0 ms
success		1       8       1       46      1       0       82172.05  92      429226.0 ms
success		1       9       1       74      1       0       81992.93  91      429226.0 ms
success		1       10      1       83      1       0       81838.28  90      429226.0 ms
success		1       11      1       37      1       0       81732.61  89      429226.0 ms
success		1       12      1       13      1       0       81439.27  88      429226.0 ms
success		1       13      1       73      1       0       81245.38  87      429226.0 ms
success		1       14      2       22      2       0       81096.20  86      429226.0 ms
success		1       15      1       30      1       0       80913.39  85      429226.0 ms
success		1       16      1       42      1       0       80589.56  84      429226.0 ms
success		1       17      1       17      1       0       80457.90  83      429226.0 ms
success		1       18      1       19      1       0       79349.54  82      429226.0 ms
success		1       19      1       79      1       0       77816.52  81      429226.0 ms
success		1       20      1       77      1       0       75963.22  80      429226.0 ms
success		1       21      1       59      1       0       75540.49  79      429226.0 ms
success		1       22      1       63      1       0       75207.39  78      429226.0 ms
success		1       23      1       55      1       0       74948.70  77      429226.0 ms
success		1       24      1       48      1       0       74459.84  76      429226.0 ms
success		1       25      1       63      1       0       74142.92  75      429226.0 ms
success		1       26      1       36      1       0       73135.59  74      429226.0 ms
success		1       27      1       54      1       0       71884.71  73      429226.0 ms
success		1       28      1       46      1       0       71532.99  72      429226.0 ms
success		1       29      1       18      1       0       71345.97  71      429226.0 ms
success		1       30      1       1       1       0       70320.93  70      429226.0 ms
success		1       31      1       54      1       0       69163.01  69      429226.0 ms
success		1       32      1       36      1       0       67915.30  68      429226.0 ms
success		1       33      1       23      1       0       67757.51  67      429226.0 ms
success		1       34      2       0       2       0       66591.66  66      429226.0 ms
success		1       35      2       21      2       0       66520.76  65      429226.0 ms
success		1       36      1       37      1       0       64916.68  64      429226.0 ms
success		1       37      1       41      1       0       63930.47  63      429226.0 ms
success		1       38      2       12      2       0       62793.97  62      429226.0 ms
success		1       39      2       25      2       0       61769.00  61      429226.0 ms
success		1       40      1       5       1       0       61173.01  60      429226.0 ms
success		1       41      1       7       1       0       60677.48  59      429226.0 ms
success		1       42      1       46      1       0       60114.56  58      429226.0 ms
success		1       43      1       24      1       0       58636.40  57      429226.0 ms
success		1       44      2       16      2       0       57809.24  56      429226.0 ms
success		1       45      1       14      1       0       56364.36  55      429226.0 ms
success		1       46      1       13      1       0       56123.06  54      429226.0 ms
success		1       47      1       47      1       0       55806.22  53      429226.0 ms
success		1       48      1       35      1       0       55428.16  52      429226.0 ms
success		1       49      2       39      2       0       55179.24  51      429226.0 ms
success		1       50      2       23      2       0       54685.68  50      429226.0 ms
success		1       51      2       45      2       0       53159.89  49      429226.0 ms
success		1       52      1       5       1       0       53081.76  48      429226.0 ms
success		1       53      3       6       3       0       51872.56  47      429226.0 ms
success		1       54      4       16      4       0       50308.19  46      429226.0 ms
success		1       55      4       34      4       0       50742.27  45      429226.0 ms
success		1       56      1       24      1       0       50391.03  44      429226.0 ms
success		1       57      1       19      1       0       48928.22  43      429226.0 ms
success		1       58      1       26      1       0       47687.51  42      429226.0 ms
success		1       59      2       16      2       0       46540.05  41      429226.0 ms
success		1       60      3       26      3       0       46937.05  40      429226.0 ms
success		1       61      5       35      5       0       46521.23  39      429226.0 ms
success		1       62      2       24      2       0       45865.92  38      429226.0 ms
success		1       63      3       37      3       0       45455.92  37      429241.0 ms
success		1       64      4       30      4       0       44892.67  36      429241.0 ms
success		1       65      2       3       2       0       44862.66  35      429241.0 ms
success		1       66      6       15      6       0       44193.45  34      429241.0 ms
success		1       67      4       22      4       0       42790.07  33      429241.0 ms
success		1       68      3       14      3       0       42479.33  32      429241.0 ms
success		1       69      3       19      3       0       42133.33  31      429241.0 ms
success		1       70      1       25      1       0       41621.75  30      429241.0 ms
success		1       71      4       26      4       0       40747.88  29      429241.0 ms
success		1       72      3       6       3       0       39823.24  28      429241.0 ms
success		1       73      3       15      3       0       38464.90  27      429241.0 ms
success		1       74      2       26      2       0       38102.67  26      429241.0 ms
success		1       75      1       17      1       0       36672.02  25      429241.0 ms
success		1       76      9       20      9       0       34213.83  24      429241.0 ms
success		1       77      6       17      6       0       33130.75  23      429241.0 ms
success		1       78      5       15      5       0       32922.64  22      429241.0 ms
success		1       79      3       1       3       0       32709.32  21      429241.0 ms
success		1       80      5       10      5       0       30929.25  20      429241.0 ms
success		1       81      6       9       6       0       29808.23  19      429241.0 ms
success		1       82      3       15      3       0       28177.45  18      429241.0 ms
success		1       83      6       10      6       0       27013.19  17      429241.0 ms
success		1       84      3       12      3       0       25608.52  16      429241.0 ms
success		1       85      5       9       5       0       24026.92  15      429241.0 ms
success		1       86      6       11      6       0       22990.15  14      429241.0 ms
success		1       87      7       11      7       0       21253.78  13      429241.0 ms
success		1       88      7       3       7       0       20780.73  12      429241.0 ms
success		1       89      5       1       4       0       20085.30  11      429241.0 ms
success		1       90      11      7       11      0       17868.43  10      429241.0 ms
success		1       91      14      9       14      0       16004.82  9       429241.0 ms
success		1       92      16      6       13      0       15709.07  8       429273.0 ms
success		1       93      17      5       10      0       13982.37  7       429335.0 ms
success		1       94      77      2       15      0       11933.06  6       430396.0 ms
success		1       95      208     2       15      0       10228.77  5       434982.0 ms
cross iterater0
bad   	success		9348.36   10448.68  5       497615.0 ms cross
rand   	
bad   	success		9267.89   9871.23   5       585706.0 ms cross
rand   	
ab
ab6	3
ab7	2
fail		9267.89   10130.45  5       728459.0 ms
fail		9528.19   10408.79  5       797644.0 ms
cross iterater1
bad   	success		9406.60   10159.30  5       822619.0 ms cross
rand   	
bad   	success		9720.63   10147.65  5       925015.0 ms cross
rand   	
ab
ab7	2
ab6	4
fail		9400.66   10251.42  5       1098515.0 ms
cross iterater2
ab
ab7	5
fail		9058.84   10299.99  5       1158777.0 ms
cross iterater3
bad   	success		9697.89   10203.02  5       1172879.0 ms cross
rand   	
bad   	success		9056.17   9454.46   5       1230941.0 ms cross
rand   	
ab
ab7	5
fail		9479.59   10325.45  5       1365504.0 ms
cross iterater4
bad   	success		9245.03   10178.02  5       1365629.0 ms cross
rand   	
bad   	success		9483.59   9842.86   5       1403567.0 ms cross
rand   	
ab
ab7	5
cross iterater5
ab
ab7	0
fail		9330.37   10519.67  5       1477884.0 ms
fail		9628.35   10548.15  5       1508819.0 ms
cross iterater6
bad   	success		9437.64   10093.47  5       1512157.0 ms cross
rand   	
bad   	success		9307.28   10047.59  5       1581092.0 ms cross
rand   	
ab
ab6	5
fail		9267.89   10130.45  5       1677857.0 ms
cross iterater7
ab
ab6	1
fail		9307.28   10286.19  5       1717855.0 ms
fail		9437.64   10225.78  5       1801890.0 ms
cross iterater8
bad   	success		9378.72   10252.80  5       1804168.0 ms cross
rand   	
bad   	success		9608.66   10161.45  5       1859235.0 ms cross
rand   	
ab
fail		9378.72   10276.13  5       2010302.0 ms
cross iterater9
bad   	success		9634.84   10264.36  5       2011706.0 ms cross
rand   	
bad   	success		9348.87   10164.81  5       2086741.0 ms cross
rand   	
ab
ab7	1
ab6	3
fail		9224.15   10248.32  5       2228838.0 ms
cross iterater10
bad   	success		8957.68   10091.27  5       2240273.0 ms cross
rand   	
bad   	success		9188.07   10289.44  5       2320143.0 ms cross
rand   	
ab
ab6	3
fail		9224.15   10248.32  5       2456672.0 ms
cross iterater11
bad   	success		9379.23   9969.22   5       2457592.0 ms cross
rand   	
bad   	success		9376.14   9785.67   5       2550988.0 ms cross
rand   	
ab
ab6	5
cross iterater12
ab
ab6	1
cross iterater13
bad   	success		9099.57   9973.89   5       2628175.0 ms cross
rand   	
bad   	success		9190.92   9838.18   5       2714863.0 ms cross
rand   	
ab
ab6	5
fail		9393.04   10122.54  5       2876273.0 ms
fail		8188.83   9929.07   5       2967983.0 ms
cross iterater14
bad   	success		9633.34   9918.51   5       2970355.0 ms cross
rand   	
bad   	success		9402.90   10154.02  5       3015999.0 ms cross
rand   	
ab
ab7	3
ab6	2
fail		9130.15   9912.37   5       3134900.0 ms
fail		9449.53   10498.23  5       3197939.0 ms
cross iterater15
bad   	success		9155.56   9969.91   5       3197970.0 ms cross
rand   	
bad   	success		8693.49   10069.39  5       3238357.0 ms cross
rand   	
ab
ab6	4
fail		8693.49   9891.12   5       3326979.0 ms
fail		8188.83   9929.07   5       3404666.0 ms
cross iterater16
bad   	success		9495.69   10128.98  5       3411998.0 ms cross
rand   	
bad   	success		9032.14   9690.78   5       3467158.0 ms cross
rand   	
ab
ab7	2
ab6	3
fail		9052.37   10250.53  5       3579024.0 ms
cross iterater17
ab
ab7	0
fail		9004.13   10134.74  5       3626166.0 ms
cross iterater18

R.size:5

1		45	13	193	127	61	119	139	152	42	194	167	102	151	171	18	150	44	191	200	57	141	11	126	133	25	158	96	138	58	166	73	98	4	76	28	82	12	109	121	112	1	85	83	182	104	125	145	185	122	186	
2		164	34	74	62	131	111	36	192	144	63	100	149	137	35	177	49	56	134	170	87	190	94	66	124	181	50	176	16	89	84	113	106	30	174	2	188	108	54	39	33	97	179	128	5	99	77	60	153	165	163	
3		23	116	143	43	47	19	199	117	65	201	129	118	88	162	103	71	32	159	146	197	38	107	90	157	123	79	202	70	130	198	17	160	48	101	154	22	110	20	189	142	161	169	3	52	46	180	75	15	195	140	147	59	72	81	120	67	
4		136	26	8	115	95	114	6	40	184	21	135	183	78	168	172	178	196	29	9	69	37	92	187	7	55	156	68	24	175	148	51	53	86	80	132	31	155	64	105	14	
5		41	91	27	173	93	10	

data1/pdp200/LR2_2_3.txt
total_cost 8188.831347

