success		1       0       1       12      1       0       69757.03  101     31.0     ms
success		1       1       1       57      1       0       69854.06  100     31.0     ms
success		1       2       1       49      1       0       69372.07  99      31.0     ms
success		1       3       1       78      1       0       69215.93  98      31.0     ms
success		1       4       1       65      1       0       68775.92  97      31.0     ms
success		1       5       1       82      1       0       68488.44  96      31.0     ms
success		1       6       1       81      1       0       68540.61  95      31.0     ms
success		1       7       1       80      1       0       68401.74  94      31.0     ms
success		1       8       1       18      1       0       66997.37  93      31.0     ms
success		1       9       2       40      2       0       66376.59  92      31.0     ms
success		1       10      1       55      1       0       65803.10  91      31.0     ms
success		1       11      1       71      1       0       65390.97  90      31.0     ms
success		1       12      1       72      1       0       64646.23  89      31.0     ms
success		1       13      1       20      1       0       63341.36  88      31.0     ms
success		1       14      1       24      1       0       62927.65  87      31.0     ms
success		1       15      1       85      1       0       62716.67  86      31.0     ms
success		1       16      1       28      1       0       62537.90  85      31.0     ms
success		1       17      1       61      1       0       62590.19  84      31.0     ms
success		1       18      1       19      1       0       62395.16  83      31.0     ms
success		1       19      1       70      1       0       62451.10  82      47.0     ms
success		1       20      1       80      1       0       62137.50  81      47.0     ms
success		1       21      1       74      1       0       62310.33  80      47.0     ms
success		1       22      1       74      1       0       62393.57  79      47.0     ms
success		1       23      1       36      1       0       62168.99  78      47.0     ms
success		1       24      1       57      1       0       62148.85  77      47.0     ms
success		1       25      1       53      1       0       62020.26  76      47.0     ms
success		1       26      1       17      1       0       61611.12  75      47.0     ms
success		1       27      2       45      2       0       61290.44  74      47.0     ms
success		1       28      1       27      1       0       60454.17  73      47.0     ms
success		1       29      1       47      1       0       59466.96  72      47.0     ms
success		1       30      2       30      2       0       59513.35  71      47.0     ms
success		1       31      2       58      2       0       58515.55  70      47.0     ms
success		1       32      2       18      2       0       58787.79  69      47.0     ms
success		1       33      2       38      2       0       59488.29  68      47.0     ms
success		1       34      1       66      1       0       58547.97  67      47.0     ms
success		1       35      3       9       3       0       58092.06  66      47.0     ms
success		1       36      2       10      2       0       57787.21  65      47.0     ms
success		1       37      2       41      2       0       57575.15  64      47.0     ms
success		1       38      2       4       2       0       57495.29  63      47.0     ms
success		1       39      2       60      2       0       57009.49  62      47.0     ms
success		1       40      1       27      1       0       55953.37  61      47.0     ms
success		1       41      3       47      3       0       55120.34  60      47.0     ms
success		1       42      1       24      1       0       53615.00  59      47.0     ms
success		1       43      1       58      1       0       51725.48  58      47.0     ms
success		1       44      2       54      2       0       52128.68  57      47.0     ms
success		1       45      1       2       1       0       51791.82  56      47.0     ms
success		1       46      1       18      1       0       50882.17  55      47.0     ms
success		1       47      2       22      2       0       50125.33  54      47.0     ms
success		1       48      4       48      4       0       49757.74  53      47.0     ms
success		1       49      1       50      1       0       49662.61  52      47.0     ms
success		1       50      1       39      1       0       49371.72  51      47.0     ms
success		1       51      3       7       3       0       47939.06  50      47.0     ms
success		1       52      2       34      2       0       47869.96  49      47.0     ms
success		1       53      1       21      1       0       46723.88  48      47.0     ms
success		1       54      3       23      3       0       46880.21  47      47.0     ms
success		1       55      2       25      2       0       45882.57  46      47.0     ms
success		1       56      2       15      2       0       45505.79  45      47.0     ms
success		1       57      2       33      2       0       44363.54  44      47.0     ms
success		1       58      3       19      3       0       43364.57  43      47.0     ms
success		1       59      3       21      3       0       43281.26  42      47.0     ms
success		1       60      4       35      4       0       43179.85  41      47.0     ms
success		1       61      2       40      2       0       43499.24  40      47.0     ms
success		1       62      2       37      2       0       42316.38  39      47.0     ms
success		1       63      2       9       2       0       42110.28  38      47.0     ms
success		1       64      1       14      1       0       41664.36  37      47.0     ms
success		1       65      4       15      4       0       40354.91  36      47.0     ms
success		1       66      1       19      1       0       40305.12  35      47.0     ms
success		1       67      2       30      2       0       39477.69  34      47.0     ms
success		1       68      3       17      3       0       38383.66  33      47.0     ms
success		1       69      2       3       2       0       37001.30  32      47.0     ms
success		1       70      4       28      4       0       36498.87  31      62.0     ms
success		1       71      5       8       5       0       35915.11  30      62.0     ms
success		1       72      3       16      3       0       35599.24  29      62.0     ms
success		1       73      5       9       5       0       33949.86  28      62.0     ms
success		1       74      5       5       5       0       34557.16  27      62.0     ms
success		1       75      1       7       1       0       33970.08  26      62.0     ms
success		1       76      2       8       2       0       33232.34  25      62.0     ms
success		1       77      6       23      6       0       32107.99  24      62.0     ms
success		1       78      4       6       4       0       30950.83  23      62.0     ms
success		1       79      2       7       2       0       29745.87  22      62.0     ms
success		1       80      8       9       8       0       28877.18  21      62.0     ms
success		1       81      6       5       5       0       29066.67  20      62.0     ms
success		1       82      5       7       5       0       28154.10  19      62.0     ms
success		1       83      8       9       8       0       26753.97  18      62.0     ms
success		1       84      5       14      5       0       25077.51  17      62.0     ms
success		1       85      5       1       5       0       23936.24  16      62.0     ms
success		1       86      7       9       7       0       22915.34  15      62.0     ms
success		1       87      8       10      7       0       22346.02  14      62.0     ms
success		1       88      6       3       6       0       20592.20  13      78.0     ms
success		1       89      12      0       6       0       20107.39  12      94.0     ms
success		1       90      12      3       10      0       17168.70  11      109.0    ms
success		1       91      13      5       9       0       16886.43  10      140.0    ms
success		1       92      38      1       8       0       15240.70  9       234.0    ms
success		1       93      19      8       9       0       13817.30  8       265.0    ms
success		1       0       1       59      1       0       83567.31  101     13385.0  ms
success		1       1       1       0       1       0       83321.84  100     13385.0  ms
success		1       2       1       95      1       0       83099.17  99      13385.0  ms
success		1       3       1       39      1       0       80882.81  98      13385.0  ms
success		1       4       1       56      1       0       80466.14  97      13385.0  ms
success		1       5       1       39      1       0       80341.26  96      13385.0  ms
success		1       6       1       6       1       0       79962.31  95      13385.0  ms
success		1       7       1       45      1       0       79706.70  94      13385.0  ms
success		1       8       2       12      2       0       78813.23  93      13385.0  ms
success		1       9       3       33      3       0       78877.44  92      13385.0  ms
success		1       10      1       26      1       0       77520.74  91      13385.0  ms
success		1       11      1       29      1       0       76925.01  90      13385.0  ms
success		1       12      2       0       2       0       77158.61  89      13385.0  ms
success		1       13      1       60      1       0       76399.50  88      13385.0  ms
success		1       14      1       79      1       0       75779.14  87      13385.0  ms
success		1       15      2       6       2       0       74055.66  86      13385.0  ms
success		1       16      2       74      2       0       73335.63  85      13385.0  ms
success		1       17      1       39      1       0       72898.38  84      13385.0  ms
success		1       18      2       47      2       0       71790.66  83      13385.0  ms
success		1       19      2       72      2       0       71048.48  82      13385.0  ms
success		1       20      1       22      1       0       70587.62  81      13385.0  ms
success		1       21      1       74      1       0       69835.64  80      13385.0  ms
success		1       22      1       77      1       0       69192.65  79      13385.0  ms
success		1       23      1       60      1       0       68901.06  78      13385.0  ms
success		1       24      1       43      1       0       68601.87  77      13385.0  ms
success		1       25      1       34      1       0       67808.05  76      13385.0  ms
success		1       26      1       70      1       0       67659.51  75      13385.0  ms
success		1       27      1       3       1       0       67000.75  74      13385.0  ms
success		1       28      1       32      1       0       66249.18  73      13385.0  ms
success		1       29      1       66      1       0       64983.34  72      13385.0  ms
success		1       30      1       63      1       0       64413.02  71      13385.0  ms
success		1       31      1       45      1       0       63978.97  70      13385.0  ms
success		1       32      1       66      1       0       63390.37  69      13385.0  ms
success		1       33      1       17      1       0       61713.97  68      13385.0  ms
success		1       34      1       63      1       0       60244.60  67      13385.0  ms
success		1       35      1       20      1       0       59653.73  66      13385.0  ms
success		1       36      3       29      3       0       59250.35  65      13385.0  ms
success		1       37      2       10      2       0       58634.82  64      13385.0  ms
success		1       38      2       42      2       0       58045.86  63      13385.0  ms
success		1       39      1       62      1       0       56420.14  62      13385.0  ms
success		1       40      1       13      1       0       56064.76  61      13385.0  ms
success		1       41      3       44      3       0       55850.22  60      13385.0  ms
success		1       42      2       41      2       0       54942.90  59      13385.0  ms
success		1       43      2       34      2       0       54620.84  58      13385.0  ms
success		1       44      1       16      1       0       53914.25  57      13385.0  ms
success		1       45      2       9       2       0       53425.25  56      13385.0  ms
success		1       46      2       19      2       0       52155.60  55      13385.0  ms
success		1       47      1       19      1       0       51674.64  54      13385.0  ms
success		1       48      3       6       3       0       51049.78  53      13400.0  ms
success		1       49      5       12      5       0       50570.22  52      13400.0  ms
success		1       50      1       39      1       0       49965.52  51      13400.0  ms
success		1       51      1       2       1       0       49381.48  50      13400.0  ms
success		1       52      1       41      1       0       49104.14  49      13400.0  ms
success		1       53      1       44      1       0       48676.17  48      13400.0  ms
success		1       54      3       36      3       0       48643.66  47      13400.0  ms
success		1       55      4       38      4       0       47461.45  46      13400.0  ms
success		1       56      2       38      2       0       47206.40  45      13400.0  ms
success		1       57      2       24      2       0       46953.24  44      13400.0  ms
success		1       58      3       21      3       0       46523.41  43      13400.0  ms
success		1       59      2       33      2       0       45893.24  42      13400.0  ms
success		1       60      1       22      1       0       44912.62  41      13400.0  ms
success		1       61      4       4       4       0       44733.29  40      13400.0  ms
success		1       62      1       12      1       0       44394.57  39      13400.0  ms
success		1       63      2       36      2       0       43448.03  38      13400.0  ms
success		1       64      3       10      3       0       42216.82  37      13400.0  ms
success		1       65      4       33      4       0       41535.02  36      13400.0  ms
success		1       66      1       0       1       0       41000.77  35      13400.0  ms
success		1       67      3       10      3       0       40675.64  34      13400.0  ms
success		1       68      3       32      3       0       40073.68  33      13400.0  ms
success		1       69      5       21      5       0       38558.77  32      13400.0  ms
success		1       70      6       26      6       0       37078.75  31      13400.0  ms
success		1       71      2       22      2       0       36551.67  30      13400.0  ms
success		1       72      4       26      4       0       35736.10  29      13400.0  ms
success		1       73      5       0       5       0       34572.81  28      13400.0  ms
success		1       74      2       9       2       0       33631.58  27      13400.0  ms
success		1       75      3       3       3       0       32599.32  26      13400.0  ms
success		1       76      2       4       2       0       31488.89  25      13400.0  ms
success		1       77      6       3       6       0       30974.85  24      13400.0  ms
success		1       78      2       5       2       0       30506.10  23      13400.0  ms
success		1       79      5       1       5       0       30958.15  22      13400.0  ms
success		1       80      5       5       5       0       29694.02  21      13400.0  ms
success		1       81      2       14      2       0       29060.58  20      13400.0  ms
success		1       82      4       18      4       0       27707.18  19      13400.0  ms
success		1       83      4       14      4       0       26349.28  18      13400.0  ms
success		1       84      6       15      6       0       25323.80  17      13400.0  ms
success		1       85      6       13      6       0       23854.56  16      13400.0  ms
success		1       86      4       9       3       0       22945.08  15      13400.0  ms
success		1       87      6       12      5       0       21542.11  14      13400.0  ms
success		1       88      3       11      3       0       20297.38  13      13400.0  ms
success		1       89      14      10      10      0       18639.28  12      13416.0  ms
success		1       90      13      8       9       0       17435.69  11      13431.0  ms
success		1       91      15      1       8       0       16077.27  10      13447.0  ms
success		1       92      23      5       10      0       14741.59  9       13525.0  ms
success		1       93      48      8       9       0       13319.83  8       13853.0  ms
success		1       0       1       37      1       0       83587.71  101     28173.0  ms
success		1       1       1       86      1       0       83015.99  100     28173.0  ms
success		1       2       1       66      1       0       82542.86  99      28173.0  ms
success		1       3       1       64      1       0       82072.55  98      28173.0  ms
success		1       4       1       78      1       0       81713.76  97      28173.0  ms
success		1       5       1       58      1       0       81613.21  96      28173.0  ms
success		1       6       1       40      1       0       81149.16  95      28173.0  ms
success		1       7       1       91      1       0       80220.02  94      28173.0  ms
success		1       8       1       21      1       0       80054.66  93      28173.0  ms
success		1       9       1       33      1       0       79524.24  92      28173.0  ms
success		1       10      1       85      1       0       78745.60  91      28173.0  ms
success		1       11      1       88      1       0       78110.01  90      28173.0  ms
success		1       12      1       20      1       0       77548.70  89      28173.0  ms
success		1       13      1       59      1       0       76691.96  88      28173.0  ms
success		1       14      1       29      1       0       75780.48  87      28173.0  ms
success		1       15      1       8       1       0       74921.49  86      28173.0  ms
success		1       16      1       58      1       0       73161.84  85      28173.0  ms
success		1       17      1       34      1       0       72369.03  84      28173.0  ms
success		1       18      1       0       1       0       71793.46  83      28173.0  ms
success		1       19      1       7       1       0       71592.35  82      28173.0  ms
success		1       20      1       55      1       0       71469.44  81      28173.0  ms
success		1       21      1       36      1       0       71017.15  80      28173.0  ms
success		1       22      2       64      2       0       70580.97  79      28173.0  ms
success		1       23      1       36      1       0       70159.24  78      28173.0  ms
success		1       24      2       65      2       0       69829.72  77      28173.0  ms
success		1       25      1       40      1       0       69242.95  76      28173.0  ms
success		1       26      1       16      1       0       67271.50  75      28173.0  ms
success		1       27      1       57      1       0       66902.72  74      28173.0  ms
success		1       28      2       72      2       0       65936.93  73      28173.0  ms
success		1       29      2       59      2       0       65160.30  72      28173.0  ms
success		1       30      2       62      2       0       63900.37  71      28173.0  ms
success		1       31      2       43      2       0       62719.84  70      28173.0  ms
success		1       32      1       9       1       0       62437.78  69      28173.0  ms
success		1       33      2       6       2       0       62325.09  68      28173.0  ms
success		1       34      1       58      1       0       61894.96  67      28173.0  ms
success		1       35      2       51      2       0       61371.38  66      28173.0  ms
success		1       36      2       17      2       0       60541.59  65      28173.0  ms
success		1       37      1       0       1       0       60188.10  64      28173.0  ms
success		1       38      2       40      2       0       59273.34  63      28173.0  ms
success		1       39      3       7       3       0       58424.74  62      28173.0  ms
success		1       40      1       46      1       0       58126.36  61      28173.0  ms
success		1       41      3       30      3       0       58177.57  60      28173.0  ms
success		1       42      2       37      2       0       57679.54  59      28173.0  ms
success		1       43      2       44      2       0       55593.53  58      28173.0  ms
success		1       44      2       6       2       0       55182.06  57      28173.0  ms
success		1       45      1       54      1       0       53931.61  56      28173.0  ms
success		1       46      1       51      1       0       53482.01  55      28189.0  ms
success		1       47      1       31      1       0       53324.19  54      28189.0  ms
success		1       48      1       36      1       0       52987.05  53      28189.0  ms
success		1       49      2       36      2       0       52405.45  52      28189.0  ms
success		1       50      2       16      2       0       52120.10  51      28189.0  ms
success		1       51      2       17      2       0       51598.16  50      28189.0  ms
success		1       52      2       36      2       0       51094.37  49      28189.0  ms
success		1       53      3       3       3       0       50781.05  48      28189.0  ms
success		1       54      1       19      1       0       50470.66  47      28189.0  ms
success		1       55      5       37      5       0       51274.59  46      28189.0  ms
success		1       56      2       19      2       0       50172.10  45      28189.0  ms
success		1       57      3       9       3       0       49593.58  44      28189.0  ms
success		1       58      2       0       2       0       48481.20  43      28189.0  ms
success		1       59      2       0       2       0       47602.41  42      28189.0  ms
success		1       60      2       17      2       0       47278.14  41      28189.0  ms
success		1       61      2       39      2       0       46898.93  40      28189.0  ms
success		1       62      2       32      2       0       46561.51  39      28189.0  ms
success		1       63      1       33      1       0       45897.18  38      28189.0  ms
success		1       64      4       14      4       0       44997.06  37      28189.0  ms
success		1       65      3       11      3       0       44169.74  36      28189.0  ms
success		1       66      3       5       3       0       42364.34  35      28189.0  ms
success		1       67      2       26      2       0       41424.08  34      28189.0  ms
success		1       68      2       13      2       0       40134.31  33      28189.0  ms
success		1       69      3       15      3       0       39364.70  32      28189.0  ms
success		1       70      4       19      4       0       38591.09  31      28189.0  ms
success		1       71      1       27      1       0       37296.52  30      28189.0  ms
success		1       72      4       2       4       0       35792.33  29      28189.0  ms
success		1       73      3       21      3       0       34945.18  28      28189.0  ms
success		1       74      2       25      2       0       33836.10  27      28189.0  ms
success		1       75      6       3       6       0       32715.73  26      28189.0  ms
success		1       76      6       2       6       0       32131.50  25      28189.0  ms
success		1       77      5       20      5       0       31599.79  24      28189.0  ms
success		1       78      3       14      3       0       30122.57  23      28189.0  ms
success		1       79      4       13      4       0       29348.10  22      28189.0  ms
success		1       80      5       16      5       0       28051.54  21      28189.0  ms
success		1       81      5       0       5       0       27815.61  20      28189.0  ms
success		1       82      6       8       6       0       27904.33  19      28189.0  ms
success		1       83      4       5       4       0       26353.47  18      28189.0  ms
success		1       84      4       3       3       0       25298.72  17      28189.0  ms
success		1       85      5       10      5       0       24209.77  16      28189.0  ms
success		1       86      5       11      5       0       23052.24  15      28189.0  ms
success		1       87      7       3       6       0       21835.23  14      28189.0  ms
success		1       88      7       5       4       0       21282.40  13      28204.0  ms
success		1       89      7       12      7       0       19501.70  12      28204.0  ms
success		1       90      10      2       8       0       16673.36  11      28204.0  ms
success		1       91      29      7       11      0       17017.62  10      28267.0  ms
success		1       92      19      2       9       0       15201.94  9       28298.0  ms
success		1       93      83      0       11      0       13934.41  8       28719.0  ms
success		1       0       1       4       1       0       82438.42  101     41464.0  ms
success		1       1       1       65      1       0       82187.52  100     41464.0  ms
success		1       2       1       32      1       0       81836.51  99      41464.0  ms
success		1       3       1       14      1       0       81545.37  98      41464.0  ms
success		1       4       1       76      1       0       80814.57  97      41464.0  ms
success		1       5       1       89      1       0       80644.04  96      41464.0  ms
success		1       6       1       40      1       0       80279.95  95      41464.0  ms
success		1       7       1       47      1       0       79079.78  94      41464.0  ms
success		1       8       1       67      1       0       78803.10  93      41464.0  ms
success		1       9       1       56      1       0       77900.01  92      41464.0  ms
success		1       10      1       43      1       0       77028.15  91      41464.0  ms
success		1       11      1       38      1       0       76686.58  90      41464.0  ms
success		1       12      1       38      1       0       76482.77  89      41464.0  ms
success		1       13      1       46      1       0       75954.98  88      41464.0  ms
success		1       14      1       32      1       0       75748.91  87      41464.0  ms
success		1       15      1       67      1       0       75302.85  86      41464.0  ms
success		1       16      1       7       1       0       74700.52  85      41464.0  ms
success		1       17      2       78      2       0       74095.35  84      41464.0  ms
success		1       18      1       66      1       0       73603.12  83      41464.0  ms
success		1       19      1       72      1       0       73040.43  82      41464.0  ms
success		1       20      1       32      1       0       72838.04  81      41464.0  ms
success		1       21      1       10      1       0       71698.08  80      41464.0  ms
success		1       22      1       48      1       0       71473.42  79      41464.0  ms
success		1       23      1       8       1       0       71272.56  78      41480.0  ms
success		1       24      1       1       1       0       71141.68  77      41480.0  ms
success		1       25      1       70      1       0       71107.75  76      41480.0  ms
success		1       26      1       64      1       0       70698.15  75      41480.0  ms
success		1       27      1       29      1       0       70025.68  74      41480.0  ms
success		1       28      1       29      1       0       68062.64  73      41480.0  ms
success		1       29      2       60      2       0       67531.26  72      41480.0  ms
success		1       30      1       48      1       0       66987.58  71      41480.0  ms
success		1       31      1       56      1       0       66413.34  70      41480.0  ms
success		1       32      2       57      2       0       65793.00  69      41480.0  ms
success		1       33      2       3       2       0       65334.12  68      41480.0  ms
success		1       34      2       0       2       0       63775.72  67      41480.0  ms
success		1       35      1       22      1       0       63367.24  66      41480.0  ms
success		1       36      1       31      1       0       63137.83  65      41480.0  ms
success		1       37      1       12      1       0       62579.20  64      41480.0  ms
success		1       38      2       5       2       0       62359.96  63      41480.0  ms
success		1       39      1       13      1       0       61689.76  62      41480.0  ms
success		1       40      1       0       1       0       61339.88  61      41480.0  ms
success		1       41      1       60      1       0       60123.79  60      41480.0  ms
success		1       42      3       39      3       0       59857.37  59      41480.0  ms
success		1       43      1       1       1       0       59516.08  58      41480.0  ms
success		1       44      1       6       1       0       58700.54  57      41480.0  ms
success		1       45      1       32      1       0       58106.64  56      41480.0  ms
success		1       46      2       55      2       0       56717.40  55      41480.0  ms
success		1       47      1       24      1       0       55931.33  54      41480.0  ms
success		1       48      3       19      3       0       56863.96  53      41480.0  ms
success		1       49      1       27      1       0       55117.23  52      41480.0  ms
success		1       50      1       45      1       0       53631.04  51      41480.0  ms
success		1       51      1       12      1       0       53130.29  50      41480.0  ms
success		1       52      2       9       2       0       51754.71  49      41480.0  ms
success		1       53      2       36      2       0       51427.72  48      41480.0  ms
success		1       54      2       47      2       0       50997.05  47      41480.0  ms
success		1       55      1       12      1       0       50257.22  46      41480.0  ms
success		1       56      3       2       3       0       50374.57  45      41480.0  ms
success		1       57      3       19      3       0       49417.22  44      41480.0  ms
success		1       58      2       34      2       0       49176.29  43      41480.0  ms
success		1       59      4       6       4       0       48237.30  42      41480.0  ms
success		1       60      4       12      4       0       47258.52  41      41480.0  ms
success		1       61      3       4       3       0       46942.40  40      41480.0  ms
success		1       62      3       13      3       0       46541.17  39      41480.0  ms
success		1       63      1       7       1       0       45711.64  38      41480.0  ms
success		1       64      4       7       4       0       44507.42  37      41480.0  ms
success		1       65      2       2       2       0       44005.57  36      41480.0  ms
success		1       66      4       2       4       0       42628.01  35      41480.0  ms
success		1       67      3       27      3       0       42271.23  34      41480.0  ms
success		1       68      3       14      3       0       40811.17  33      41480.0  ms
success		1       69      4       26      4       0       40041.01  32      41480.0  ms
success		1       70      5       13      5       0       39498.84  31      41480.0  ms
success		1       71      6       0       6       0       38719.29  30      41480.0  ms
success		1       72      1       25      1       0       37275.92  29      41480.0  ms
success		1       73      3       15      3       0       36292.98  28      41480.0  ms
success		1       74      2       4       2       0       35168.92  27      41480.0  ms
success		1       75      4       22      4       0       33959.91  26      41480.0  ms
success		1       76      3       17      3       0       34147.05  25      41480.0  ms
success		1       77      4       17      4       0       33079.55  24      41480.0  ms
success		1       78      5       1       5       0       32557.60  23      41480.0  ms
success		1       79      5       17      5       0       31079.53  22      41480.0  ms
success		1       80      4       20      4       0       29328.15  21      41480.0  ms
success		1       81      3       19      3       0       28099.60  20      41480.0  ms
success		1       82      8       0       8       0       26890.76  19      41480.0  ms
success		1       83      5       12      5       0       26536.81  18      41480.0  ms
success		1       84      7       13      7       0       24519.23  17      41480.0  ms
success		1       85      9       10      9       0       22734.07  16      41480.0  ms
success		1       86      7       6       7       0       21739.59  15      41480.0  ms
success		1       87      7       12      7       0       20933.57  14      41480.0  ms
success		1       88      12      7       7       0       20925.24  13      41495.0  ms
success		1       89      7       6       7       0       19478.27  12      41495.0  ms
success		1       90      15      5       11      0       18687.13  11      41511.0  ms
success		1       91      11      4       10      0       16241.44  10      41511.0  ms
success		1       92      38      8       13      0       15475.32  9       41651.0  ms
success		1       93      140     2       15      0       13350.41  8       42634.0  ms
success		1       94      203     5       11      0       12040.44  7       44693.0  ms
success		1       0       1       5       1       0       83334.24  101     65269.0  ms
success		1       1       1       2       1       0       83000.26  100     65269.0  ms
success		1       2       1       69      1       0       82860.24  99      65269.0  ms
success		1       3       2       37      2       0       81590.10  98      65269.0  ms
success		1       4       1       97      1       0       80020.31  97      65269.0  ms
success		1       5       1       35      1       0       79242.02  96      65269.0  ms
success		1       6       1       31      1       0       78560.60  95      65285.0  ms
success		1       7       2       14      2       0       78340.02  94      65285.0  ms
success		1       8       1       29      1       0       77985.17  93      65285.0  ms
success		1       9       1       11      1       0       77070.00  92      65285.0  ms
success		1       10      1       10      1       0       76896.15  91      65285.0  ms
success		1       11      1       46      1       0       76312.69  90      65285.0  ms
success		1       12      1       61      1       0       75657.35  89      65285.0  ms
success		1       13      1       84      1       0       74437.90  88      65285.0  ms
success		1       14      2       17      2       0       74410.15  87      65285.0  ms
success		1       15      1       79      1       0       73711.63  86      65285.0  ms
success		1       16      2       24      2       0       73630.88  85      65285.0  ms
success		1       17      1       23      1       0       72564.94  84      65285.0  ms
success		1       18      1       41      1       0       71231.19  83      65285.0  ms
success		1       19      1       10      1       0       70881.01  82      65285.0  ms
success		1       20      1       62      1       0       70509.10  81      65285.0  ms
success		1       21      1       67      1       0       69879.77  80      65285.0  ms
success		1       22      2       48      2       0       69424.48  79      65285.0  ms
success		1       23      2       4       2       0       68998.81  78      65285.0  ms
success		1       24      1       27      1       0       68461.19  77      65285.0  ms
success		1       25      1       50      1       0       67231.64  76      65285.0  ms
success		1       26      2       52      2       0       66801.28  75      65285.0  ms
success		1       27      1       32      1       0       65576.81  74      65285.0  ms
success		1       28      2       20      2       0       65344.72  73      65285.0  ms
success		1       29      1       1       1       0       64796.77  72      65285.0  ms
success		1       30      3       12      3       0       64123.11  71      65285.0  ms
success		1       31      2       12      2       0       63367.38  70      65285.0  ms
success		1       32      1       29      1       0       63146.98  69      65285.0  ms
success		1       33      3       28      3       0       63738.93  68      65285.0  ms
success		1       34      2       41      2       0       63416.57  67      65285.0  ms
success		1       35      2       6       2       0       63013.93  66      65285.0  ms
success		1       36      1       16      1       0       61927.55  65      65285.0  ms
success		1       37      3       56      3       0       61501.63  64      65285.0  ms
success		1       38      1       45      1       0       61300.30  63      65285.0  ms
success		1       39      1       32      1       0       60617.96  62      65285.0  ms
success		1       40      1       2       1       0       59370.24  61      65285.0  ms
success		1       41      1       31      1       0       58790.77  60      65285.0  ms
success		1       42      2       24      2       0       58433.13  59      65285.0  ms
success		1       43      1       39      1       0       58130.63  58      65285.0  ms
success		1       44      2       8       2       0       57650.33  57      65285.0  ms
success		1       45      1       22      1       0       56322.94  56      65285.0  ms
success		1       46      1       31      1       0       55717.54  55      65285.0  ms
success		1       47      2       13      2       0       55537.28  54      65285.0  ms
success		1       48      2       28      2       0       54519.53  53      65285.0  ms
success		1       49      1       15      1       0       52962.31  52      65285.0  ms
success		1       50      2       41      2       0       52290.46  51      65285.0  ms
success		1       51      1       0       1       0       50997.55  50      65285.0  ms
success		1       52      3       32      3       0       49394.61  49      65285.0  ms
success		1       53      1       45      1       0       48262.50  48      65285.0  ms
success		1       54      1       19      1       0       47629.96  47      65285.0  ms
success		1       55      2       26      2       0       47148.36  46      65285.0  ms
success		1       56      2       21      2       0       46569.15  45      65285.0  ms
success		1       57      1       41      1       0       46048.80  44      65285.0  ms
success		1       58      1       28      1       0       45636.29  43      65285.0  ms
success		1       59      2       31      2       0       45064.64  42      65285.0  ms
success		1       60      3       9       3       0       45427.20  41      65285.0  ms
success		1       61      2       38      2       0       44744.70  40      65285.0  ms
success		1       62      2       11      2       0       42584.86  39      65285.0  ms
success		1       63      1       18      1       0       42158.55  38      65285.0  ms
success		1       64      3       36      3       0       40311.59  37      65285.0  ms
success		1       65      2       33      2       0       38885.92  36      65285.0  ms
success		1       66      4       32      4       0       38273.41  35      65285.0  ms
success		1       67      4       28      4       0       38254.42  34      65285.0  ms
success		1       68      2       30      2       0       38027.06  33      65285.0  ms
success		1       69      2       16      2       0       37736.19  32      65285.0  ms
success		1       70      3       29      3       0       37106.46  31      65285.0  ms
success		1       71      3       1       3       0       35439.38  30      65285.0  ms
success		1       72      4       0       4       0       35033.94  29      65285.0  ms
success		1       73      2       13      2       0       34629.48  28      65285.0  ms
success		1       74      1       26      1       0       34084.04  27      65285.0  ms
success		1       75      3       14      3       0       33688.11  26      65285.0  ms
success		1       76      6       19      6       0       32348.04  25      65285.0  ms
success		1       77      6       20      6       0       32574.91  24      65285.0  ms
success		1       78      5       0       5       0       32586.38  23      65285.0  ms
success		1       79      4       15      4       0       31368.17  22      65285.0  ms
success		1       80      6       14      6       0       29942.20  21      65285.0  ms
success		1       81      6       4       6       0       29192.92  20      65285.0  ms
success		1       82      9       10      9       0       28432.45  19      65285.0  ms
success		1       83      4       18      4       0       27368.42  18      65285.0  ms
success		1       84      7       11      5       0       24901.03  17      65300.0  ms
success		1       85      10      15      8       0       23246.29  16      65300.0  ms
success		1       86      10      8       8       0       23052.05  15      65300.0  ms
success		1       87      5       4       5       0       22016.75  14      65300.0  ms
success		1       88      6       8       6       0       20601.39  13      65300.0  ms
success		1       89      19      0       10      0       19516.51  12      65332.0  ms
success		1       90      12      9       10      0       17348.32  11      65332.0  ms
success		1       91      19      7       9       0       16007.09  10      65363.0  ms
success		1       92      24      4       8       0       14710.46  9       65425.0  ms
success		1       93      18      6       11      0       13875.70  8       65472.0  ms
success		1       94      1060    1       16      0       12372.10  7       75269.0  ms
success		1       0       1       16      1       0       84068.85  101     92834.0  ms
success		1       1       1       70      1       0       83851.60  100     92834.0  ms
success		1       2       1       11      1       0       83160.21  99      92834.0  ms
success		1       3       1       14      1       0       82875.80  98      92834.0  ms
success		1       4       1       51      1       0       82245.22  97      92834.0  ms
success		1       5       1       41      1       0       82081.95  96      92834.0  ms
success		1       6       1       72      1       0       81317.81  95      92834.0  ms
success		1       7       1       63      1       0       81011.53  94      92834.0  ms
success		1       8       1       66      1       0       80623.63  93      92834.0  ms
success		1       9       2       80      2       0       80227.35  92      92834.0  ms
success		1       10      1       18      1       0       79640.61  91      92834.0  ms
success		1       11      1       84      1       0       78758.76  90      92834.0  ms
success		1       12      1       4       1       0       78382.55  89      92834.0  ms
success		1       13      2       72      2       0       78377.36  88      92834.0  ms
success		1       14      1       68      1       0       78251.95  87      92834.0  ms
success		1       15      1       73      1       0       77977.44  86      92834.0  ms
success		1       16      1       34      1       0       76975.18  85      92834.0  ms
success		1       17      2       68      2       0       76786.93  84      92834.0  ms
success		1       18      2       64      2       0       76083.89  83      92834.0  ms
success		1       19      2       55      2       0       75275.62  82      92834.0  ms
success		1       20      1       55      1       0       74711.40  81      92834.0  ms
success		1       21      1       78      1       0       74069.99  80      92834.0  ms
success		1       22      2       26      2       0       73405.58  79      92834.0  ms
success		1       23      2       30      2       0       73221.07  78      92834.0  ms
success		1       24      1       50      1       0       72437.44  77      92834.0  ms
success		1       25      1       12      1       0       71775.50  76      92834.0  ms
success		1       26      2       24      2       0       71404.70  75      92834.0  ms
success		1       27      1       12      1       0       70605.26  74      92834.0  ms
success		1       28      1       29      1       0       69808.10  73      92834.0  ms
success		1       29      1       0       1       0       68250.38  72      92834.0  ms
success		1       30      1       22      1       0       67822.40  71      92834.0  ms
success		1       31      1       59      1       0       66976.28  70      92834.0  ms
success		1       32      1       69      1       0       66641.20  69      92834.0  ms
success		1       33      1       37      1       0       66168.49  68      92834.0  ms
success		1       34      2       14      2       0       65091.32  67      92834.0  ms
success		1       35      1       13      1       0       64492.36  66      92834.0  ms
success		1       36      2       35      2       0       63873.92  65      92834.0  ms
success		1       37      2       18      2       0       63653.69  64      92834.0  ms
success		1       38      2       9       2       0       62794.23  63      92834.0  ms
success		1       39      1       31      1       0       61942.80  62      92834.0  ms
success		1       40      2       60      2       0       61322.60  61      92834.0  ms
success		1       41      2       43      2       0       60877.39  60      92834.0  ms
success		1       42      1       29      1       0       59491.45  59      92834.0  ms
success		1       43      1       15      1       0       58890.87  58      92834.0  ms
success		1       44      4       47      4       0       57430.33  57      92834.0  ms
success		1       45      2       35      2       0       57054.08  56      92834.0  ms
success		1       46      1       16      1       0       55664.55  55      92834.0  ms
success		1       47      1       43      1       0       54844.68  54      92834.0  ms
success		1       48      1       9       1       0       53957.35  53      92834.0  ms
success		1       49      1       13      1       0       53246.92  52      92834.0  ms
success		1       50      1       49      1       0       52028.90  51      92834.0  ms
success		1       51      3       17      3       0       50802.17  50      92834.0  ms
success		1       52      1       33      1       0       50405.91  49      92834.0  ms
success		1       53      2       38      2       0       50063.31  48      92834.0  ms
success		1       54      3       8       3       0       48822.69  47      92834.0  ms
success		1       55      3       5       3       0       48127.66  46      92834.0  ms
success		1       56      2       41      2       0       47707.56  45      92834.0  ms
success		1       57      3       37      3       0       47621.86  44      92834.0  ms
success		1       58      4       8       4       0       47921.14  43      92834.0  ms
success		1       59      2       0       2       0       46985.37  42      92834.0  ms
success		1       60      5       33      5       0       48193.93  41      92834.0  ms
success		1       61      3       3       3       0       46576.91  40      92834.0  ms
success		1       62      3       26      3       0       46381.20  39      92834.0  ms
success		1       63      5       18      5       0       45141.80  38      92834.0  ms
success		1       64      2       17      2       0       44841.21  37      92834.0  ms
success		1       65      4       34      4       0       44072.89  36      92834.0  ms
success		1       66      4       33      4       0       43027.34  35      92834.0  ms
success		1       67      5       34      5       0       41783.76  34      92834.0  ms
success		1       68      3       28      3       0       40123.85  33      92834.0  ms
success		1       69      4       10      4       0       38441.55  32      92834.0  ms
success		1       70      2       0       2       0       38006.42  31      92834.0  ms
success		1       71      4       10      4       0       37468.13  30      92834.0  ms
success		1       72      2       10      2       0       37051.12  29      92834.0  ms
success		1       73      2       6       2       0       36659.41  28      92834.0  ms
success		1       74      3       8       3       0       36006.68  27      92834.0  ms
success		1       75      4       15      4       0       34803.52  26      92834.0  ms
success		1       76      6       21      6       0       33247.84  25      92834.0  ms
success		1       77      4       15      4       0       32816.10  24      92834.0  ms
success		1       78      2       19      2       0       31810.93  23      92834.0  ms
success		1       79      2       9       2       0       30363.89  22      92834.0  ms
success		1       80      7       11      7       0       29920.29  21      92834.0  ms
success		1       81      4       15      4       0       29169.46  20      92834.0  ms
success		1       82      4       14      4       0       28130.45  19      92849.0  ms
success		1       83      8       0       8       0       27598.29  18      92849.0  ms
success		1       84      5       4       5       0       26518.89  17      92849.0  ms
success		1       85      8       11      8       0       24994.52  16      92849.0  ms
success		1       86      10      9       8       0       24005.88  15      92849.0  ms
success		1       87      8       0       6       0       21331.74  14      92849.0  ms
success		1       88      6       8       6       0       19680.88  13      92849.0  ms
success		1       89      16      5       10      0       19450.42  12      92865.0  ms
success		1       90      9       8       7       0       17804.75  11      92865.0  ms
success		1       91      16      7       10      0       16521.93  10      92896.0  ms
success		1       92      22      7       12      0       15071.82  9       92927.0  ms
success		1       93      165     4       13      0       12735.71  8       94035.0  ms
cross iterater0
bad   	success		8542.89   13661.76  8       107825.0 ms cross
rand   	fail		7695.24   12201.86  8       118090.0 ms cross
bad   	success		8024.42   13752.70  8       118386.0 ms cross
rand   	success		8026.46   12521.19  7       121974.0 ms cross
ab
ab7	0
fail		8337.25   11978.51  7       144016.0 ms
fail		8137.32   12980.24  8       154125.0 ms
cross iterater1
bad   	fail		7804.81   12000.89  8       161691.0 ms cross
rand   	fail		8071.24   12516.96  8       169943.0 ms cross
bad   	success		8517.74   12992.05  8       169959.0 ms cross
rand   	fail		7825.96   11951.57  8       176901.0 ms cross
ab
ab7	5
cross iterater2
bad   	success		9189.13   13438.83  8       176932.0 ms cross
rand   	fail		8313.78   12449.72  8       184560.0 ms cross
bad   	success		7896.85   11550.86  7       184560.0 ms cross
rand   	
ab
ab6	1
fail		7795.96   12336.24  8       218926.0 ms
cross iterater3
bad   	success		7928.67   13830.46  8       218973.0 ms cross
rand   	fail		8092.31   12851.40  8       232170.0 ms cross
bad   	success		7850.02   11921.49  7       232217.0 ms cross
rand   	
ab
ab7	0
cross iterater4
bad   	success		7674.01   12865.46  7       262091.0 ms cross
rand   	
bad   	success		7910.06   11719.63  7       290903.0 ms cross
rand   	
ab
ab6	2
fail		7358.85   12617.98  8       326205.0 ms
fail		7784.59   12680.10  8       341540.0 ms
cross iterater5
bad   	success		7919.01   11615.77  7       341540.0 ms cross
rand   	
bad   	success		7889.96   13802.26  8       361445.0 ms cross
rand   	fail		7771.02   13024.60  8       376514.0 ms cross
ab
ab6	2
ab7	0
fail		7910.06   11585.10  7       401099.0 ms
fail		7919.01   11662.29  7       425591.0 ms
cross iterater6
bad   	success		8443.32   13481.02  8       425653.0 ms cross
rand   	fail		7819.23   12298.40  8       441534.0 ms cross
bad   	success		7861.64   12968.34  8       441752.0 ms cross
rand   	fail		7925.93   13611.04  8       459208.0 ms cross
ab
ab6	2
cross iterater7
bad   	fail		8165.73   12862.57  8       475479.0 ms cross
rand   	
bad   	success		7957.32   12203.46  7       506226.0 ms cross
rand   	
ab
ab6	4
fail		7992.71   13680.12  8       542183.0 ms
cross iterater8
bad   	success		8269.58   13616.45  8       542183.0 ms cross
rand   	fail		8448.64   12287.35  8       559374.0 ms cross
bad   	success		7525.35   13998.81  8       559374.0 ms cross
rand   	fail		8057.94   12857.77  8       575223.0 ms cross
ab
ab7	0
fail		7485.01   12814.67  8       595987.0 ms
fail		7957.32   12369.88  7       615673.0 ms
success		8178.67   12099.65  7       629994.0 ms
cross iterater9
bad   	success		7996.91   13933.37  8       630321.0 ms cross
rand   	success		7576.98   11848.48  7       631101.0 ms cross
bad   	fail		8083.90   13966.98  8       649727.0 ms cross
rand   	fail		7645.29   12944.51  8       661755.0 ms cross
ab
ab6	5
fail		8178.67   12111.85  7       682799.0 ms
cross iterater10
bad   	success		8171.54   13185.19  8       683579.0 ms cross
rand   	fail		7587.19   14154.93  8       701238.0 ms cross
bad   	success		9112.71   13898.92  8       701394.0 ms cross
rand   	fail		8081.20   13667.82  8       718304.0 ms cross
ab
ab6	5
ab7	1
fail		7957.32   12369.88  7       734761.0 ms
cross iterater11
bad   	success		7877.44   11836.89  7       735151.0 ms cross
rand   	
bad   	success		8830.71   14148.93  8       759315.0 ms cross
rand   	fail		8300.67   12788.81  8       773885.0 ms cross
ab
ab6	1
fail		8200.34   12281.56  8       797784.0 ms
fail		7576.98   11571.80  7       824975.0 ms
cross iterater12
bad   	success		8193.75   13344.57  8       825115.0 ms cross
rand   	fail		7986.94   12728.29  8       839935.0 ms cross
bad   	fail		7241.45   12622.00  8       855472.0 ms cross
rand   	success		7576.73   12308.87  7       859528.0 ms cross
ab
ab6	1
fail		8353.63   12997.72  8       879121.0 ms
success		7803.95   12761.84  7       896920.0 ms
fail		7576.73   12492.49  7       919961.0 ms
cross iterater13
ab
ab7	0
fail		7877.44   11872.50  7       941270.0 ms
cross iterater14
bad   	success		7319.28   11667.18  7       943080.0 ms cross
rand   	
bad   	fail		8423.01   11824.76  8       981050.0 ms cross
rand   	success		7125.71   12107.14  7       984107.0 ms cross
ab
ab6	5
fail		7878.79   11663.96  7       1005775.0 ms
cross iterater15
bad   	success		7707.46   11955.78  7       1005791.0 ms cross
rand   	
bad   	fail		8029.58   12860.45  8       1036740.0 ms cross
rand   	fail		7790.91   12565.46  8       1048939.0 ms cross
ab
ab7	3
ab6	5
fail		7877.44   11872.50  7       1074928.0 ms
cross iterater16
bad   	success		7679.93   11941.32  7       1097111.0 ms cross
rand   	
bad   	success		7365.48   11836.07  7       1128498.0 ms cross
rand   	
ab
ab7	5
fail		7365.48   12068.53  7       1182223.0 ms
fail		7679.93   12079.93  7       1204640.0 ms
fail		7685.95   11507.10  7       1231659.0 ms
cross iterater17
bad   	success		8250.42   11212.55  7       1232049.0 ms cross
rand   	
bad   	success		7916.54   12492.25  7       1250300.0 ms cross
rand   	
ab
ab6	4
fail		7724.55   12322.64  7       1289627.0 ms
cross iterater18
bad   	success		8071.71   11945.59  7       1290579.0 ms cross
rand   	
bad   	success		7951.19   11095.67  7       1306740.0 ms cross
rand   	
ab
ab6	4
ab7	5
fail		7298.33   11692.17  7       1327488.0 ms
fail		7626.83   12113.18  7       1342229.0 ms
cross iterater19
bad   	success		7970.01   12374.10  7       1342635.0 ms cross
rand   	
bad   	success		8027.04   11605.57  7       1363741.0 ms cross
rand   	
ab
ab7	5
ab6	3
cross iterater20
ab
ab7	3
fail		7617.45   11478.99  7       1405970.0 ms
fail		8244.25   11613.42  7       1439790.0 ms
cross iterater21
ab
ab7	0
fail		7617.45   11478.99  7       1460662.0 ms
fail		8244.25   11613.42  7       1482127.0 ms
cross iterater22
bad   	success		7801.52   11711.12  7       1482143.0 ms cross
rand   	
bad   	success		7958.45   11008.30  7       1503468.0 ms cross
rand   	
ab
ab6	4
ab7	0
fail		7958.45   11419.06  7       1546414.0 ms
cross iterater23
bad   	
rand   	
bad   	success		7664.24   11037.58  7       1598704.0 ms cross
rand   	
ab
ab6	3
ab7	1
fail		8250.42   11546.25  7       1651821.0 ms
cross iterater24
ab
ab6	2
cross iterater25
bad   	success		7642.70   11321.39  7       1651837.0 ms cross
rand   	
bad   	success		7997.69   11088.33  7       1673754.0 ms cross
rand   	
ab
ab6	5
ab7	4
fail		8126.65   12249.02  7       1717730.0 ms
fail		7987.47   12427.70  7       1739070.0 ms
cross iterater26
bad   	success		7854.05   12172.05  7       1739070.0 ms cross
rand   	
bad   	success		7793.21   11462.55  7       1767352.0 ms cross
rand   	
ab
ab7	5
cross iterater27
bad   	success		7872.26   12213.52  7       1797366.0 ms cross
rand   	
bad   	success		7584.27   11766.74  7       1834057.0 ms cross
rand   	
ab
ab7	0
fail		7876.90   11650.97  7       1892509.0 ms
cross iterater28
bad   	success		7763.42   11753.93  7       1892540.0 ms cross
rand   	
bad   	success		7923.01   11107.98  7       1912430.0 ms cross
rand   	
ab
ab6	1
cross iterater29
ab
ab6	2
ab7	4
fail		7923.01   11282.59  7       1937810.0 ms
cross iterater30
bad   	success		8250.36   11619.15  7       1937826.0 ms cross
rand   	
bad   	success		7813.06   11524.08  7       1951132.0 ms cross
rand   	
ab
ab6	0
ab7	4
cross iterater31
bad   	success		7907.15   11068.01  7       1969415.0 ms cross
rand   	
bad   	success		7793.77   11670.67  7       1991364.0 ms cross
rand   	
ab
ab6	0
cross iterater32
bad   	success		7934.35   11708.94  7       2003376.0 ms cross
rand   	
bad   	success		7659.06   11513.58  7       2018492.0 ms cross
rand   	
ab
ab6	0
fail		7659.06   11563.05  7       2041377.0 ms
cross iterater33
bad   	fail		7352.87   13514.39  8       2053420.0 ms cross
rand   	success		7679.34   12180.68  7       2062530.0 ms cross
bad   	success		8007.38   11241.52  7       2062530.0 ms cross
rand   	
ab
ab6	0
ab7	4
fail		7659.06   11563.05  7       2110593.0 ms
cross iterater34
ab
cross iterater35
bad   	success		7528.32   11855.65  7       2110608.0 ms cross
rand   	
bad   	success		7844.26   13076.56  7       2142712.0 ms cross
rand   	
ab
ab6	0
ab7	3
cross iterater36
bad   	success		7813.13   11805.19  7       2171275.0 ms cross
rand   	
bad   	success		7567.50   11621.40  7       2193630.0 ms cross
rand   	
ab
ab6	3
ab7	0
cross iterater37
bad   	success		7696.27   11563.45  7       2222614.0 ms cross
rand   	
bad   	success		7876.69   11141.53  7       2250506.0 ms cross
rand   	fail		7617.23   11480.52  7       2262612.0 ms cross
ab
ab6	4
fail		7961.27   11588.27  7       2271706.0 ms
cross iterater38
bad   	success		7875.46   11980.20  7       2271722.0 ms cross
rand   	
bad   	success		7585.53   11574.35  7       2282345.0 ms cross
rand   	
ab
ab6	2
ab7	1
fail		8164.78   11346.72  7       2309380.0 ms
fail		7961.27   11588.27  7       2319410.0 ms
cross iterater39
bad   	success		7440.28   12200.64  7       2323045.0 ms cross
rand   	
bad   	success		7685.82   11653.97  7       2349252.0 ms cross
rand   	
ab
ab6	0
ab7	1
cross iterater40
bad   	success		8071.35   12325.54  7       2379906.0 ms cross
rand   	
bad   	success		7933.41   12034.03  7       2405505.0 ms cross
rand   	
ab
ab6	1
ab7	0
cross iterater41
bad   	success		7683.44   11402.99  7       2430402.0 ms cross
rand   	
bad   	success		7585.36   11372.74  7       2453739.0 ms cross
rand   	
ab
ab7	3
ab6	0
fail		7762.31   11982.73  7       2491256.0 ms
cross iterater42
ab
ab7	4
cross iterater43
ab
ab7	0
fail		7698.17   11380.37  7       2507995.0 ms
cross iterater44
bad   	success		7885.01   11269.42  7       2507995.0 ms cross
rand   	
bad   	
rand   	
ab
ab6	2
ab7	5
fail		7980.01   11563.76  7       2565901.0 ms
cross iterater45
bad   	success		7830.82   11597.81  7       2565901.0 ms cross
rand   	
bad   	success		7903.15   11526.09  7       2576961.0 ms cross
rand   	
ab
ab6	4
ab7	0
cross iterater46
ab
ab6	3
ab7	2
fail		7730.19   11343.49  7       2600330.0 ms
fail		7770.26   11399.35  7       2613886.0 ms
cross iterater47
bad   	success		8036.34   11699.90  7       2613901.0 ms cross
rand   	
bad   	success		7848.06   11919.06  7       2633089.0 ms cross
rand   	
ab
ab7	0
ab6	1
cross iterater48
bad   	success		7561.57   11857.89  7       2648720.0 ms cross
rand   	
bad   	success		7652.74   11464.72  7       2678125.0 ms cross
rand   	
ab
ab6	3
ab7	4
cross iterater49
bad   	success		7679.08   11980.04  7       2696642.0 ms cross
rand   	
bad   	success		7903.83   12340.38  7       2728949.0 ms cross
rand   	
ab
ab6	3
ab7	1
fail		7737.42   12430.87  7       2774703.0 ms
cross iterater50
bad   	success		8147.78   11603.92  7       2774719.0 ms cross
rand   	
bad   	success		7773.17   12699.47  7       2788400.0 ms cross
rand   	
ab
ab6	4
fail		7698.17   11380.37  7       2836041.0 ms
cross iterater51
ab
ab6	1
cross iterater52
bad   	success		7529.20   11161.22  7       2836057.0 ms cross
rand   	
bad   	success		7544.53   10999.15  7       2855275.0 ms cross
rand   	
ab
ab6	5
ab7	2
cross iterater53
ab
ab6	5
cross iterater54
bad   	success		7586.46   11184.92  7       2887052.0 ms cross
rand   	
bad   	success		7713.99   10927.81  7       2911388.0 ms cross
rand   	
ab
ab6	4
cross iterater55
ab
ab6	3
fail		7713.99   11203.78  7       2954646.0 ms
fail		7442.44   11288.51  7       2975580.0 ms
cross iterater56
bad   	success		7874.28   11818.57  7       2975596.0 ms cross
rand   	
bad   	success		7281.03   11349.88  7       2994300.0 ms cross
rand   	
ab
ab6	2
ab7	0
fail		7214.57   12046.07  7       3025328.0 ms
fail		7442.44   11288.51  7       3039383.0 ms
cross iterater57
bad   	
rand   	
bad   	success		7607.56   11043.73  7       3071082.0 ms cross
rand   	
ab
ab6	2
cross iterater58
bad   	success		7671.15   10944.07  7       3085652.0 ms cross
rand   	
bad   	success		7461.79   11988.82  7       3100269.0 ms cross
rand   	
ab
ab6	0
cross iterater59
bad   	success		8354.99   11884.13  7       3128021.0 ms cross
rand   	
bad   	success		7043.82   11216.98  7       3155008.0 ms cross
rand   	
ab
ab6	3
ab7	2
fail		7112.59   11757.92  7       3203898.0 ms
fail		7495.73   12364.69  7       3218046.0 ms
fail		7671.15   11163.69  7       3235815.0 ms
cross iterater60
bad   	success		7817.32   12005.27  7       3235939.0 ms cross
rand   	
bad   	success		7725.57   12154.18  7       3254300.0 ms cross
rand   	
ab
ab6	3
ab7	4
fail		7630.63   12461.90  7       3297886.0 ms
cross iterater61
bad   	success		7597.30   11205.41  7       3297886.0 ms cross
rand   	
bad   	success		7315.20   11506.14  7       3321363.0 ms cross
rand   	
ab
ab7	0
cross iterater62
ab
ab6	5
ab7	2
fail		7556.88   12218.77  7       3375276.0 ms
cross iterater63
bad   	success		7276.41   12058.31  7       3375291.0 ms cross
rand   	
bad   	success		7663.93   11500.10  7       3401374.0 ms cross
rand   	
ab
ab6	0
ab7	5
cross iterater64
bad   	success		7517.60   12417.60  7       3421186.0 ms cross
rand   	
bad   	success		7547.84   12096.91  7       3448064.0 ms cross
rand   	
ab
ab6	3
ab7	5
fail		7873.86   12186.07  7       3494707.0 ms
cross iterater65
bad   	success		7790.79   11948.04  7       3494723.0 ms cross
rand   	
bad   	success		7207.43   10701.63  7       3515985.0 ms cross
rand   	
ab
ab6	5
ab7	1
cross iterater66
ab
ab6	4
fail		7309.62   11142.91  7       3563907.0 ms
fail		7302.90   12170.19  7       3584343.0 ms
fail		7722.99   11872.00  7       3606697.0 ms
cross iterater67

R.size:7

1		18	102	131	120	42	84	127	155	98	105	188	114	33	173	21	129	22	179	95	80	195	194	121	88	115	158	74	70	
2		140	100	4	37	161	147	133	169	40	143	59	65	99	168	151	108	23	187	119	90	19	200	55	107	162	76	2	75	69	67	202	9	
3		142	152	15	7	63	78	132	26	62	159	25	104	20	176	113	191	12	125	101	144	71	87	17	50	11	93	193	36	103	146	
4		6	203	199	14	97	118	130	171	184	16	111	79	174	13	96	8	60	1	64	30	
5		182	92	57	24	31	85	56	45	128	177	53	38	160	94	112	117	189	166	198	106	44	145	89	51	178	29	204	82	
6		54	48	163	150	156	167	183	124	180	43	68	196	190	91	61	148	116	27	72	109	165	52	86	32	192	41	81	139	122	10	126	154	66	157	34	39	201	175	
7		47	153	28	49	149	172	197	35	181	164	170	3	136	110	135	46	5	186	77	138	134	58	137	123	73	141	185	83	

data1/pdp200/LRC2_2_2.txt
total_cost 7043.816018

