success		1       0       1       33      1       0       158336.57 100     16.0     ms
success		1       1       1       91      1       0       157042.43 99      16.0     ms
success		1       2       1       29      1       0       155141.95 98      16.0     ms
success		1       3       1       57      1       0       154700.41 97      16.0     ms
success		1       4       1       43      1       0       153973.94 96      16.0     ms
success		1       5       1       26      1       0       152162.39 95      16.0     ms
success		1       6       2       10      2       0       150815.75 94      16.0     ms
success		1       7       1       42      1       0       150240.85 93      16.0     ms
success		1       8       1       81      1       0       148524.57 92      16.0     ms
success		1       9       1       5       1       0       148307.08 91      16.0     ms
success		1       10      1       29      1       0       147475.71 90      16.0     ms
success		1       11      1       37      1       0       144998.21 89      16.0     ms
success		1       12      1       88      1       0       144020.40 88      16.0     ms
success		1       13      1       34      1       0       143041.12 87      16.0     ms
success		1       14      2       13      2       0       140907.08 86      16.0     ms
success		1       15      1       80      1       0       139858.52 85      16.0     ms
success		1       16      1       13      1       0       139751.08 84      16.0     ms
success		1       17      2       39      2       0       139443.28 83      16.0     ms
success		1       18      1       8       1       0       139142.87 82      16.0     ms
success		1       19      1       41      1       0       137940.91 81      16.0     ms
success		1       20      2       3       2       0       135279.44 80      16.0     ms
success		1       21      3       56      3       0       133377.45 79      16.0     ms
success		1       22      1       35      1       0       131217.83 78      16.0     ms
success		1       23      1       48      1       0       129327.25 77      16.0     ms
success		1       24      1       32      1       0       127309.87 76      16.0     ms
success		1       25      1       20      1       0       126223.45 75      16.0     ms
success		1       26      1       4       1       0       124179.53 74      16.0     ms
success		1       27      1       63      1       0       122401.70 73      16.0     ms
success		1       28      1       38      1       0       120787.62 72      16.0     ms
success		1       29      1       1       1       0       118620.25 71      16.0     ms
success		1       30      1       23      1       0       118533.52 70      16.0     ms
success		1       31      1       8       1       0       117690.28 69      16.0     ms
success		1       32      2       5       2       0       115553.60 68      16.0     ms
success		1       33      1       56      1       0       114607.66 67      31.0     ms
success		1       34      1       34      1       0       112557.03 66      31.0     ms
success		1       35      1       37      1       0       110265.03 65      31.0     ms
success		1       36      1       49      1       0       107618.63 64      31.0     ms
success		1       37      2       8       2       0       105760.32 63      31.0     ms
success		1       38      1       62      1       0       103375.77 62      31.0     ms
success		1       39      2       3       2       0       102008.93 61      31.0     ms
success		1       40      2       49      2       0       99521.29  60      31.0     ms
success		1       41      4       19      4       0       97649.77  59      31.0     ms
success		1       42      2       33      2       0       96697.67  58      31.0     ms
success		1       43      2       42      2       0       94575.22  57      31.0     ms
success		1       44      1       3       1       0       92194.25  56      31.0     ms
success		1       45      2       4       2       0       90978.63  55      31.0     ms
success		1       46      3       17      3       0       90024.85  54      31.0     ms
success		1       47      2       25      2       0       88210.83  53      31.0     ms
success		1       48      3       41      3       0       87063.87  52      31.0     ms
success		1       49      1       31      1       0       85903.79  51      31.0     ms
success		1       50      2       19      2       0       83887.57  50      31.0     ms
success		1       51      3       0       3       0       81604.36  49      31.0     ms
success		1       52      2       28      2       0       79218.77  48      31.0     ms
success		1       53      1       12      1       0       77936.79  47      31.0     ms
success		1       54      2       2       2       0       77884.36  46      31.0     ms
success		1       55      2       14      2       0       75670.82  45      31.0     ms
success		1       56      3       23      3       0       73265.84  44      31.0     ms
success		1       57      2       7       2       0       71059.92  43      31.0     ms
success		1       58      2       4       2       0       70583.32  42      31.0     ms
success		1       59      2       36      2       0       71019.58  41      31.0     ms
success		1       60      1       22      1       0       70411.41  40      31.0     ms
success		1       61      6       2       6       0       67983.61  39      31.0     ms
success		1       62      3       21      3       0       66865.75  38      31.0     ms
success		1       63      1       34      1       0       66277.56  37      31.0     ms
success		1       64      2       22      2       0       66209.84  36      31.0     ms
success		1       65      6       25      6       0       64068.64  35      31.0     ms
success		1       66      6       30      6       0       63235.21  34      31.0     ms
success		1       67      4       7       4       0       61273.86  33      31.0     ms
success		1       68      2       13      2       0       58574.92  32      31.0     ms
success		1       69      6       6       6       0       56937.44  31      31.0     ms
success		1       70      2       20      2       0       54678.19  30      31.0     ms
success		1       71      3       20      3       0       52288.75  29      31.0     ms
success		1       72      7       2       7       0       49644.29  28      31.0     ms
success		1       73      6       10      6       0       47489.47  27      31.0     ms
success		1       74      4       19      4       0       45431.24  26      31.0     ms
success		1       75      3       9       3       0       43003.57  25      31.0     ms
success		1       76      3       24      3       0       42568.28  24      31.0     ms
success		1       77      5       12      5       0       40420.99  23      31.0     ms
success		1       78      2       15      2       0       38260.13  22      31.0     ms
success		1       79      3       21      3       0       36789.25  21      31.0     ms
success		1       80      7       20      7       0       36091.39  20      47.0     ms
success		1       81      4       13      4       0       34121.05  19      47.0     ms
success		1       82      8       4       8       0       31798.09  18      47.0     ms
success		1       83      8       7       8       0       29841.82  17      47.0     ms
success		1       84      9       8       9       0       27478.49  16      47.0     ms
success		1       85      4       15      4       0       24777.61  15      47.0     ms
success		1       86      7       3       7       0       22383.37  14      47.0     ms
success		1       87      7       13      7       0       20295.99  13      47.0     ms
success		1       88      10      9       10      0       18247.18  12      47.0     ms
success		1       89      10      5       8       0       16929.53  11      63.0     ms
success		1       90      19      10      7       0       13756.69  10      156.0    ms
success		1       91      43      9       13      0       10677.84  9       281.0    ms
success		1       92      61      6       11      0       8848.27   8       546.0    ms
success		1       0       1       52      1       0       169804.73 100     6209.0   ms
success		1       1       1       9       1       0       168767.31 99      6209.0   ms
success		1       2       1       14      1       0       167747.77 98      6209.0   ms
success		1       3       1       10      1       0       166345.10 97      6209.0   ms
success		1       4       1       26      1       0       163600.38 96      6209.0   ms
success		1       5       1       89      1       0       162004.53 95      6209.0   ms
success		1       6       1       85      1       0       161702.42 94      6209.0   ms
success		1       7       1       35      1       0       159507.70 93      6209.0   ms
success		1       8       1       10      1       0       158262.88 92      6209.0   ms
success		1       9       1       39      1       0       157303.33 91      6209.0   ms
success		1       10      1       62      1       0       155912.75 90      6209.0   ms
success		1       11      1       24      1       0       155223.81 89      6209.0   ms
success		1       12      2       83      2       0       153202.24 88      6209.0   ms
success		1       13      2       41      2       0       151517.62 87      6209.0   ms
success		1       14      1       3       1       0       151074.06 86      6209.0   ms
success		1       15      1       36      1       0       148470.70 85      6209.0   ms
success		1       16      3       9       3       0       147033.76 84      6209.0   ms
success		1       17      1       29      1       0       144899.14 83      6209.0   ms
success		1       18      1       74      1       0       143374.84 82      6209.0   ms
success		1       19      1       78      1       0       141973.99 81      6209.0   ms
success		1       20      1       12      1       0       139999.08 80      6224.0   ms
success		1       21      1       48      1       0       139076.86 79      6224.0   ms
success		1       22      1       32      1       0       136885.00 78      6224.0   ms
success		1       23      2       48      2       0       134538.42 77      6224.0   ms
success		1       24      1       8       1       0       133449.84 76      6224.0   ms
success		1       25      1       43      1       0       131004.99 75      6224.0   ms
success		1       26      2       51      2       0       130705.65 74      6224.0   ms
success		1       27      2       16      2       0       129333.75 73      6224.0   ms
success		1       28      1       21      1       0       126527.81 72      6224.0   ms
success		1       29      1       47      1       0       125558.74 71      6224.0   ms
success		1       30      1       58      1       0       124245.72 70      6224.0   ms
success		1       31      1       48      1       0       122068.05 69      6224.0   ms
success		1       32      1       38      1       0       119686.12 68      6224.0   ms
success		1       33      2       57      2       0       117333.69 67      6224.0   ms
success		1       34      1       6       1       0       116776.28 66      6224.0   ms
success		1       35      2       53      2       0       115269.87 65      6224.0   ms
success		1       36      2       36      2       0       113157.47 64      6224.0   ms
success		1       37      2       28      2       0       110150.53 63      6224.0   ms
success		1       38      2       16      2       0       108375.50 62      6224.0   ms
success		1       39      2       43      2       0       106882.61 61      6224.0   ms
success		1       40      4       9       4       0       104756.45 60      6224.0   ms
success		1       41      1       51      1       0       103646.96 59      6224.0   ms
success		1       42      2       15      2       0       101643.14 58      6224.0   ms
success		1       43      1       46      1       0       99336.79  57      6224.0   ms
success		1       44      1       22      1       0       96810.94  56      6224.0   ms
success		1       45      1       13      1       0       96467.06  55      6224.0   ms
success		1       46      2       41      2       0       94801.49  54      6224.0   ms
success		1       47      1       28      1       0       92400.93  53      6224.0   ms
success		1       48      5       5       5       0       91464.71  52      6224.0   ms
success		1       49      2       31      2       0       89239.25  51      6224.0   ms
success		1       50      3       41      3       0       87563.31  50      6224.0   ms
success		1       51      1       25      1       0       85624.80  49      6224.0   ms
success		1       52      3       22      3       0       85848.92  48      6224.0   ms
success		1       53      1       2       1       0       83079.63  47      6224.0   ms
success		1       54      2       23      2       0       80445.69  46      6224.0   ms
success		1       55      1       14      1       0       79884.73  45      6224.0   ms
success		1       56      1       35      1       0       77509.66  44      6224.0   ms
success		1       57      1       12      1       0       75275.49  43      6224.0   ms
success		1       58      2       13      2       0       74534.16  42      6224.0   ms
success		1       59      1       0       1       0       73140.11  41      6224.0   ms
success		1       60      4       14      4       0       72489.37  40      6224.0   ms
success		1       61      2       7       2       0       71657.26  39      6224.0   ms
success		1       62      4       7       4       0       69736.81  38      6224.0   ms
success		1       63      1       1       1       0       67220.66  37      6224.0   ms
success		1       64      2       20      2       0       65412.85  36      6224.0   ms
success		1       65      1       6       1       0       63860.75  35      6224.0   ms
success		1       66      2       9       2       0       63262.83  34      6224.0   ms
success		1       67      4       12      4       0       60977.46  33      6224.0   ms
success		1       68      4       30      4       0       60680.35  32      6224.0   ms
success		1       69      3       1       3       0       58489.43  31      6224.0   ms
success		1       70      2       11      2       0       56753.95  30      6224.0   ms
success		1       71      3       13      3       0       55554.90  29      6224.0   ms
success		1       72      2       7       2       0       54203.46  28      6224.0   ms
success		1       73      2       27      2       0       52710.43  27      6224.0   ms
success		1       74      4       21      4       0       49990.76  26      6224.0   ms
success		1       75      4       17      4       0       48059.43  25      6224.0   ms
success		1       76      3       16      3       0       45146.56  24      6224.0   ms
success		1       77      2       14      2       0       44260.13  23      6224.0   ms
success		1       78      2       11      2       0       42624.41  22      6224.0   ms
success		1       79      3       2       3       0       40193.35  21      6224.0   ms
success		1       80      2       19      2       0       37600.72  20      6224.0   ms
success		1       81      6       10      6       0       34828.27  19      6224.0   ms
success		1       82      7       13      7       0       32519.12  18      6224.0   ms
success		1       83      4       4       4       0       30306.28  17      6224.0   ms
success		1       84      4       3       4       0       27671.59  16      6224.0   ms
success		1       85      6       10      6       0       25762.09  15      6224.0   ms
success		1       86      7       14      7       0       23463.08  14      6224.0   ms
success		1       87      8       10      7       0       21545.30  13      6224.0   ms
success		1       88      7       6       7       0       18290.01  12      6224.0   ms
success		1       89      8       5       7       0       16433.32  11      6240.0   ms
success		1       90      11      5       7       0       13761.13  10      6256.0   ms
success		1       91      18      2       10      0       11293.98  9       6287.0   ms
success		1       92      66      0       15      0       8385.49   8       6536.0   ms
success		1       0       1       89      1       0       169537.80 100     12183.0  ms
success		1       1       1       67      1       0       167251.09 99      12183.0  ms
success		1       2       1       29      1       0       164305.14 98      12183.0  ms
success		1       3       1       62      1       0       163011.11 97      12183.0  ms
success		1       4       1       92      1       0       160599.54 96      12183.0  ms
success		1       5       1       10      1       0       159462.75 95      12183.0  ms
success		1       6       1       46      1       0       158979.37 94      12183.0  ms
success		1       7       1       77      1       0       157965.14 93      12183.0  ms
success		1       8       1       12      1       0       156470.43 92      12183.0  ms
success		1       9       1       80      1       0       155391.42 91      12183.0  ms
success		1       10      1       16      1       0       152971.51 90      12183.0  ms
success		1       11      1       54      1       0       152118.24 89      12183.0  ms
success		1       12      1       66      1       0       152020.89 88      12183.0  ms
success		1       13      2       70      2       0       150168.97 87      12183.0  ms
success		1       14      2       16      2       0       148904.85 86      12183.0  ms
success		1       15      1       21      1       0       146345.36 85      12183.0  ms
success		1       16      1       11      1       0       144202.21 84      12183.0  ms
success		1       17      2       49      2       0       143289.51 83      12183.0  ms
success		1       18      1       69      1       0       142101.50 82      12183.0  ms
success		1       19      1       48      1       0       139661.30 81      12183.0  ms
success		1       20      2       77      2       0       138508.98 80      12183.0  ms
success		1       21      1       54      1       0       136337.86 79      12183.0  ms
success		1       22      1       15      1       0       135927.31 78      12183.0  ms
success		1       23      1       73      1       0       134743.78 77      12183.0  ms
success		1       24      1       31      1       0       132281.34 76      12183.0  ms
success		1       25      1       57      1       0       130098.88 75      12183.0  ms
success		1       26      1       25      1       0       129557.91 74      12183.0  ms
success		1       27      4       0       4       0       128415.70 73      12183.0  ms
success		1       28      1       24      1       0       127400.54 72      12183.0  ms
success		1       29      2       15      2       0       126470.02 71      12183.0  ms
success		1       30      1       28      1       0       125817.54 70      12183.0  ms
success		1       31      1       12      1       0       125753.51 69      12183.0  ms
success		1       32      2       45      2       0       124024.44 68      12183.0  ms
success		1       33      2       6       2       0       122617.55 67      12183.0  ms
success		1       34      2       29      2       0       120025.79 66      12183.0  ms
success		1       35      2       23      2       0       117453.25 65      12183.0  ms
success		1       36      2       42      2       0       116623.69 64      12183.0  ms
success		1       37      2       54      2       0       114656.26 63      12183.0  ms
success		1       38      2       11      2       0       112902.82 62      12183.0  ms
success		1       39      1       35      1       0       110907.31 61      12183.0  ms
success		1       40      1       58      1       0       110589.32 60      12183.0  ms
success		1       41      1       44      1       0       108321.26 59      12183.0  ms
success		1       42      1       14      1       0       106368.52 58      12183.0  ms
success		1       43      3       17      3       0       104668.63 57      12183.0  ms
success		1       44      2       43      2       0       102990.07 56      12183.0  ms
success		1       45      1       49      1       0       102668.11 55      12183.0  ms
success		1       46      3       12      3       0       101284.13 54      12183.0  ms
success		1       47      2       49      2       0       100137.25 53      12183.0  ms
success		1       48      1       28      1       0       98314.98  52      12183.0  ms
success		1       49      2       24      2       0       95494.06  51      12183.0  ms
success		1       50      3       0       3       0       92922.51  50      12183.0  ms
success		1       51      2       47      2       0       90464.26  49      12183.0  ms
success		1       52      1       15      1       0       87739.61  48      12183.0  ms
success		1       53      3       27      3       0       87240.27  47      12183.0  ms
success		1       54      1       45      1       0       84649.56  46      12183.0  ms
success		1       55      1       0       1       0       82228.93  45      12183.0  ms
success		1       56      4       1       4       0       80662.41  44      12183.0  ms
success		1       57      4       25      4       0       78106.86  43      12183.0  ms
success		1       58      1       32      1       0       76171.81  42      12183.0  ms
success		1       59      3       40      3       0       74173.48  41      12183.0  ms
success		1       60      3       27      3       0       74250.83  40      12183.0  ms
success		1       61      2       25      2       0       71922.78  39      12183.0  ms
success		1       62      2       4       2       0       70363.04  38      12183.0  ms
success		1       63      4       20      4       0       68985.38  37      12183.0  ms
success		1       64      5       20      5       0       68523.86  36      12183.0  ms
success		1       65      2       28      2       0       66655.91  35      12183.0  ms
success		1       66      2       9       2       0       65274.18  34      12183.0  ms
success		1       67      2       12      2       0       64787.06  33      12199.0  ms
success		1       68      3       13      3       0       62785.90  32      12199.0  ms
success		1       69      2       20      2       0       60519.78  31      12199.0  ms
success		1       70      5       8       5       0       58392.76  30      12199.0  ms
success		1       71      5       27      5       0       55903.60  29      12199.0  ms
success		1       72      3       14      3       0       53890.00  28      12199.0  ms
success		1       73      2       21      2       0       51200.55  27      12199.0  ms
success		1       74      1       20      1       0       48143.46  26      12199.0  ms
success		1       75      3       8       3       0       45860.66  25      12199.0  ms
success		1       76      5       19      5       0       43477.62  24      12199.0  ms
success		1       77      7       10      7       0       42680.08  23      12199.0  ms
success		1       78      8       18      8       0       40733.94  22      12199.0  ms
success		1       79      3       5       3       0       38498.29  21      12199.0  ms
success		1       80      6       15      6       0       35913.19  20      12199.0  ms
success		1       81      3       18      3       0       33190.59  19      12199.0  ms
success		1       82      6       0       6       0       31607.47  18      12199.0  ms
success		1       83      6       7       6       0       28833.00  17      12199.0  ms
success		1       84      8       16      8       0       26423.16  16      12199.0  ms
success		1       85      6       5       6       0       24185.14  15      12199.0  ms
success		1       86      5       4       5       0       22217.18  14      12199.0  ms
success		1       87      9       5       9       0       20228.81  13      12199.0  ms
success		1       88      11      0       11      0       17568.62  12      12199.0  ms
success		1       89      11      8       8       0       15710.89  11      12199.0  ms
success		1       90      13      5       10      0       13920.84  10      12215.0  ms
success		1       91      30      7       10      0       11276.34  9       12308.0  ms
success		1       92      76      8       12      0       8993.39   8       12573.0  ms
success		1       0       1       92      1       0       169550.58 100     16208.0  ms
success		1       1       1       66      1       0       168080.30 99      16208.0  ms
success		1       2       1       90      1       0       165594.57 98      16208.0  ms
success		1       3       1       84      1       0       163120.34 97      16208.0  ms
success		1       4       1       9       1       0       162359.52 96      16208.0  ms
success		1       5       1       58      1       0       161688.93 95      16208.0  ms
success		1       6       1       91      1       0       160208.32 94      16208.0  ms
success		1       7       1       56      1       0       157818.84 93      16208.0  ms
success		1       8       1       47      1       0       157673.48 92      16208.0  ms
success		1       9       1       48      1       0       156854.26 91      16208.0  ms
success		1       10      2       82      2       0       154639.76 90      16208.0  ms
success		1       11      2       1       2       0       152071.26 89      16208.0  ms
success		1       12      1       26      1       0       150647.75 88      16208.0  ms
success		1       13      1       62      1       0       150144.68 87      16208.0  ms
success		1       14      1       62      1       0       147745.16 86      16208.0  ms
success		1       15      1       21      1       0       147389.74 85      16208.0  ms
success		1       16      1       38      1       0       146382.95 84      16208.0  ms
success		1       17      1       63      1       0       143947.43 83      16208.0  ms
success		1       18      1       1       1       0       141159.56 82      16208.0  ms
success		1       19      1       5       1       0       140017.56 81      16208.0  ms
success		1       20      1       58      1       0       138717.61 80      16208.0  ms
success		1       21      1       74      1       0       137611.56 79      16208.0  ms
success		1       22      2       70      2       0       136363.02 78      16208.0  ms
success		1       23      1       42      1       0       134382.18 77      16208.0  ms
success		1       24      3       25      3       0       132586.48 76      16224.0  ms
success		1       25      1       48      1       0       130040.66 75      16224.0  ms
success		1       26      1       48      1       0       128002.73 74      16224.0  ms
success		1       27      1       43      1       0       127254.36 73      16224.0  ms
success		1       28      1       19      1       0       125710.46 72      16224.0  ms
success		1       29      1       22      1       0       123502.62 71      16224.0  ms
success		1       30      1       20      1       0       121550.41 70      16224.0  ms
success		1       31      2       49      2       0       121323.53 69      16224.0  ms
success		1       32      1       48      1       0       119690.58 68      16224.0  ms
success		1       33      2       33      2       0       117823.71 67      16224.0  ms
success		1       34      1       30      1       0       117104.46 66      16224.0  ms
success		1       35      1       8       1       0       115718.77 65      16224.0  ms
success		1       36      3       6       3       0       113921.05 64      16224.0  ms
success		1       37      1       41      1       0       112685.12 63      16224.0  ms
success		1       38      1       44      1       0       112275.40 62      16224.0  ms
success		1       39      1       8       1       0       110270.46 61      16224.0  ms
success		1       40      2       58      2       0       110273.09 60      16224.0  ms
success		1       41      3       21      3       0       108102.34 59      16224.0  ms
success		1       42      1       10      1       0       106452.02 58      16224.0  ms
success		1       43      1       9       1       0       106276.94 57      16224.0  ms
success		1       44      2       15      2       0       104200.76 56      16224.0  ms
success		1       45      1       14      1       0       101433.21 55      16224.0  ms
success		1       46      2       23      2       0       99104.05  54      16224.0  ms
success		1       47      3       15      3       0       96609.70  53      16224.0  ms
success		1       48      1       31      1       0       94504.57  52      16224.0  ms
success		1       49      1       21      1       0       92284.86  51      16224.0  ms
success		1       50      1       21      1       0       91180.87  50      16224.0  ms
success		1       51      2       32      2       0       91505.37  49      16224.0  ms
success		1       52      2       33      2       0       89091.25  48      16224.0  ms
success		1       53      2       4       2       0       86719.12  47      16224.0  ms
success		1       54      4       42      4       0       86225.08  46      16224.0  ms
success		1       55      1       37      1       0       84436.65  45      16224.0  ms
success		1       56      3       17      3       0       82595.14  44      16224.0  ms
success		1       57      3       25      3       0       80654.37  43      16224.0  ms
success		1       58      1       25      1       0       78805.08  42      16224.0  ms
success		1       59      2       30      2       0       76784.96  41      16224.0  ms
success		1       60      2       21      2       0       73842.36  40      16224.0  ms
success		1       61      5       39      5       0       71128.38  39      16224.0  ms
success		1       62      2       17      2       0       68420.75  38      16224.0  ms
success		1       63      2       23      2       0       67553.94  37      16224.0  ms
success		1       64      5       7       5       0       66678.05  36      16224.0  ms
success		1       65      3       10      3       0       64863.89  35      16224.0  ms
success		1       66      2       32      2       0       63982.34  34      16224.0  ms
success		1       67      2       0       2       0       62440.43  33      16224.0  ms
success		1       68      3       24      3       0       59628.06  32      16224.0  ms
success		1       69      4       6       4       0       57105.84  31      16224.0  ms
success		1       70      3       30      3       0       54296.10  30      16224.0  ms
success		1       71      4       13      4       0       52912.30  29      16224.0  ms
success		1       72      2       16      2       0       50542.16  28      16224.0  ms
success		1       73      6       12      6       0       48549.06  27      16224.0  ms
success		1       74      1       23      1       0       46703.19  26      16224.0  ms
success		1       75      4       0       4       0       44775.77  25      16224.0  ms
success		1       76      4       20      4       0       42083.03  24      16224.0  ms
success		1       77      5       1       5       0       40496.31  23      16224.0  ms
success		1       78      4       8       4       0       38584.13  22      16224.0  ms
success		1       79      8       4       8       0       38162.83  21      16224.0  ms
success		1       80      5       20      5       0       35884.86  20      16224.0  ms
success		1       81      8       0       8       0       33482.44  19      16224.0  ms
success		1       82      7       7       7       0       32217.95  18      16224.0  ms
success		1       83      4       16      4       0       29689.46  17      16224.0  ms
success		1       84      5       7       5       0       27179.36  16      16224.0  ms
success		1       85      8       9       8       0       25020.54  15      16224.0  ms
success		1       86      5       13      5       0       22604.30  14      16224.0  ms
success		1       87      7       5       7       0       19843.05  13      16224.0  ms
success		1       88      8       10      8       0       17712.16  12      16224.0  ms
success		1       89      13      11      7       0       16003.97  11      16224.0  ms
success		1       90      14      8       10      0       14006.12  10      16239.0  ms
success		1       91      27      6       11      0       11441.39  9       16271.0  ms
success		1       92      99      7       10      0       8513.80   8       16505.0  ms
success		1       0       1       89      1       0       170282.73 100     20124.0  ms
success		1       1       1       41      1       0       169584.65 99      20124.0  ms
success		1       2       2       49      2       0       166886.01 98      20124.0  ms
success		1       3       1       39      1       0       165181.12 97      20139.0  ms
success		1       4       1       14      1       0       162934.46 96      20139.0  ms
success		1       5       1       73      1       0       161993.29 95      20139.0  ms
success		1       6       1       78      1       0       160236.23 94      20139.0  ms
success		1       7       1       24      1       0       159577.67 93      20139.0  ms
success		1       8       1       70      1       0       157200.12 92      20139.0  ms
success		1       9       1       83      1       0       155781.16 91      20139.0  ms
success		1       10      1       51      1       0       152977.30 90      20139.0  ms
success		1       11      1       7       1       0       151523.92 89      20139.0  ms
success		1       12      1       23      1       0       149534.02 88      20139.0  ms
success		1       13      1       7       1       0       146806.00 87      20139.0  ms
success		1       14      1       9       1       0       144871.72 86      20139.0  ms
success		1       15      1       29      1       0       143191.09 85      20139.0  ms
success		1       16      2       37      2       0       140338.95 84      20139.0  ms
success		1       17      1       64      1       0       138813.44 83      20139.0  ms
success		1       18      1       33      1       0       137127.99 82      20139.0  ms
success		1       19      1       26      1       0       134909.35 81      20139.0  ms
success		1       20      1       55      1       0       134158.29 80      20139.0  ms
success		1       21      1       26      1       0       133493.88 79      20139.0  ms
success		1       22      1       78      1       0       132028.88 78      20139.0  ms
success		1       23      1       16      1       0       131375.89 77      20139.0  ms
success		1       24      2       14      2       0       130398.26 76      20139.0  ms
success		1       25      1       12      1       0       130214.50 75      20139.0  ms
success		1       26      1       53      1       0       128014.07 74      20139.0  ms
success		1       27      1       0       1       0       126764.52 73      20139.0  ms
success		1       28      1       37      1       0       125679.78 72      20139.0  ms
success		1       29      1       62      1       0       123034.54 71      20139.0  ms
success		1       30      1       17      1       0       122161.89 70      20139.0  ms
success		1       31      1       18      1       0       120482.98 69      20139.0  ms
success		1       32      1       25      1       0       119338.21 68      20139.0  ms
success		1       33      1       52      1       0       116931.76 67      20139.0  ms
success		1       34      4       21      4       0       114782.27 66      20139.0  ms
success		1       35      1       34      1       0       113822.29 65      20139.0  ms
success		1       36      1       62      1       0       112275.70 64      20139.0  ms
success		1       37      3       12      3       0       109625.20 63      20139.0  ms
success		1       38      2       40      2       0       107717.73 62      20139.0  ms
success		1       39      5       36      5       0       105485.41 61      20139.0  ms
success		1       40      1       45      1       0       103474.05 60      20139.0  ms
success		1       41      1       45      1       0       101349.07 59      20139.0  ms
success		1       42      1       29      1       0       100347.27 58      20139.0  ms
success		1       43      2       6       2       0       98153.31  57      20139.0  ms
success		1       44      2       24      2       0       97111.82  56      20139.0  ms
success		1       45      1       3       1       0       95052.05  55      20139.0  ms
success		1       46      1       8       1       0       92772.39  54      20139.0  ms
success		1       47      1       26      1       0       89912.62  53      20139.0  ms
success		1       48      2       22      2       0       89846.08  52      20139.0  ms
success		1       49      1       24      1       0       87295.74  51      20139.0  ms
success		1       50      3       23      3       0       86191.22  50      20139.0  ms
success		1       51      3       16      3       0       84919.89  49      20139.0  ms
success		1       52      1       24      1       0       82529.44  48      20139.0  ms
success		1       53      3       15      3       0       80360.03  47      20139.0  ms
success		1       54      3       16      3       0       78568.84  46      20139.0  ms
success		1       55      2       4       2       0       76021.67  45      20139.0  ms
success		1       56      2       24      2       0       74122.13  44      20139.0  ms
success		1       57      1       33      1       0       73466.23  43      20139.0  ms
success		1       58      2       5       2       0       71086.58  42      20139.0  ms
success		1       59      1       34      1       0       70861.34  41      20139.0  ms
success		1       60      3       8       3       0       69406.34  40      20139.0  ms
success		1       61      2       32      2       0       66862.04  39      20139.0  ms
success		1       62      5       23      5       0       66570.50  38      20139.0  ms
success		1       63      4       18      4       0       64585.23  37      20139.0  ms
success		1       64      3       26      3       0       63270.01  36      20139.0  ms
success		1       65      3       28      3       0       61949.25  35      20139.0  ms
success		1       66      5       18      5       0       59607.65  34      20139.0  ms
success		1       67      5       6       5       0       57703.44  33      20139.0  ms
success		1       68      2       27      2       0       55495.16  32      20139.0  ms
success		1       69      3       5       3       0       54207.33  31      20139.0  ms
success		1       70      4       14      4       0       51845.35  30      20139.0  ms
success		1       71      4       14      4       0       50968.28  29      20139.0  ms
success		1       72      2       11      2       0       48443.39  28      20139.0  ms
success		1       73      5       12      5       0       45772.84  27      20139.0  ms
success		1       74      8       8       8       0       43946.18  26      20139.0  ms
success		1       75      1       14      1       0       42764.63  25      20139.0  ms
success		1       76      1       23      1       0       42452.23  24      20139.0  ms
success		1       77      4       12      4       0       41712.07  23      20139.0  ms
success		1       78      3       15      3       0       39227.94  22      20139.0  ms
success		1       79      4       18      4       0       36873.26  21      20139.0  ms
success		1       80      5       6       5       0       34090.18  20      20139.0  ms
success		1       81      4       14      4       0       31918.56  19      20139.0  ms
success		1       82      7       8       7       0       32519.38  18      20139.0  ms
success		1       83      7       14      7       0       30093.15  17      20139.0  ms
success		1       84      4       13      4       0       27809.15  16      20139.0  ms
success		1       85      6       9       6       0       25069.82  15      20139.0  ms
success		1       86      8       0       8       0       22361.98  14      20139.0  ms
success		1       87      12      6       10      0       21622.07  13      20155.0  ms
success		1       88      12      11      9       0       18910.16  12      20155.0  ms
success		1       89      8       3       7       0       16172.94  11      20155.0  ms
success		1       90      13      5       8       0       13828.67  10      20170.0  ms
success		1       91      16      5       11      0       11318.62  9       20202.0  ms
success		1       92      238     0       11      0       8442.72   8       21231.0  ms
success		1       0       1       20      1       0       170164.48 100     26691.0  ms
success		1       1       1       23      1       0       169689.02 99      26691.0  ms
success		1       2       1       6       1       0       168238.90 98      26691.0  ms
success		1       3       1       96      1       0       165465.14 97      26691.0  ms
success		1       4       1       40      1       0       163064.52 96      26691.0  ms
success		1       5       1       47      1       0       162706.42 95      26691.0  ms
success		1       6       1       23      1       0       162272.90 94      26691.0  ms
success		1       7       1       46      1       0       161322.23 93      26691.0  ms
success		1       8       1       82      1       0       159688.42 92      26691.0  ms
success		1       9       2       15      2       0       158024.97 91      26691.0  ms
success		1       10      1       28      1       0       157594.39 90      26691.0  ms
success		1       11      1       13      1       0       155589.45 89      26691.0  ms
success		1       12      1       16      1       0       152685.41 88      26691.0  ms
success		1       13      1       49      1       0       150215.83 87      26691.0  ms
success		1       14      1       14      1       0       148814.90 86      26691.0  ms
success		1       15      2       28      2       0       146950.00 85      26707.0  ms
success		1       16      2       75      2       0       144925.36 84      26707.0  ms
success		1       17      1       37      1       0       144666.26 83      26707.0  ms
success		1       18      1       0       1       0       144054.86 82      26707.0  ms
success		1       19      1       59      1       0       141759.52 81      26707.0  ms
success		1       20      1       4       1       0       141237.40 80      26707.0  ms
success		1       21      1       67      1       0       139576.87 79      26707.0  ms
success		1       22      1       54      1       0       136708.97 78      26707.0  ms
success		1       23      2       64      2       0       135464.59 77      26707.0  ms
success		1       24      2       65      2       0       133542.54 76      26707.0  ms
success		1       25      1       68      1       0       131949.72 75      26707.0  ms
success		1       26      1       28      1       0       129639.17 74      26707.0  ms
success		1       27      1       66      1       0       126960.06 73      26707.0  ms
success		1       28      1       2       1       0       126649.32 72      26707.0  ms
success		1       29      2       35      2       0       124041.54 71      26707.0  ms
success		1       30      1       0       1       0       121555.91 70      26707.0  ms
success		1       31      3       3       3       0       121402.99 69      26707.0  ms
success		1       32      1       57      1       0       120392.11 68      26707.0  ms
success		1       33      2       13      2       0       119057.64 67      26707.0  ms
success		1       34      2       55      2       0       116831.77 66      26707.0  ms
success		1       35      1       56      1       0       115572.67 65      26707.0  ms
success		1       36      1       26      1       0       112736.68 64      26707.0  ms
success		1       37      2       45      2       0       111844.89 63      26707.0  ms
success		1       38      2       52      2       0       109399.61 62      26707.0  ms
success		1       39      2       39      2       0       107131.37 61      26707.0  ms
success		1       40      2       23      2       0       105345.95 60      26707.0  ms
success		1       41      1       56      1       0       103196.97 59      26707.0  ms
success		1       42      1       38      1       0       100438.44 58      26707.0  ms
success		1       43      1       45      1       0       100336.49 57      26707.0  ms
success		1       44      1       49      1       0       99313.34  56      26707.0  ms
success		1       45      2       21      2       0       97995.72  55      26707.0  ms
success		1       46      3       0       3       0       96966.13  54      26707.0  ms
success		1       47      4       14      4       0       94888.44  53      26707.0  ms
success		1       48      4       22      4       0       92430.57  52      26707.0  ms
success		1       49      2       5       2       0       91508.95  51      26707.0  ms
success		1       50      1       43      1       0       90400.21  50      26707.0  ms
success		1       51      2       18      2       0       88012.36  49      26707.0  ms
success		1       52      4       38      4       0       85867.60  48      26707.0  ms
success		1       53      2       26      2       0       83494.11  47      26707.0  ms
success		1       54      4       19      4       0       82316.27  46      26707.0  ms
success		1       55      2       6       2       0       80773.47  45      26707.0  ms
success		1       56      1       5       1       0       79476.54  44      26707.0  ms
success		1       57      4       34      4       0       78443.70  43      26707.0  ms
success		1       58      3       37      3       0       75759.78  42      26707.0  ms
success		1       59      3       14      3       0       73090.03  41      26707.0  ms
success		1       60      3       6       3       0       71033.84  40      26707.0  ms
success		1       61      5       34      5       0       69924.93  39      26707.0  ms
success		1       62      4       3       4       0       66944.12  38      26707.0  ms
success		1       63      2       36      2       0       65546.11  37      26707.0  ms
success		1       64      4       34      4       0       64356.79  36      26707.0  ms
success		1       65      4       3       4       0       62686.03  35      26707.0  ms
success		1       66      1       19      1       0       60391.82  34      26707.0  ms
success		1       67      6       17      6       0       58929.68  33      26707.0  ms
success		1       68      5       24      5       0       58062.87  32      26707.0  ms
success		1       69      3       24      3       0       55927.43  31      26707.0  ms
success		1       70      5       19      5       0       55042.48  30      26707.0  ms
success		1       71      3       12      3       0       53181.39  29      26707.0  ms
success		1       72      1       0       1       0       51800.61  28      26707.0  ms
success		1       73      6       14      6       0       49756.04  27      26707.0  ms
success		1       74      2       8       2       0       48596.90  26      26707.0  ms
success		1       75      4       25      4       0       46413.84  25      26707.0  ms
success		1       76      4       1       4       0       43914.27  24      26707.0  ms
success		1       77      4       12      4       0       42277.87  23      26707.0  ms
success		1       78      3       6       3       0       40188.44  22      26707.0  ms
success		1       79      5       14      5       0       37826.46  21      26707.0  ms
success		1       80      7       4       7       0       35430.55  20      26707.0  ms
success		1       81      3       4       3       0       32944.95  19      26707.0  ms
success		1       82      4       17      4       0       31467.71  18      26707.0  ms
success		1       83      6       3       6       0       30290.96  17      26707.0  ms
success		1       84      8       10      8       0       27778.38  16      26707.0  ms
success		1       85      3       12      2       0       24821.81  15      26707.0  ms
success		1       86      3       10      3       0       22356.02  14      26707.0  ms
success		1       87      9       11      9       0       20064.68  13      26707.0  ms
success		1       88      9       5       9       0       17536.91  12      26707.0  ms
success		1       89      13      3       12      0       15970.06  11      26722.0  ms
success		1       90      10      0       10      0       13582.08  10      26722.0  ms
success		1       91      22      8       11      0       11512.74  9       26769.0  ms
success		1       92      205     1       11      0       8345.38   8       27970.0  ms
cross iterater0
bad   	success		7808.32   8478.37   8       33633.0  ms cross
rand   	bad   	success		7757.99   8996.67   8       40294.0  ms cross
rand   	ab
ab7	2
fail		7579.90   8801.22   8       48920.0  ms
cross iterater1
bad   	success		8054.21   8815.46   8       49201.0  ms cross
rand   	bad   	success		8044.91   8520.06   8       52228.0  ms cross
rand   	ab
ab7	3
ab6	5
cross iterater2
bad   	success		8371.31   9060.53   8       57828.0  ms cross
rand   	bad   	success		8150.69   8999.43   8       62461.0  ms cross
rand   	ab
ab6	3
ab7	0
fail		7958.29   8724.99   8       72273.0  ms
cross iterater3
ab
ab6	3
ab7	4
fail		8044.91   8646.79   8       78825.0  ms
fail		7808.32   8580.01   8       83988.0  ms
cross iterater4
bad   	success		8007.60   8958.45   8       84425.0  ms cross
rand   	bad   	success		8107.43   8706.80   8       89760.0  ms cross
rand   	ab
ab6	5
cross iterater5
ab
fail		8135.06   8976.67   8       100306.0 ms
fail		7264.98   8563.56   8       105687.0 ms
cross iterater6
bad   	success		7544.73   8192.07   8       105687.0 ms cross
rand   	bad   	success		7948.63   8457.73   8       110851.0 ms cross
rand   	ab
ab7	0
fail		7806.04   8509.47   8       116467.0 ms
cross iterater7
bad   	success		7825.41   8543.01   8       117075.0 ms cross
rand   	bad   	success		7828.03   9015.50   8       121474.0 ms cross
rand   	ab
ab6	2
ab7	3
fail		7847.98   8654.62   8       130896.0 ms
fail		8083.64   8678.16   8       133876.0 ms
cross iterater8
ab
ab6	5
ab7	4
fail		7823.15   8541.36   8       137027.0 ms
cross iterater9
bad   	success		8213.41   8566.08   8       137043.0 ms cross
rand   	bad   	success		7732.58   8297.29   8       139913.0 ms cross
rand   	ab
ab6	0
fail		7781.34   8393.90   8       147011.0 ms
cross iterater10
bad   	success		7873.66   8661.84   8       147011.0 ms cross
rand   	bad   	success		7888.83   8682.58   8       150084.0 ms cross
rand   	ab
ab7	3
ab6	4
fail		7806.04   8509.47   8       156823.0 ms
cross iterater11
ab
ab7	4
fail		7806.04   8509.47   8       159818.0 ms
fail		7781.34   8393.90   8       164732.0 ms
cross iterater12
bad   	success		7598.88   8311.01   8       164732.0 ms cross
rand   	bad   	success		7953.92   8610.71   8       169661.0 ms cross
rand   	ab
ab7	4
fail		7598.88   8531.09   8       179380.0 ms
cross iterater13
bad   	success		7827.08   8353.76   8       179380.0 ms cross
rand   	bad   	success		7929.91   8049.40   8       182437.0 ms cross
rand   	ab
ab7	3
ab6	0
fail		8144.31   8789.77   8       189941.0 ms
cross iterater14
bad   	success		7522.43   8135.01   8       189941.0 ms cross
rand   	bad   	success		7984.88   8389.04   8       194418.0 ms cross
rand   	ab
ab6	1
cross iterater15
bad   	success		7572.50   8277.50   8       199113.0 ms cross
rand   	bad   	success		7817.19   8376.57   8       203513.0 ms cross
rand   	ab
ab6	5
fail		7928.23   8656.52   8       212576.0 ms
fail		7670.76   8652.88   8       216850.0 ms
fail		7572.50   8361.26   8       221702.0 ms
cross iterater16
bad   	success		7501.56   8438.60   8       221717.0 ms cross
rand   	bad   	success		7801.59   8581.12   8       226850.0 ms cross
rand   	ab
ab7	0
fail		7572.50   8361.26   8       237239.0 ms
cross iterater17
bad   	success		7676.67   8507.00   8       237239.0 ms cross
rand   	bad   	success		8368.28   9104.32   8       242824.0 ms cross
rand   	ab
ab7	5
ab6	4
cross iterater18
bad   	success		7911.14   8890.99   8       247051.0 ms cross
rand   	bad   	success		7731.51   8159.77   8       250670.0 ms cross
rand   	ab
ab7	3
fail		7800.70   8580.48   8       257300.0 ms
cross iterater19
bad   	success		7711.96   8613.98   8       257300.0 ms cross
rand   	bad   	success		7720.04   8604.86   8       260357.0 ms cross
rand   	ab
ab7	4
ab6	0
fail		7129.53   8335.08   8       267206.0 ms
cross iterater20
bad   	success		7341.14   8382.74   8       267206.0 ms cross
rand   	bad   	success		7833.50   8517.80   8       270404.0 ms cross
rand   	ab
ab7	0
fail		7705.85   8700.12   8       277891.0 ms
cross iterater21
bad   	success		8234.55   8739.51   8       277969.0 ms cross
rand   	bad   	success		8333.77   8833.93   8       281089.0 ms cross
rand   	ab
ab6	2
ab7	5
fail		7548.28   8647.76   8       287314.0 ms
cross iterater22
bad   	success		7482.90   8449.38   8       287314.0 ms cross
rand   	bad   	success		7378.41   8295.96   8       290309.0 ms cross
rand   	ab
ab6	1
fail		7378.41   8361.32   8       297001.0 ms
cross iterater23
bad   	success		7589.31   8426.75   8       297001.0 ms cross
rand   	bad   	success		7980.19   8970.37   8       300058.0 ms cross
rand   	ab
ab6	0
fail		7602.36   8391.33   8       306158.0 ms
cross iterater24
bad   	success		7977.05   8780.36   8       306314.0 ms cross
rand   	bad   	success		7769.42   8644.33   8       309091.0 ms cross
rand   	ab
ab7	0
ab6	1
fail		7589.31   8641.24   8       315518.0 ms
cross iterater25
bad   	success		7689.79   8335.93   8       315518.0 ms cross
rand   	bad   	success		7670.50   8332.51   8       318606.0 ms cross
rand   	ab
fail		7766.37   8890.77   8       324877.0 ms
fail		7341.14   8453.44   8       328091.0 ms
cross iterater26
bad   	success		8030.87   8936.09   8       328107.0 ms cross
rand   	bad   	success		7618.23   8604.87   8       331866.0 ms cross
rand   	ab
ab7	0
cross iterater27
bad   	success		8251.00   8430.37   8       335938.0 ms cross
rand   	bad   	success		7415.97   8199.68   8       339167.0 ms cross
rand   	ab
ab6	2
cross iterater28
bad   	success		7682.36   8366.08   8       342801.0 ms cross
rand   	bad   	success		7588.13   8649.38   8       347731.0 ms cross
rand   	ab
ab6	5
cross iterater29
ab
ab6	1
fail		7682.36   8438.39   8       353612.0 ms
fail		7670.50   8634.39   8       356825.0 ms
cross iterater30
ab
ab6	2
ab7	5
fail		7694.84   8509.75   8       359789.0 ms
fail		7378.41   8361.32   8       362862.0 ms
cross iterater31
bad   	success		8147.84   8459.66   8       363018.0 ms cross
rand   	bad   	success		7816.42   8505.85   8       366965.0 ms cross
rand   	ab
ab7	5
ab6	3
fail		7537.48   8293.83   8       375436.0 ms
cross iterater32
bad   	success		7790.39   8659.81   8       375436.0 ms cross
rand   	bad   	success		7802.04   8466.19   8       382206.0 ms cross
rand   	ab
ab7	3
ab6	0
fail		7747.66   8748.22   8       392049.0 ms
cross iterater33
bad   	rand   	bad   	rand   	ab
ab7	0
cross iterater34
bad   	success		7398.72   8380.30   8       410660.0 ms cross
rand   	bad   	success		7747.40   8521.48   8       415386.0 ms cross
rand   	ab
ab6	3
cross iterater35
bad   	success		7806.98   8728.43   8       421720.0 ms cross
rand   	bad   	success		8016.05   8725.58   8       427741.0 ms cross
rand   	ab
ab6	1
ab7	5
fail		7637.71   8553.88   8       437663.0 ms
fail		7487.62   8243.98   8       441110.0 ms
fail		7398.72   8408.09   8       446117.0 ms
cross iterater36
bad   	success		7916.00   8644.16   8       446554.0 ms cross
rand   	bad   	success		7755.56   8474.95   8       451390.0 ms cross
rand   	ab
ab7	0
ab6	3
fail		7487.62   8243.98   8       461421.0 ms
cross iterater37
bad   	success		7381.64   8565.58   8       461421.0 ms cross
rand   	bad   	success		7577.37   8352.60   8       466522.0 ms cross
rand   	ab
ab6	3
ab7	5
fail		7073.17   8250.10   8       477317.0 ms
cross iterater38
ab
ab7	5
fail		7073.17   8250.10   8       482574.0 ms
cross iterater39
ab
ab7	3
cross iterater40
bad   	success		7704.04   8918.34   8       483884.0 ms cross
rand   	bad   	success		7776.39   8653.81   8       488658.0 ms cross
rand   	ab
ab7	1
ab6	0
fail		7289.45   8480.51   8       499421.0 ms
fail		7073.17   8250.10   8       504320.0 ms
cross iterater41
bad   	success		6989.52   8217.32   8       504320.0 ms cross
rand   	bad   	success		7461.60   8213.75   8       509935.0 ms cross
rand   	ab
ab7	3
fail		7665.38   8513.24   8       520668.0 ms
fail		7487.62   8243.98   8       526221.0 ms
fail		6989.52   8386.28   8       533678.0 ms
cross iterater42
ab
ab6	1
fail		7544.07   8682.77   8       537718.0 ms
fail		7398.72   8408.09   8       542429.0 ms
cross iterater43
bad   	success		8196.39   8880.10   8       543022.0 ms cross
rand   	bad   	success		7510.14   8190.01   8       548357.0 ms cross
rand   	ab
ab7	1
ab6	5
fail		7870.63   8702.09   8       559917.0 ms
fail		7544.07   8682.77   8       563645.0 ms
cross iterater44
ab
ab7	0
fail		7398.72   8408.09   8       571772.0 ms
cross iterater45
bad   	success		7965.34   8679.68   8       571913.0 ms cross
rand   	bad   	success		7712.88   8641.55   8       576780.0 ms cross
rand   	ab
ab6	5
ab7	4
fail		7448.54   8265.14   8       586327.0 ms
fail		7505.70   8296.79   8       591256.0 ms
cross iterater46
bad   	success		8296.17   8794.01   8       592005.0 ms cross
rand   	bad   	success		8413.55   8368.48   8       597636.0 ms cross
rand   	ab
ab6	2
ab7	1
fail		7505.70   8296.79   8       608665.0 ms
cross iterater47
bad   	rand   	bad   	success		7428.58   8254.87   8       618197.0 ms cross
rand   	ab
ab6	4
fail		7694.29   8562.27   8       629288.0 ms
fail		7428.58   8281.11   8       634966.0 ms
cross iterater48
bad   	success		7617.15   8209.47   8       634982.0 ms cross
rand   	bad   	success		7742.13   8801.62   8       640520.0 ms cross
rand   	ab
ab6	1
fail		7617.15   8414.27   8       649864.0 ms
cross iterater49
bad   	success		7480.80   8173.56   8       649864.0 ms cross
rand   	bad   	success		7370.47   8395.03   8       653639.0 ms cross
rand   	ab
ab6	2
ab7	5
fail		7552.10   8518.32   8       662468.0 ms
fail		7836.27   8710.53   8       667070.0 ms
cross iterater50
bad   	success		7438.12   8843.80   8       667585.0 ms cross
rand   	bad   	success		8211.74   8369.64   8       673263.0 ms cross
rand   	ab
ab6	3
ab7	0
fail		7552.10   8518.32   8       684589.0 ms
fail		7836.27   8710.53   8       688722.0 ms
cross iterater51
ab
ab6	2
cross iterater52
bad   	rand   	bad   	rand   	ab
fail		7764.99   8421.75   8       716162.0 ms
fail		7812.97   8730.03   8       721466.0 ms
cross iterater53
bad   	success		7493.26   8210.30   8       721466.0 ms cross
rand   	bad   	success		7675.74   8426.59   8       727113.0 ms cross
rand   	ab
ab7	2
fail		7675.74   8477.88   8       737112.0 ms
cross iterater54
bad   	success		8285.55   8356.16   8       738501.0 ms cross
rand   	bad   	success		7509.06   8094.60   8       743961.0 ms cross
rand   	ab
ab7	0
fail		7764.99   8421.75   8       754381.0 ms
cross iterater55
bad   	rand   	bad   	rand   	ab
ab6	3
fail		7817.69   8777.24   8       782663.0 ms
fail		7493.26   8340.38   8       786048.0 ms
cross iterater56
bad   	success		7846.33   8815.21   8       786220.0 ms cross
rand   	bad   	success		7266.94   8343.09   8       790073.0 ms cross
rand   	ab
ab7	3
cross iterater57
bad   	success		7684.00   8459.93   8       793443.0 ms cross
rand   	bad   	success		7591.83   8511.39   8       797904.0 ms cross
rand   	ab
ab7	0
fail		7684.00   8410.66   8       804565.0 ms
fail		7493.26   8340.38   8       809479.0 ms
cross iterater58
bad   	success		7475.44   8465.46   8       810150.0 ms cross
rand   	bad   	success		8312.53   8980.89   8       815173.0 ms cross
rand   	ab
ab7	0
fail		7684.00   8410.66   8       825266.0 ms
cross iterater59
bad   	success		8274.25   9113.21   8       825937.0 ms cross
rand   	bad   	success		7510.41   8475.40   8       832348.0 ms cross
rand   	ab
ab6	3
ab7	1
cross iterater60
bad   	success		7887.17   8853.69   8       838666.0 ms cross
rand   	bad   	success		7572.31   8354.36   8       844656.0 ms cross
rand   	ab
ab6	1
ab7	2
fail		7824.53   8678.03   8       855389.0 ms
fail		7591.83   8634.62   8       863594.0 ms
cross iterater61
ab
ab7	4
fail		7591.83   8634.62   8       868461.0 ms
cross iterater62
bad   	success		7786.11   8444.82   8       868633.0 ms cross
rand   	bad   	success		7543.89   8549.82   8       876339.0 ms cross
rand   	ab
ab7	4
fail		7518.36   8345.35   8       886900.0 ms
cross iterater63
bad   	success		7701.33   8829.22   8       886900.0 ms cross
rand   	bad   	success		7615.96   8960.45   8       890909.0 ms cross
rand   	ab
ab7	5
ab6	0
fail		7701.37   8807.78   8       900612.0 ms
fail		7591.83   8634.62   8       906337.0 ms
cross iterater64
bad   	success		7474.87   8252.21   8       906337.0 ms cross
rand   	bad   	rand   	ab
ab6	1
fail		7800.93   8929.88   8       929455.0 ms
fail		7591.83   8634.62   8       934276.0 ms
cross iterater65
ab
ab7	0
cross iterater66
bad   	success		7648.61   8426.17   8       934291.0 ms cross
rand   	bad   	success		7732.80   8343.27   8       940469.0 ms cross
rand   	ab
ab6	3
fail		7648.61   8606.85   8       951716.0 ms
cross iterater67
bad   	success		7577.33   8759.60   8       951716.0 ms cross
rand   	bad   	success		8722.30   8996.81   8       956989.0 ms cross
rand   	ab
ab6	1
ab7	2
fail		7334.17   8560.60   8       967815.0 ms
cross iterater68
ab
cross iterater69
bad   	success		7454.42   9009.35   8       967909.0 ms cross
rand   	bad   	success		8275.94   8960.57   8       972698.0 ms cross
rand   	ab
ab6	5
ab7	0
fail		7690.89   8710.09   8       979873.0 ms
cross iterater70
bad   	success		7370.63   8390.70   8       979873.0 ms cross
rand   	bad   	success		7819.30   8282.07   8       983415.0 ms cross
rand   	ab
ab6	3
fail		7629.59   8768.84   8       997782.0 ms
cross iterater71
ab
ab6	1
fail		8127.78   9280.29   8       1003070.0 ms
fail		7370.63   8626.20   8       1012102.0 ms
cross iterater72
bad   	success		7769.32   8860.84   8       1012102.0 ms cross
rand   	bad   	success		7974.83   8744.89   8       1017437.0 ms cross
rand   	ab
ab6	3
fail		7441.28   8870.74   8       1027780.0 ms
cross iterater73
bad   	success		7218.55   8470.66   8       1027780.0 ms cross
rand   	bad   	success		7549.35   8483.73   8       1033286.0 ms cross
rand   	ab
ab6	5
fail		7370.63   8626.20   8       1044643.0 ms
cross iterater74
bad   	success		7840.22   8825.34   8       1044643.0 ms cross
rand   	bad   	success		8250.29   8355.44   8       1050571.0 ms cross
rand   	ab
ab6	1
fail		7891.02   9037.80   8       1060492.0 ms
cross iterater75
bad   	success		7826.25   8806.46   8       1060492.0 ms cross
rand   	bad   	success		7821.09   8705.12   8       1064018.0 ms cross
rand   	ab
ab7	1
fail		7871.02   8930.60   8       1073596.0 ms
cross iterater76
bad   	success		7595.82   8851.61   8       1073596.0 ms cross
rand   	bad   	success		8067.93   8535.12   8       1080148.0 ms cross
rand   	ab
ab7	1
ab6	5
fail		7549.35   8803.49   8       1091130.0 ms
fail		7871.02   8930.60   8       1097354.0 ms
cross iterater77
ab
ab7	5
cross iterater78
ab
ab7	0
cross iterater79
bad   	success		8459.04   8941.07   8       1097744.0 ms cross
rand   	bad   	success		8317.96   8863.70   8       1103875.0 ms cross
rand   	ab
ab6	4
ab7	2
fail		7886.46   8842.92   8       1116370.0 ms
cross iterater80
ab
ab7	0
fail		7994.38   9075.10   8       1121814.0 ms
cross iterater81
bad   	success		7502.18   8608.17   8       1121908.0 ms cross
rand   	bad   	success		7684.52   8700.36   8       1126837.0 ms cross
rand   	ab
ab6	0
fail		7907.31   8984.36   8       1137195.0 ms
fail		7851.90   9176.68   8       1143201.0 ms
fail		8070.17   9140.05   8       1148801.0 ms
cross iterater82
ab
ab7	3
ab6	2
fail		7765.86   9131.63   8       1153809.0 ms
fail		7684.52   8949.40   8       1158411.0 ms
fail		7622.72   8863.84   8       1163652.0 ms
cross iterater83
bad   	success		7441.03   8299.39   8       1163652.0 ms cross
rand   	bad   	success		8164.39   8342.10   8       1169502.0 ms cross
rand   	ab
ab7	2
fail		8164.39   8971.09   8       1180079.0 ms
fail		7729.68   9044.99   8       1185133.0 ms
fail		7622.72   8863.84   8       1191654.0 ms
cross iterater84
ab
ab7	4
cross iterater85
bad   	success		8060.84   8605.37   8       1192496.0 ms cross
rand   	bad   	success		8040.99   9050.09   8       1198190.0 ms cross
rand   	ab
ab7	4
fail		7984.74   8978.85   8       1208423.0 ms
fail		7569.88   8673.02   8       1213618.0 ms
cross iterater86
bad   	success		7515.15   8434.25   8       1213665.0 ms cross
rand   	bad   	success		7817.63   8585.30   8       1218859.0 ms cross
rand   	ab
cross iterater87
ab
ab6	5
ab7	2
fail		7535.81   8821.20   8       1230419.0 ms
fail		7441.03   8734.39   8       1237048.0 ms
fail		7569.88   8673.02   8       1242805.0 ms
cross iterater88
bad   	success		7608.30   8846.84   8       1242820.0 ms cross
rand   	bad   	success		7452.34   8895.06   8       1248920.0 ms cross
rand   	ab
ab6	1
ab7	2
fail		7819.76   9190.13   8       1258997.0 ms
cross iterater89
bad   	success		7518.67   8774.79   8       1259028.0 ms cross
rand   	bad   	success		7739.77   8554.89   8       1263147.0 ms cross
rand   	ab
ab6	1
fail		7535.81   8821.20   8       1273286.0 ms
fail		7817.63   8778.14   8       1276921.0 ms
cross iterater90
bad   	success		8055.20   8715.95   8       1276999.0 ms cross
rand   	bad   	success		7587.91   9119.08   8       1280228.0 ms cross
rand   	ab
ab6	5
ab7	4
fail		7739.77   8760.57   8       1291226.0 ms
fail		7577.92   8934.54   8       1295984.0 ms
cross iterater91
bad   	success		7598.22   8669.13   8       1295984.0 ms cross
rand   	bad   	success		7992.59   9116.73   8       1300648.0 ms cross
rand   	ab
ab6	2
ab7	1
fail		7930.95   8821.10   8       1309836.0 ms
fail		7617.48   8841.83   8       1314953.0 ms
cross iterater92
bad   	success		7821.85   8562.83   8       1315468.0 ms cross
rand   	bad   	success		8273.63   8794.29   8       1321068.0 ms cross
rand   	ab
ab6	4
cross iterater93
bad   	success		7961.91   8161.64   8       1326029.0 ms cross
rand   	bad   	success		8602.97   8820.77   8       1331052.0 ms cross
rand   	ab
ab6	4
ab7	0
cross iterater94
ab
fail		8022.86   8974.10   8       1341691.0 ms
fail		7739.77   8760.57   8       1344764.0 ms
cross iterater95
bad   	success		8120.76   8858.65   8       1345122.0 ms cross
rand   	bad   	success		8129.85   8580.58   8       1350411.0 ms cross
rand   	ab
ab7	4
fail		8129.85   8766.09   8       1361596.0 ms
fail		7739.77   8760.57   8       1367196.0 ms
fail		7830.66   8992.51   8       1372843.0 ms
cross iterater96
ab
ab6	4
fail		7888.65   8809.68   8       1378365.0 ms
cross iterater97
bad   	success		7290.35   8613.39   8       1378786.0 ms cross
rand   	bad   	success		7609.15   8771.00   8       1382951.0 ms cross
rand   	ab
ab6	1
fail		8093.66   8860.25   8       1389800.0 ms
fail		8190.73   8952.65   8       1393887.0 ms
fail		7739.77   8760.57   8       1397537.0 ms
fail		7609.15   8807.38   8       1401125.0 ms
cross iterater98
ab
ab6	1
fail		8156.80   9100.66   8       1404479.0 ms
cross iterater99
ab
ab7	0
fail		7290.35   8558.04   8       1408129.0 ms

R.size:8

1		86	173	99	70	26	137	118	174	57	162	108	50	96	139	53	37	160	81	5	101	156	4	106	83	
2		144	184	142	188	35	41	143	148	65	15	199	89	71	80	179	19	54	161	190	91	14	186	154	51	11	36	
3		198	115	164	140	64	93	45	131	169	177	191	185	56	141	122	180	88	135	1	170	152	176	111	114	
4		171	10	182	63	38	166	46	116	128	3	47	48	20	194	127	193	158	146	123	85	195	79	44	159	23	165	105	201	
5		136	178	40	39	119	8	102	78	98	76	134	13	32	187	72	43	202	150	151	97	69	75	172	117	17	87	168	7	149	34	68	129	
6		67	42	110	153	59	77	183	60	16	61	133	155	12	74	103	100	120	130	125	112	
7		167	104	28	94	132	33	18	22	113	192	84	73	175	9	24	92	147	197	109	95	163	21	52	157	
8		196	107	200	138	126	2	6	29	90	25	145	189	62	30	27	31	181	121	49	124	55	82	58	66	

data1/pdp200/LC2_2_7.txt
total_cost 6989.521102

