success		1       0       1       65      1       0       99339.17  99      16.0     ms
success		1       1       1       35      1       0       98796.52  98      16.0     ms
success		1       2       1       94      1       0       98801.02  97      16.0     ms
success		1       3       1       4       1       0       97164.87  96      16.0     ms
success		1       4       1       60      1       0       97000.40  95      16.0     ms
success		1       5       1       25      1       0       96365.95  94      16.0     ms
success		1       6       1       59      1       0       96165.00  93      16.0     ms
success		1       7       2       19      2       0       95953.48  92      32.0     ms
success		1       8       2       4       2       0       94840.96  91      32.0     ms
success		1       9       1       62      1       0       94175.18  90      32.0     ms
success		1       10      1       29      1       0       93842.23  89      32.0     ms
success		1       11      1       30      1       0       93594.48  88      32.0     ms
success		1       12      1       57      1       0       91862.05  87      32.0     ms
success		1       13      2       10      2       0       90737.81  86      32.0     ms
success		1       14      1       42      1       0       90416.62  85      32.0     ms
success		1       15      2       27      2       0       89079.80  84      32.0     ms
success		1       16      1       76      1       0       88811.15  83      32.0     ms
success		1       17      1       31      1       0       87589.23  82      32.0     ms
success		1       18      1       64      1       0       87206.78  81      32.0     ms
success		1       19      3       56      3       0       85808.86  80      32.0     ms
success		1       20      1       47      1       0       84834.26  79      32.0     ms
success		1       21      1       10      1       0       84245.42  78      32.0     ms
success		1       22      3       27      3       0       83619.35  77      32.0     ms
success		1       23      3       6       3       0       83585.58  76      32.0     ms
success		1       24      1       73      1       0       82579.26  75      32.0     ms
success		1       25      1       34      1       0       81348.45  74      32.0     ms
success		1       26      1       70      1       0       81151.95  73      32.0     ms
success		1       27      1       57      1       0       80886.42  72      32.0     ms
success		1       28      1       42      1       0       79850.03  71      32.0     ms
success		1       29      2       62      2       0       79274.79  70      32.0     ms
success		1       30      1       37      1       0       77678.23  69      32.0     ms
success		1       31      1       14      1       0       77430.09  68      32.0     ms
success		1       32      1       23      1       0       76353.31  67      32.0     ms
success		1       33      1       51      1       0       76353.03  66      32.0     ms
success		1       34      1       19      1       0       75502.43  65      32.0     ms
success		1       35      1       36      1       0       74040.15  64      32.0     ms
success		1       36      1       37      1       0       73114.32  63      32.0     ms
success		1       37      2       62      2       0       72577.24  62      32.0     ms
success		1       38      2       25      2       0       71506.43  61      32.0     ms
success		1       39      2       26      2       0       71189.34  60      32.0     ms
success		1       40      1       41      1       0       70174.86  59      32.0     ms
success		1       41      2       11      2       0       69243.99  58      32.0     ms
success		1       42      1       17      1       0       69254.65  57      32.0     ms
success		1       43      1       28      1       0       67623.33  56      32.0     ms
success		1       44      1       47      1       0       66313.79  55      32.0     ms
success		1       45      1       21      1       0       65741.17  54      32.0     ms
success		1       46      3       11      3       0       64473.42  53      32.0     ms
success		1       47      2       39      2       0       63212.29  52      32.0     ms
success		1       48      1       22      1       0       62720.86  51      32.0     ms
success		1       49      2       38      2       0       62749.12  50      47.0     ms
success		1       50      4       33      4       0       63497.77  49      47.0     ms
success		1       51      1       9       1       0       62281.04  48      47.0     ms
success		1       52      6       6       6       0       61680.57  47      47.0     ms
success		1       53      3       2       3       0       60618.70  46      47.0     ms
success		1       54      2       44      2       0       60198.89  45      47.0     ms
success		1       55      2       27      2       0       59605.49  44      47.0     ms
success		1       56      1       0       1       0       58663.46  43      47.0     ms
success		1       57      3       13      3       0       58331.31  42      47.0     ms
success		1       58      2       21      2       0       56862.51  41      47.0     ms
success		1       59      2       14      2       0       55651.82  40      47.0     ms
success		1       60      3       5       3       0       54562.20  39      47.0     ms
success		1       61      3       33      3       0       53739.69  38      47.0     ms
success		1       62      2       2       2       0       52255.11  37      47.0     ms
success		1       63      3       31      3       0       50684.21  36      47.0     ms
success		1       64      2       18      2       0       49000.61  35      47.0     ms
success		1       65      3       32      3       0       48044.48  34      47.0     ms
success		1       66      3       6       3       0       47503.53  33      47.0     ms
success		1       67      2       3       2       0       46333.09  32      47.0     ms
success		1       68      3       21      3       0       44774.02  31      47.0     ms
success		1       69      8       30      8       0       43379.46  30      47.0     ms
success		1       70      5       17      5       0       42719.57  29      47.0     ms
success		1       71      4       26      4       0       41522.44  28      47.0     ms
success		1       72      4       5       4       0       41119.80  27      47.0     ms
success		1       73      7       19      7       0       39868.71  26      47.0     ms
success		1       74      5       19      5       0       39170.74  25      47.0     ms
success		1       75      6       13      6       0       37415.88  24      47.0     ms
success		1       76      4       16      4       0       35703.23  23      47.0     ms
success		1       77      5       19      5       0       34172.65  22      47.0     ms
success		1       78      3       9       3       0       32515.51  21      47.0     ms
success		1       79      3       17      3       0       31549.86  20      47.0     ms
success		1       80      4       9       4       0       29701.68  19      47.0     ms
success		1       81      6       1       6       0       28977.23  18      47.0     ms
success		1       82      5       3       5       0       28176.87  17      63.0     ms
success		1       83      5       15      5       0       26950.77  16      63.0     ms
success		1       84      7       8       7       0       25306.01  15      63.0     ms
success		1       85      9       13      9       0       23733.22  14      63.0     ms
success		1       86      7       5       7       0       22489.36  13      63.0     ms
success		1       87      5       5       5       0       20869.71  12      63.0     ms
success		1       88      11      2       11      0       19012.14  11      63.0     ms
success		1       89      11      0       9       0       17520.98  10      63.0     ms
success		1       90      12      4       12      0       15597.11  9       63.0     ms
success		1       91      18      8       9       0       14249.19  8       188.0    ms
success		1       92      39      0       14      0       12639.16  7       468.0    ms
success		1       93      29      2       14      0       10663.15  6       702.0    ms
success		1       94      1400    2       19      0       8913.42   5       27855.0  ms
success		1       0       1       99      1       0       115946.60 99      74201.0  ms
success		1       1       1       69      1       0       115614.22 98      74201.0  ms
success		1       2       1       10      1       0       114201.11 97      74201.0  ms
success		1       3       1       5       1       0       112926.76 96      74201.0  ms
success		1       4       1       68      1       0       111610.29 95      74201.0  ms
success		1       5       1       32      1       0       110134.24 94      74201.0  ms
success		1       6       1       4       1       0       109605.61 93      74201.0  ms
success		1       7       1       38      1       0       108434.96 92      74201.0  ms
success		1       8       2       44      2       0       107875.50 91      74201.0  ms
success		1       9       2       69      2       0       106260.42 90      74201.0  ms
success		1       10      1       59      1       0       104707.78 89      74201.0  ms
success		1       11      1       10      1       0       103885.45 88      74201.0  ms
success		1       12      1       57      1       0       102740.03 87      74201.0  ms
success		1       13      1       81      1       0       101624.64 86      74201.0  ms
success		1       14      2       50      2       0       100412.43 85      74201.0  ms
success		1       15      1       60      1       0       99762.89  84      74201.0  ms
success		1       16      2       58      2       0       98712.33  83      74201.0  ms
success		1       17      1       25      1       0       97897.49  82      74201.0  ms
success		1       18      1       63      1       0       96559.74  81      74201.0  ms
success		1       19      1       14      1       0       95832.43  80      74201.0  ms
success		1       20      1       24      1       0       95045.96  79      74201.0  ms
success		1       21      1       33      1       0       93754.70  78      74201.0  ms
success		1       22      1       68      1       0       92653.28  77      74201.0  ms
success		1       23      1       53      1       0       91434.56  76      74201.0  ms
success		1       24      1       20      1       0       91204.85  75      74201.0  ms
success		1       25      1       21      1       0       90521.06  74      74201.0  ms
success		1       26      1       56      1       0       89572.14  73      74201.0  ms
success		1       27      2       27      2       0       88648.71  72      74201.0  ms
success		1       28      3       3       3       0       88710.16  71      74201.0  ms
success		1       29      2       54      2       0       87408.49  70      74201.0  ms
success		1       30      1       16      1       0       85852.24  69      74201.0  ms
success		1       31      1       45      1       0       84166.24  68      74201.0  ms
success		1       32      1       58      1       0       83798.22  67      74201.0  ms
success		1       33      1       60      1       0       83313.23  66      74201.0  ms
success		1       34      1       12      1       0       83000.13  65      74201.0  ms
success		1       35      1       63      1       0       81320.02  64      74216.0  ms
success		1       36      1       53      1       0       79993.01  63      74216.0  ms
success		1       37      3       1       3       0       80036.24  62      74216.0  ms
success		1       38      2       43      2       0       79304.40  61      74216.0  ms
success		1       39      4       43      4       0       79112.98  60      74216.0  ms
success		1       40      1       53      1       0       78398.01  59      74216.0  ms
success		1       41      3       16      3       0       78796.52  58      74216.0  ms
success		1       42      1       37      1       0       77806.85  57      74216.0  ms
success		1       43      1       54      1       0       76822.76  56      74216.0  ms
success		1       44      3       50      3       0       75760.54  55      74216.0  ms
success		1       45      2       35      2       0       74123.31  54      74216.0  ms
success		1       46      1       38      1       0       73650.20  53      74216.0  ms
success		1       47      3       36      3       0       72642.62  52      74216.0  ms
success		1       48      2       30      2       0       71016.19  51      74216.0  ms
success		1       49      1       16      1       0       70707.01  50      74216.0  ms
success		1       50      2       21      2       0       69485.84  49      74216.0  ms
success		1       51      3       24      3       0       68119.74  48      74216.0  ms
success		1       52      3       24      3       0       67210.03  47      74216.0  ms
success		1       53      4       40      4       0       66303.59  46      74216.0  ms
success		1       54      1       34      1       0       64867.67  45      74216.0  ms
success		1       55      1       39      1       0       63162.07  44      74216.0  ms
success		1       56      2       27      2       0       62185.51  43      74216.0  ms
success		1       57      4       31      4       0       60683.38  42      74216.0  ms
success		1       58      4       6       4       0       59230.55  41      74216.0  ms
success		1       59      2       19      2       0       58001.39  40      74216.0  ms
success		1       60      3       9       3       0       56802.95  39      74216.0  ms
success		1       61      3       35      3       0       55191.10  38      74216.0  ms
success		1       62      2       32      2       0       54655.76  37      74216.0  ms
success		1       63      1       24      1       0       52684.87  36      74216.0  ms
success		1       64      1       13      1       0       51113.76  35      74216.0  ms
success		1       65      3       30      3       0       49641.48  34      74216.0  ms
success		1       66      3       27      3       0       48051.36  33      74216.0  ms
success		1       67      3       15      3       0       46994.57  32      74216.0  ms
success		1       68      4       5       4       0       45113.10  31      74216.0  ms
success		1       69      6       6       6       0       43145.63  30      74216.0  ms
success		1       70      4       24      4       0       41526.18  29      74216.0  ms
success		1       71      4       26      4       0       41068.99  28      74216.0  ms
success		1       72      2       4       2       0       39681.26  27      74216.0  ms
success		1       73      3       7       3       0       38173.54  26      74216.0  ms
success		1       74      6       14      6       0       36746.58  25      74216.0  ms
success		1       75      3       12      3       0       35206.36  24      74216.0  ms
success		1       76      5       16      5       0       34207.42  23      74216.0  ms
success		1       77      3       7       3       0       32763.98  22      74216.0  ms
success		1       78      2       10      2       0       31621.08  21      74216.0  ms
success		1       79      9       8       9       0       29906.16  20      74216.0  ms
success		1       80      3       3       3       0       29333.56  19      74216.0  ms
success		1       81      7       10      7       0       28019.16  18      74216.0  ms
success		1       82      5       2       5       0       28372.43  17      74216.0  ms
success		1       83      4       10      4       0       26887.17  16      74216.0  ms
success		1       84      5       7       5       0       24602.87  15      74216.0  ms
success		1       85      9       0       9       0       23158.21  14      74216.0  ms
success		1       86      7       8       7       0       21717.15  13      74216.0  ms
success		1       87      10      12      10      0       20374.55  12      74216.0  ms
success		1       88      12      2       12      0       19427.44  11      74216.0  ms
success		1       89      7       10      7       0       17399.55  10      74216.0  ms
success		1       90      10      0       10      0       15137.44  9       74216.0  ms
success		1       91      13      8       8       0       14709.99  8       74232.0  ms
success		1       92      18      6       8       0       12879.57  7       74279.0  ms
success		1       93      29      0       15      0       10537.97  6       74388.0  ms
success		1       0       1       93      1       0       115952.31 99      147983.0 ms
success		1       1       1       88      1       0       114781.50 98      147983.0 ms
success		1       2       1       62      1       0       112861.42 97      147983.0 ms
success		1       3       1       14      1       0       111551.16 96      147983.0 ms
success		1       4       1       20      1       0       109546.29 95      147983.0 ms
success		1       5       1       75      1       0       109052.13 94      147983.0 ms
success		1       6       1       92      1       0       108949.78 93      147983.0 ms
success		1       7       1       34      1       0       108310.86 92      147983.0 ms
success		1       8       1       62      1       0       107962.25 91      147983.0 ms
success		1       9       1       23      1       0       107727.27 90      147983.0 ms
success		1       10      3       76      3       0       107234.99 89      147983.0 ms
success		1       11      1       15      1       0       105723.66 88      147983.0 ms
success		1       12      1       43      1       0       105167.81 87      147983.0 ms
success		1       13      1       10      1       0       103743.93 86      147983.0 ms
success		1       14      1       25      1       0       102952.15 85      147983.0 ms
success		1       15      3       27      3       0       101482.76 84      147983.0 ms
success		1       16      2       74      2       0       101044.78 83      147983.0 ms
success		1       17      2       45      2       0       99142.47  82      147983.0 ms
success		1       18      1       58      1       0       97420.14  81      147983.0 ms
success		1       19      2       65      2       0       96105.31  80      147983.0 ms
success		1       20      1       58      1       0       94902.55  79      147983.0 ms
success		1       21      1       0       1       0       93231.01  78      147983.0 ms
success		1       22      1       28      1       0       92585.88  77      147983.0 ms
success		1       23      1       34      1       0       91298.70  76      147983.0 ms
success		1       24      2       7       2       0       89461.31  75      147983.0 ms
success		1       25      1       63      1       0       87871.35  74      147983.0 ms
success		1       26      1       21      1       0       86916.19  73      147983.0 ms
success		1       27      2       17      2       0       85541.81  72      147983.0 ms
success		1       28      3       55      3       0       86363.18  71      147983.0 ms
success		1       29      2       22      2       0       85460.92  70      147983.0 ms
success		1       30      1       57      1       0       85345.00  69      147983.0 ms
success		1       31      2       22      2       0       84257.80  68      147983.0 ms
success		1       32      2       3       2       0       82626.73  67      147983.0 ms
success		1       33      2       36      2       0       81807.75  66      147983.0 ms
success		1       34      2       62      2       0       81302.82  65      147983.0 ms
success		1       35      1       29      1       0       80509.77  64      147983.0 ms
success		1       36      1       54      1       0       79551.69  63      147983.0 ms
success		1       37      1       58      1       0       77955.99  62      147983.0 ms
success		1       38      3       1       3       0       76948.33  61      147983.0 ms
success		1       39      2       56      2       0       76368.51  60      147983.0 ms
success		1       40      1       13      1       0       76121.49  59      147983.0 ms
success		1       41      2       34      2       0       75073.20  58      147983.0 ms
success		1       42      2       14      2       0       73568.80  57      147983.0 ms
success		1       43      3       5       3       0       73118.88  56      147983.0 ms
success		1       44      4       27      4       0       72993.59  55      147983.0 ms
success		1       45      3       30      3       0       72121.56  54      147983.0 ms
success		1       46      2       45      2       0       71456.56  53      147983.0 ms
success		1       47      2       8       2       0       70344.84  52      147983.0 ms
success		1       48      1       31      1       0       69825.84  51      147983.0 ms
success		1       49      3       16      3       0       68688.93  50      147983.0 ms
success		1       50      1       45      1       0       67108.89  49      147983.0 ms
success		1       51      1       30      1       0       65719.83  48      147983.0 ms
success		1       52      2       5       2       0       65087.26  47      147983.0 ms
success		1       53      1       21      1       0       64055.62  46      147983.0 ms
success		1       54      3       29      3       0       62538.58  45      147983.0 ms
success		1       55      3       33      3       0       60995.73  44      147983.0 ms
success		1       56      3       6       3       0       59060.16  43      147983.0 ms
success		1       57      3       3       3       0       58200.43  42      147983.0 ms
success		1       58      2       41      2       0       56812.80  41      147983.0 ms
success		1       59      4       15      4       0       55369.98  40      147983.0 ms
success		1       60      4       32      4       0       53935.12  39      147983.0 ms
success		1       61      2       20      2       0       53113.00  38      147983.0 ms
success		1       62      2       20      2       0       51199.64  37      147983.0 ms
success		1       63      4       2       4       0       49353.95  36      147983.0 ms
success		1       64      3       9       3       0       47813.95  35      147983.0 ms
success		1       65      1       6       1       0       47554.76  34      147983.0 ms
success		1       66      4       17      4       0       46859.51  33      147983.0 ms
success		1       67      2       13      2       0       45820.96  32      147983.0 ms
success		1       68      3       1       3       0       44209.91  31      147983.0 ms
success		1       69      3       4       3       0       42601.32  30      147983.0 ms
success		1       70      3       20      3       0       41126.56  29      147983.0 ms
success		1       71      2       9       2       0       40239.95  28      147983.0 ms
success		1       72      3       19      3       0       38983.79  27      147983.0 ms
success		1       73      3       7       3       0       37966.76  26      147983.0 ms
success		1       74      5       20      5       0       37147.17  25      147983.0 ms
success		1       75      2       7       2       0       35556.32  24      147983.0 ms
success		1       76      4       8       4       0       34260.05  23      147983.0 ms
success		1       77      4       5       4       0       32627.42  22      147983.0 ms
success		1       78      6       5       6       0       31350.08  21      147983.0 ms
success		1       79      4       4       4       0       29714.80  20      147983.0 ms
success		1       80      7       5       7       0       28456.03  19      147983.0 ms
success		1       81      3       17      3       0       27800.92  18      147998.0 ms
success		1       82      9       2       9       0       26034.89  17      147998.0 ms
success		1       83      3       14      3       0       24569.86  16      147998.0 ms
success		1       84      6       9       6       0       23609.19  15      147998.0 ms
success		1       85      5       14      5       0       22078.25  14      147998.0 ms
success		1       86      5       11      5       0       20521.79  13      147998.0 ms
success		1       87      8       8       8       0       19157.63  12      147998.0 ms
success		1       88      8       1       8       0       17920.62  11      147998.0 ms
success		1       89      7       6       5       0       18257.83  10      147998.0 ms
success		1       90      10      5       9       0       16245.99  9       147998.0 ms
success		1       91      14      4       12      0       14546.89  8       148029.0 ms
success		1       92      18      3       14      0       12897.34  7       148045.0 ms
success		1       93      32      5       12      0       11052.31  6       148264.0 ms
success		1       0       1       83      1       0       116373.49 99      187270.0 ms
success		1       1       1       84      1       0       115535.83 98      187270.0 ms
success		1       2       1       78      1       0       114608.94 97      187270.0 ms
success		1       3       1       85      1       0       113482.14 96      187270.0 ms
success		1       4       2       20      2       0       112293.46 95      187270.0 ms
success		1       5       1       44      1       0       111276.58 94      187270.0 ms
success		1       6       1       93      1       0       110197.29 93      187270.0 ms
success		1       7       1       0       1       0       108563.46 92      187270.0 ms
success		1       8       1       64      1       0       106806.42 91      187270.0 ms
success		1       9       1       23      1       0       106509.48 90      187270.0 ms
success		1       10      1       23      1       0       104895.14 89      187270.0 ms
success		1       11      2       22      2       0       103391.16 88      187270.0 ms
success		1       12      2       6       2       0       102690.77 87      187270.0 ms
success		1       13      1       23      1       0       102278.54 86      187270.0 ms
success		1       14      1       64      1       0       100974.61 85      187270.0 ms
success		1       15      1       34      1       0       99541.72  84      187270.0 ms
success		1       16      1       82      1       0       98183.29  83      187270.0 ms
success		1       17      1       22      1       0       97275.05  82      187270.0 ms
success		1       18      1       18      1       0       96868.63  81      187286.0 ms
success		1       19      2       59      2       0       94945.53  80      187286.0 ms
success		1       20      1       44      1       0       93280.38  79      187286.0 ms
success		1       21      1       48      1       0       92898.76  78      187286.0 ms
success		1       22      1       11      1       0       92076.43  77      187286.0 ms
success		1       23      3       24      3       0       91652.51  76      187286.0 ms
success		1       24      1       41      1       0       90844.58  75      187286.0 ms
success		1       25      1       6       1       0       90036.55  74      187286.0 ms
success		1       26      1       8       1       0       89194.31  73      187286.0 ms
success		1       27      1       43      1       0       88465.17  72      187286.0 ms
success		1       28      2       60      2       0       86806.38  71      187286.0 ms
success		1       29      1       21      1       0       86284.49  70      187286.0 ms
success		1       30      1       42      1       0       85012.79  69      187286.0 ms
success		1       31      2       11      2       0       83578.20  68      187286.0 ms
success		1       32      2       18      2       0       82170.09  67      187286.0 ms
success		1       33      1       51      1       0       81733.51  66      187286.0 ms
success		1       34      1       40      1       0       80925.12  65      187286.0 ms
success		1       35      1       32      1       0       80236.49  64      187286.0 ms
success		1       36      3       38      3       0       78677.46  63      187286.0 ms
success		1       37      1       26      1       0       78257.37  62      187286.0 ms
success		1       38      1       56      1       0       76682.03  61      187286.0 ms
success		1       39      2       21      2       0       76415.70  60      187286.0 ms
success		1       40      2       13      2       0       75679.98  59      187286.0 ms
success		1       41      1       43      1       0       75389.74  58      187286.0 ms
success		1       42      1       5       1       0       74424.20  57      187286.0 ms
success		1       43      4       5       4       0       73582.63  56      187286.0 ms
success		1       44      2       4       2       0       72782.91  55      187286.0 ms
success		1       45      2       34      2       0       70957.04  54      187286.0 ms
success		1       46      2       43      2       0       69871.30  53      187286.0 ms
success		1       47      1       52      1       0       69828.15  52      187286.0 ms
success		1       48      3       43      3       0       67993.64  51      187286.0 ms
success		1       49      3       28      3       0       67091.98  50      187286.0 ms
success		1       50      2       35      2       0       65667.13  49      187286.0 ms
success		1       51      1       12      1       0       64371.23  48      187286.0 ms
success		1       52      1       1       1       0       63105.51  47      187286.0 ms
success		1       53      2       28      2       0       62329.47  46      187286.0 ms
success		1       54      3       24      3       0       60842.67  45      187286.0 ms
success		1       55      2       30      2       0       59488.15  44      187286.0 ms
success		1       56      2       4       2       0       58595.55  43      187286.0 ms
success		1       57      2       11      2       0       58132.09  42      187286.0 ms
success		1       58      1       39      1       0       57365.33  41      187286.0 ms
success		1       59      2       0       2       0       56126.75  40      187286.0 ms
success		1       60      4       27      4       0       55637.18  39      187286.0 ms
success		1       61      3       17      3       0       55228.24  38      187286.0 ms
success		1       62      2       0       2       0       54219.78  37      187286.0 ms
success		1       63      3       3       3       0       52800.84  36      187286.0 ms
success		1       64      3       8       3       0       51823.05  35      187286.0 ms
success		1       65      3       29      3       0       51313.30  34      187286.0 ms
success		1       66      3       12      3       0       50550.15  33      187286.0 ms
success		1       67      1       23      1       0       48993.33  32      187286.0 ms
success		1       68      3       28      3       0       47872.60  31      187286.0 ms
success		1       69      2       26      2       0       47236.33  30      187286.0 ms
success		1       70      3       3       3       0       45773.93  29      187286.0 ms
success		1       71      2       7       2       0       44534.85  28      187286.0 ms
success		1       72      4       2       4       0       42756.52  27      187286.0 ms
success		1       73      3       14      3       0       41466.18  26      187286.0 ms
success		1       74      2       6       2       0       39882.40  25      187286.0 ms
success		1       75      4       4       4       0       38191.77  24      187286.0 ms
success		1       76      2       5       2       0       36724.24  23      187286.0 ms
success		1       77      5       18      5       0       35103.78  22      187286.0 ms
success		1       78      7       3       7       0       33578.16  21      187286.0 ms
success		1       79      4       0       4       0       32191.48  20      187286.0 ms
success		1       80      7       2       7       0       30324.06  19      187286.0 ms
success		1       81      5       7       5       0       29448.91  18      187286.0 ms
success		1       82      8       1       8       0       28366.22  17      187286.0 ms
success		1       83      1       5       1       0       27300.79  16      187286.0 ms
success		1       84      9       4       9       0       25531.32  15      187286.0 ms
success		1       85      4       2       4       0       23509.51  14      187286.0 ms
success		1       86      6       0       6       0       22339.20  13      187286.0 ms
success		1       87      7       9       7       0       20576.87  12      187286.0 ms
success		1       88      10      3       9       0       19380.52  11      187302.0 ms
success		1       89      8       7       8       0       16800.56  10      187302.0 ms
success		1       90      6       4       6       0       14949.73  9       187302.0 ms
success		1       91      15      0       11      0       14021.00  8       187317.0 ms
success		1       92      32      7       16      0       12397.81  7       187442.0 ms
success		1       93      29      1       16      0       10889.01  6       187598.0 ms
success		1       0       1       59      1       0       116030.10 99      218876.0 ms
success		1       1       1       76      1       0       115438.79 98      218876.0 ms
success		1       2       1       40      1       0       114474.92 97      218876.0 ms
success		1       3       1       58      1       0       113984.75 96      218876.0 ms
success		1       4       1       63      1       0       113717.92 95      218876.0 ms
success		1       5       1       79      1       0       112060.47 94      218876.0 ms
success		1       6       1       46      1       0       111122.35 93      218876.0 ms
success		1       7       1       78      1       0       109865.39 92      218876.0 ms
success		1       8       1       8       1       0       109445.82 91      218876.0 ms
success		1       9       2       17      2       0       108391.79 90      218876.0 ms
success		1       10      1       82      1       0       107189.21 89      218876.0 ms
success		1       11      1       9       1       0       106884.57 88      218876.0 ms
success		1       12      1       84      1       0       105915.43 87      218876.0 ms
success		1       13      1       8       1       0       105395.43 86      218876.0 ms
success		1       14      2       70      2       0       104549.05 85      218876.0 ms
success		1       15      1       41      1       0       103655.00 84      218876.0 ms
success		1       16      1       72      1       0       102681.24 83      218876.0 ms
success		1       17      1       27      1       0       101664.30 82      218891.0 ms
success		1       18      1       52      1       0       100031.20 81      218891.0 ms
success		1       19      1       19      1       0       98489.27  80      218891.0 ms
success		1       20      2       13      2       0       97459.27  79      218891.0 ms
success		1       21      1       21      1       0       96019.85  78      218891.0 ms
success		1       22      1       7       1       0       95269.29  77      218891.0 ms
success		1       23      1       71      1       0       93733.52  76      218891.0 ms
success		1       24      1       36      1       0       93259.95  75      218891.0 ms
success		1       25      1       1       1       0       91709.44  74      218891.0 ms
success		1       26      2       10      2       0       90296.56  73      218891.0 ms
success		1       27      2       14      2       0       88759.31  72      218891.0 ms
success		1       28      1       71      1       0       87616.89  71      218891.0 ms
success		1       29      1       42      1       0       86773.44  70      218891.0 ms
success		1       30      2       1       2       0       85478.41  69      218891.0 ms
success		1       31      2       9       2       0       83986.42  68      218891.0 ms
success		1       32      1       23      1       0       83321.92  67      218891.0 ms
success		1       33      1       10      1       0       83054.65  66      218891.0 ms
success		1       34      2       37      2       0       81998.61  65      218891.0 ms
success		1       35      2       5       2       0       81593.97  64      218891.0 ms
success		1       36      1       61      1       0       80472.05  63      218891.0 ms
success		1       37      1       49      1       0       80166.90  62      218891.0 ms
success		1       38      1       52      1       0       78973.61  61      218891.0 ms
success		1       39      1       26      1       0       77667.63  60      218891.0 ms
success		1       40      2       51      2       0       76692.60  59      218891.0 ms
success		1       41      2       44      2       0       75824.56  58      218891.0 ms
success		1       42      1       42      1       0       74257.48  57      218891.0 ms
success		1       43      5       34      5       0       74162.93  56      218891.0 ms
success		1       44      2       23      2       0       72985.89  55      218891.0 ms
success		1       45      3       49      3       0       71953.85  54      218891.0 ms
success		1       46      1       41      1       0       70732.12  53      218891.0 ms
success		1       47      2       24      2       0       69586.78  52      218891.0 ms
success		1       48      1       21      1       0       68033.74  51      218891.0 ms
success		1       49      3       19      3       0       67046.58  50      218891.0 ms
success		1       50      5       40      5       0       65340.71  49      218891.0 ms
success		1       51      4       35      4       0       64723.78  48      218891.0 ms
success		1       52      1       28      1       0       63082.60  47      218891.0 ms
success		1       53      2       33      2       0       62451.66  46      218891.0 ms
success		1       54      2       43      2       0       61447.74  45      218891.0 ms
success		1       55      4       31      4       0       60510.83  44      218891.0 ms
success		1       56      1       41      1       0       60138.73  43      218891.0 ms
success		1       57      2       16      2       0       59717.39  42      218891.0 ms
success		1       58      3       1       3       0       58343.26  41      218891.0 ms
success		1       59      3       29      3       0       56798.96  40      218891.0 ms
success		1       60      3       35      3       0       55975.36  39      218891.0 ms
success		1       61      1       27      1       0       54631.83  38      218891.0 ms
success		1       62      3       20      3       0       54072.56  37      218891.0 ms
success		1       63      4       10      4       0       52665.21  36      218891.0 ms
success		1       64      2       13      2       0       50890.56  35      218891.0 ms
success		1       65      5       29      5       0       50157.26  34      218891.0 ms
success		1       66      2       14      2       0       48955.60  33      218891.0 ms
success		1       67      5       7       5       0       47580.18  32      218891.0 ms
success		1       68      2       19      2       0       45624.01  31      218891.0 ms
success		1       69      3       5       3       0       44431.54  30      218891.0 ms
success		1       70      6       0       6       0       43633.70  29      218891.0 ms
success		1       71      2       22      2       0       42037.85  28      218891.0 ms
success		1       72      6       3       6       0       40476.69  27      218891.0 ms
success		1       73      4       23      4       0       39143.01  26      218891.0 ms
success		1       74      4       0       4       0       37585.79  25      218891.0 ms
success		1       75      5       21      5       0       35852.00  24      218891.0 ms
success		1       76      3       4       3       0       35365.95  23      218891.0 ms
success		1       77      8       22      8       0       33800.39  22      218891.0 ms
success		1       78      4       17      4       0       32256.27  21      218891.0 ms
success		1       79      4       9       4       0       31177.04  20      218891.0 ms
success		1       80      3       3       3       0       31115.07  19      218891.0 ms
success		1       81      4       7       4       0       29635.52  18      218891.0 ms
success		1       82      6       7       6       0       27949.00  17      218891.0 ms
success		1       83      6       3       6       0       26467.44  16      218891.0 ms
success		1       84      2       14      2       0       24663.92  15      218891.0 ms
success		1       85      4       4       4       0       23251.75  14      218891.0 ms
success		1       86      6       10      6       0       21611.86  13      218891.0 ms
success		1       87      13      9       13      0       20009.55  12      218891.0 ms
success		1       88      10      4       9       0       19809.00  11      218891.0 ms
success		1       89      8       4       8       0       17222.91  10      218891.0 ms
success		1       90      9       7       9       0       15404.44  9       218891.0 ms
success		1       91      13      5       12      0       14528.48  8       218907.0 ms
success		1       92      17      6       13      0       12286.30  7       218938.0 ms
success		1       93      37      3       15      0       10703.43  6       219250.0 ms
success		1       94      802     3       15      0       9002.50   5       234725.0 ms
success		1       0       1       49      1       0       115845.68 99      269937.0 ms
success		1       1       1       65      1       0       115536.15 98      269937.0 ms
success		1       2       1       51      1       0       113337.21 97      269937.0 ms
success		1       3       1       5       1       0       112579.79 96      269937.0 ms
success		1       4       1       16      1       0       112031.17 95      269937.0 ms
success		1       5       1       0       1       0       110623.15 94      269937.0 ms
success		1       6       1       42      1       0       109598.90 93      269937.0 ms
success		1       7       1       4       1       0       108357.87 92      269937.0 ms
success		1       8       1       19      1       0       106854.45 91      269937.0 ms
success		1       9       1       38      1       0       106505.27 90      269937.0 ms
success		1       10      1       70      1       0       106243.49 89      269937.0 ms
success		1       11      1       87      1       0       106024.51 88      269937.0 ms
success		1       12      1       76      1       0       105501.53 87      269937.0 ms
success		1       13      1       51      1       0       104911.73 86      269937.0 ms
success		1       14      1       28      1       0       104353.18 85      269937.0 ms
success		1       15      1       52      1       0       103473.25 84      269937.0 ms
success		1       16      1       15      1       0       103052.13 83      269937.0 ms
success		1       17      1       56      1       0       101644.98 82      269937.0 ms
success		1       18      2       35      2       0       100564.76 81      269937.0 ms
success		1       19      1       78      1       0       99724.64  80      269937.0 ms
success		1       20      1       46      1       0       98630.61  79      269937.0 ms
success		1       21      1       18      1       0       97953.02  78      269937.0 ms
success		1       22      1       41      1       0       96219.76  77      269937.0 ms
success		1       23      2       17      2       0       95644.66  76      269937.0 ms
success		1       24      3       7       3       0       93893.24  75      269937.0 ms
success		1       25      1       63      1       0       92207.79  74      269937.0 ms
success		1       26      1       63      1       0       91168.69  73      269937.0 ms
success		1       27      1       7       1       0       90373.08  72      269937.0 ms
success		1       28      2       45      2       0       89596.50  71      269937.0 ms
success		1       29      1       55      1       0       88656.84  70      269937.0 ms
success		1       30      1       17      1       0       87245.29  69      269937.0 ms
success		1       31      2       62      2       0       86651.61  68      269937.0 ms
success		1       32      1       56      1       0       85140.02  67      269937.0 ms
success		1       33      1       11      1       0       83878.46  66      269937.0 ms
success		1       34      2       15      2       0       82033.83  65      269937.0 ms
success		1       35      1       10      1       0       81465.15  64      269937.0 ms
success		1       36      2       38      2       0       79986.06  63      269937.0 ms
success		1       37      3       29      3       0       78500.84  62      269937.0 ms
success		1       38      1       38      1       0       77966.91  61      269937.0 ms
success		1       39      2       43      2       0       76509.41  60      269937.0 ms
success		1       40      2       29      2       0       75689.87  59      269937.0 ms
success		1       41      1       17      1       0       74396.87  58      269937.0 ms
success		1       42      1       1       1       0       73565.42  57      269937.0 ms
success		1       43      2       25      2       0       72622.17  56      269937.0 ms
success		1       44      2       5       2       0       71509.42  55      269937.0 ms
success		1       45      3       29      3       0       70844.30  54      269937.0 ms
success		1       46      1       32      1       0       70153.11  53      269937.0 ms
success		1       47      2       14      2       0       69781.78  52      269937.0 ms
success		1       48      2       18      2       0       68879.57  51      269937.0 ms
success		1       49      1       14      1       0       68349.02  50      269937.0 ms
success		1       50      4       5       4       0       66948.13  49      269937.0 ms
success		1       51      5       32      5       0       66182.33  48      269937.0 ms
success		1       52      2       13      2       0       64623.02  47      269937.0 ms
success		1       53      2       20      2       0       63049.48  46      269937.0 ms
success		1       54      3       41      3       0       62472.83  45      269937.0 ms
success		1       55      1       14      1       0       61071.11  44      269937.0 ms
success		1       56      4       7       4       0       60948.43  43      269937.0 ms
success		1       57      2       26      2       0       61207.08  42      269937.0 ms
success		1       58      2       16      2       0       59706.19  41      269937.0 ms
success		1       59      4       17      4       0       58089.85  40      269937.0 ms
success		1       60      2       17      2       0       56400.95  39      269937.0 ms
success		1       61      4       26      4       0       55440.46  38      269937.0 ms
success		1       62      2       7       2       0       54296.00  37      269937.0 ms
success		1       63      3       11      3       0       52350.08  36      269937.0 ms
success		1       64      4       5       4       0       50732.82  35      269937.0 ms
success		1       65      1       23      1       0       49361.55  34      269937.0 ms
success		1       66      4       21      4       0       48406.93  33      269937.0 ms
success		1       67      3       4       3       0       47395.71  32      269937.0 ms
success		1       68      1       18      1       0       46074.87  31      269953.0 ms
success		1       69      1       9       1       0       44760.35  30      269953.0 ms
success		1       70      6       19      6       0       43095.92  29      269953.0 ms
success		1       71      2       1       2       0       42140.21  28      269953.0 ms
success		1       72      8       0       8       0       40641.45  27      269953.0 ms
success		1       73      8       6       8       0       39980.93  26      269953.0 ms
success		1       74      5       20      5       0       39172.40  25      269953.0 ms
success		1       75      4       23      4       0       37306.79  24      269953.0 ms
success		1       76      7       17      7       0       36149.38  23      269953.0 ms
success		1       77      4       17      4       0       34848.84  22      269953.0 ms
success		1       78      10      15      10      0       33795.67  21      269953.0 ms
success		1       79      4       5       4       0       32196.36  20      269953.0 ms
success		1       80      3       14      3       0       30560.37  19      269953.0 ms
success		1       81      8       9       8       0       29226.99  18      269953.0 ms
success		1       82      5       15      5       0       27628.92  17      269953.0 ms
success		1       83      4       1       4       0       26315.46  16      269953.0 ms
success		1       84      2       5       2       0       24716.99  15      269953.0 ms
success		1       85      7       6       7       0       23284.01  14      269953.0 ms
success		1       86      10      10      10      0       21799.15  13      269953.0 ms
success		1       87      10      1       10      0       19831.19  12      269953.0 ms
success		1       88      9       6       9       0       18464.93  11      269953.0 ms
success		1       89      12      0       11      0       17788.76  10      269953.0 ms
success		1       90      11      0       10      0       16006.18  9       269953.0 ms
success		1       91      10      8       10      0       14028.20  8       269969.0 ms
success		1       92      13      0       11      0       12541.87  7       269969.0 ms
success		1       93      31      4       12      0       10877.10  6       270203.0 ms
success		1       94      226     0       16      0       8928.77   5       274450.0 ms
cross iterater0
bad   	success		9443.47   10733.51  6       328291.0 ms cross
rand   	success		8399.34   8994.12   5       350794.0 ms cross
bad   	success		8297.24   9037.99   5       360407.0 ms cross
rand   	ab
ab6	3
ab7	2
cross iterater1
bad   	success		9913.18   10893.94  6       418958.0 ms cross
rand   	success		8408.37   8660.71   5       421065.0 ms cross
bad   	success		8493.26   8744.28   5       433206.0 ms cross
rand   	ab
ab7	5
ab6	4
fail		8250.04   9030.36   5       503742.0 ms
cross iterater2
bad   	success		8094.78   9213.28   5       504912.0 ms cross
rand   	bad   	rand   	success		8188.23   8446.98   5       608390.0 ms cross
ab
ab6	5
fail		8408.37   8979.29   5       637721.0 ms
cross iterater3
ab
ab6	1
cross iterater4
bad   	success		8023.99   8999.44   5       642464.0 ms cross
rand   	bad   	success		8300.91   9064.42   5       688271.0 ms cross
rand   	ab
ab6	5
ab7	4
fail		8350.88   9012.76   5       784846.0 ms
cross iterater5
bad   	success		8232.33   8620.49   5       785735.0 ms cross
rand   	bad   	success		8186.06   8538.36   5       813023.0 ms cross
rand   	ab
ab7	2
ab6	3
cross iterater6
bad   	success		8474.89   8632.42   5       881109.0 ms cross
rand   	bad   	success		8224.28   8617.94   5       926758.0 ms cross
rand   	ab
ab7	3
fail		8080.01   8661.81   5       993123.0 ms
cross iterater7
bad   	success		8464.01   9104.57   5       994043.0 ms cross
rand   	bad   	success		8221.55   8482.12   5       1025977.0 ms cross
rand   	ab
ab7	4
cross iterater8
ab
ab7	0
cross iterater9
bad   	success		8180.21   8647.73   5       1075446.0 ms cross
rand   	bad   	success		8030.83   8750.95   5       1119003.0 ms cross
rand   	ab
ab6	5
ab7	1
fail		8109.09   8638.53   5       1224524.0 ms
fail		8126.47   8661.81   5       1281246.0 ms
cross iterater10
ab
ab7	2
ab6	3
fail		8126.47   8661.81   5       1332617.0 ms
cross iterater11
bad   	success		8028.67   8839.45   5       1332633.0 ms cross
rand   	bad   	success		8422.65   8769.95   5       1393427.0 ms cross
rand   	ab
ab7	4
ab6	0
fail		8304.87   8733.50   5       1449509.0 ms
fail		8126.47   8661.81   5       1489944.0 ms
cross iterater12
ab
ab7	4
fail		8072.04   8630.53   5       1535668.0 ms
fail		8101.18   8913.00   5       1590860.0 ms
cross iterater13
ab
ab6	5
ab7	4
cross iterater14
bad   	success		8370.82   8764.36   5       1590938.0 ms cross
rand   	bad   	success		8123.64   8626.23   5       1641966.0 ms cross
rand   	ab
ab6	4
ab7	3
fail		8234.48   8944.70   5       1798355.0 ms
fail		8109.09   8638.53   5       1852907.0 ms
fail		8205.04   8845.92   5       1907584.0 ms
fail		8165.95   8613.41   5       1948659.0 ms
fail		8072.04   8630.53   5       1995146.0 ms
cross iterater15
bad   	success		8541.23   8539.93   5       1995442.0 ms cross
rand   	bad   	success		8019.09   8530.68   5       2053521.0 ms cross
rand   	ab
ab6	1
fail		8198.43   8715.57   5       2159100.0 ms
cross iterater16
ab
ab6	3
ab7	2
fail		8116.06   8800.44   5       2195276.0 ms
cross iterater17
bad   	success		8117.30   8730.39   5       2195291.0 ms cross
rand   	bad   	success		8231.22   8667.10   5       2237333.0 ms cross
rand   	ab
ab6	2
ab7	1
fail		8072.04   8630.53   5       2321619.0 ms
cross iterater18
bad   	success		8222.25   8761.57   5       2322679.0 ms cross
rand   	bad   	success		8100.42   8715.43   5       2374861.0 ms cross
rand   	ab
ab6	3
ab7	1
fail		8107.33   8759.11   5       2470051.0 ms
fail		8100.42   8735.97   5       2518036.0 ms
cross iterater19
bad   	rand   	success		8420.78   8892.10   5       2593024.0 ms cross
bad   	success		8325.37   8880.18   5       2594506.0 ms cross
rand   	ab
ab6	3
ab7	0
cross iterater20
bad   	success		8086.30   8678.25   5       2651586.0 ms cross
rand   	bad   	success		8075.76   8819.08   5       2700491.0 ms cross
rand   	ab
ab6	3
cross iterater21
bad   	success		8520.57   8834.67   5       2812154.0 ms cross
rand   	bad   	success		7922.54   8807.10   5       2841295.0 ms cross
rand   	ab
ab6	1
ab7	0
fail		8107.33   8759.11   5       2920355.0 ms
fail		8100.42   8735.97   5       2967419.0 ms
cross iterater22
ab
fail		7953.61   8742.72   5       3028430.0 ms
fail		8188.18   8878.27   5       3096586.0 ms
fail		8086.30   8758.45   5       3137239.0 ms
cross iterater23
bad   	success		8174.34   8590.11   5       3137254.0 ms cross
rand   	bad   	success		8027.84   8600.59   5       3178297.0 ms cross
rand   	ab
ab6	1
fail		8027.84   8800.06   5       3286716.0 ms
cross iterater24
bad   	success		8343.10   8839.28   5       3290335.0 ms cross
rand   	bad   	success		7986.19   8634.11   5       3325357.0 ms cross
rand   	ab
ab7	3
ab6	1
fail		8100.42   8735.97   5       3404838.0 ms
cross iterater25
bad   	success		8052.89   8692.57   5       3404853.0 ms cross
rand   	bad   	rand   	ab
cross iterater26
ab
ab7	2
fail		8129.80   8739.15   5       3545891.0 ms
cross iterater27
bad   	success		8432.71   8657.66   5       3545907.0 ms cross
rand   	bad   	success		8028.80   8667.35   5       3573721.0 ms cross
rand   	ab
ab7	0
cross iterater28
bad   	success		8286.90   8840.73   5       3595389.0 ms cross
rand   	bad   	rand   	ab
ab7	0
ab6	1
cross iterater29

R.size:5

1		131	116	41	73	79	8	119	40	94	75	184	200	191	178	13	27	68	142	98	14	93	180	70	158	82	28	30	20	121	76	188	108	182	25	72	140	
2		67	168	152	45	21	88	139	65	118	48	19	103	31	132	15	120	43	195	172	81	59	49	144	17	66	130	64	166	16	84	83	7	136	187	112	127	114	96	190	154	126	169	53	171	148	86	
3		164	18	199	56	4	74	61	128	194	71	167	32	44	38	150	151	57	146	193	90	102	145	125	37	9	129	29	160	159	138	186	113	156	189	12	87	46	99	115	163	
4		23	34	62	181	183	91	26	161	197	6	95	11	78	104	3	134	170	157	141	198	176	105	89	174	58	69	122	22	5	173	55	109	110	111	54	2	39	175	155	80	153	97	52	1	
5		60	143	77	47	137	117	36	192	179	33	177	35	100	162	135	51	92	63	165	133	123	124	196	107	147	101	185	106	149	42	24	50	10	85	

data1/pdp200/LR2_2_9.txt
total_cost 7922.540749

