0  1  18  0.19      403            2614.1    2108.0    7.54      100 93        49        
0  2  16  0.39      362            2463.6    2061.6    2.45      100 48        30        
0  3  12  0.16      470            1664.7    1548.9    11.92     100 113       39        
0  4  11  0.91      493            1479.3    1415.1    2.28      100 95        62        
0  5  18  0.11      575            2584.2    2102.1    6.04      100 156       136       
0  6  13  0.56      599            1860.5    1781.9    31.78     100 148       122       
0  7  12  2.59      333            1677.4    1603.6    4.32      100 18        10        
0  8  11  0.78      310            1510.0    1423.6    2.51      100 13        5         
2  1  25  0.75      995            9658.0    6109.3    228.96    100 249       207       
2  2  19  2.40      769            7714.5    5787.0    111.43    100 130       64        
2  3  14  2.90      892            5626.5    5139.9    329.75    100 165       97        
2  4  10  9.95      804            3857.2    3785.5    894.07    100 123       39        
2  5  18  5.71      748            6945.9    5115.1    120.70    100 130       40        
2  6  19  4.35      806            6936.6    4784.8    247.97    100 166       74        
2  7  16  137.31    788            5463.7    4458.2    387.63    100 131       51        
2  8  14  45.90     722            4721.0    4366.0    337.94    100 91        19        
2  9  15  2.51      784            5110.5    4362.9    396.58    100 141       52        
2  10 13  8.83      810            4502.7    4107.6    607.36    100 145       48        
4  1  47  12.26     1963           22877.2   13900.6   2595.64   100 522       485       
4  2  39  59.54     1653           19386.0   14544.2   2112.04   100 340       258       
4  3  29  76.80     1601           15766.5   13649.1   2818.17   100 264       218       
4  4  19  130.99    1437           9549.1    9202.7    2499.60   100 156       83        
4  5  38  156.15    1466           17773.2   12568.7   803.26    100 272       162       
4  6  36  90.70     1540           17447.6   12031.4   972.49    100 281       192       
4  7  33  592.53    1642           15595.2   11161.4   1165.46   100 328       188       
4  8  29  1291.71   1672           13314.8   10910.9   2841.85   100 318       227       
4  9  29  1080.30   1374           13262.7   11007.1   3459.71   100 158       79        
4  10 27  126.25    1347           12104.2   10173.7   3412.85   100 139       56        
6  1  68  10302.20  2944           55511.1   31859.9   10302.20  100 820       749       
6  2  55  2287.16   2280           47205.2   32560.1   7029.32   58  406       336       
6  3  40  73.58     2223           38379.8   30836.7   1715.85   39  279       278       
6  4  25  17.10     1878           22504.1   21337.6   9226.75   21  63        54        
6  5  51  5732.71   2305           41818.6   26036.5   5732.71   58  417       357       
6  6  53  2376.89   2106           42368.1   27327.6   4747.92   53  320       242       
6  7  44  7151.45   2293           35718.1   24351.7   8754.01   68  360       292       
6  8  39  4887.42   2006           31073.8   22949.2   4887.42   39  207       160       
6  9  39  4189.64   1983           31331.0   22478.9   4603.97   52  187       131       
6  10 34  163.10    1882           26598.4   20693.5   4724.15   48  115       75        
