success		1       0       1       11      1       0       8139.13   102     31.0     ms
success		1       1       1       73      1       0       8205.30   101     31.0     ms
success		1       2       2       69      2       0       8203.39   100     31.0     ms
success		1       3       1       95      1       0       8355.83   99      31.0     ms
success		1       4       1       45      1       0       8452.05   98      31.0     ms
success		1       5       1       33      1       0       8544.33   97      31.0     ms
success		1       6       1       35      1       0       8590.49   96      31.0     ms
success		1       7       1       73      1       0       8738.61   95      31.0     ms
success		1       8       1       51      1       0       8872.02   94      47.0     ms
success		1       9       1       29      1       0       9014.66   93      78.0     ms
success		1       10      1       3       1       0       9129.95   92      78.0     ms
success		1       11      1       91      1       0       9055.90   91      78.0     ms
success		1       12      1       72      1       0       9184.94   90      78.0     ms
success		1       13      1       69      1       0       9339.18   89      94.0     ms
success		1       14      1       63      1       0       9416.47   88      94.0     ms
success		1       15      1       39      1       0       9540.02   87      94.0     ms
success		1       16      1       79      1       0       9678.53   86      94.0     ms
success		1       17      1       50      1       0       9831.72   85      94.0     ms
success		1       18      1       24      1       0       9637.50   84      94.0     ms
success		1       19      1       72      1       0       9683.11   83      94.0     ms
success		1       20      1       60      1       0       9837.01   82      94.0     ms
success		1       21      1       70      1       0       9835.53   81      94.0     ms
success		1       22      1       19      1       0       9917.99   80      94.0     ms
success		1       23      1       19      1       0       10080.53  79      94.0     ms
success		1       24      1       22      1       0       10091.41  78      94.0     ms
success		1       25      1       58      1       0       10329.22  77      94.0     ms
success		1       26      2       1       2       0       10368.54  76      94.0     ms
success		1       27      2       52      2       0       10529.01  75      94.0     ms
success		1       28      1       53      1       0       10654.21  74      94.0     ms
success		1       29      2       52      2       0       10603.65  73      94.0     ms
success		1       30      1       3       1       0       10687.39  72      94.0     ms
success		1       31      1       63      1       0       10570.95  71      94.0     ms
success		1       32      1       17      1       0       10708.99  70      94.0     ms
success		1       33      2       24      2       0       10671.97  69      94.0     ms
success		1       34      1       25      1       0       10760.16  68      94.0     ms
success		1       35      2       10      2       0       10858.39  67      94.0     ms
success		1       36      1       35      1       0       10964.96  66      94.0     ms
success		1       37      1       61      1       0       10861.37  65      94.0     ms
success		1       38      3       12      3       0       10854.01  64      94.0     ms
success		1       39      4       55      4       0       10628.77  63      94.0     ms
success		1       40      2       11      2       0       10513.85  62      94.0     ms
success		1       41      4       42      4       0       10479.32  61      94.0     ms
success		1       42      2       56      2       0       10511.48  60      94.0     ms
success		1       43      2       3       2       0       10688.53  59      94.0     ms
success		1       44      1       7       1       0       10461.38  58      94.0     ms
success		1       45      3       25      3       0       10423.71  57      94.0     ms
success		1       46      2       25      2       0       10475.65  56      94.0     ms
success		1       47      2       47      2       0       10453.22  55      94.0     ms
success		1       48      1       34      1       0       10380.80  54      94.0     ms
success		1       49      2       9       2       0       10538.81  53      109.0    ms
success		1       50      3       40      3       0       10912.08  52      109.0    ms
success		1       51      4       6       4       0       11063.87  51      109.0    ms
success		1       52      2       3       2       0       11073.37  50      109.0    ms
success		1       53      2       38      2       0       11122.83  49      109.0    ms
success		1       54      4       5       4       0       11541.20  48      109.0    ms
success		1       55      2       25      2       0       11680.79  47      109.0    ms
success		1       56      1       11      1       0       11694.61  46      109.0    ms
success		1       57      4       37      4       0       11758.08  45      109.0    ms
success		1       58      1       40      1       0       11740.16  44      109.0    ms
success		1       59      3       4       3       0       11822.46  43      109.0    ms
success		1       60      2       35      2       0       11965.12  42      109.0    ms
success		1       61      4       23      4       0       11834.35  41      109.0    ms
success		1       62      2       5       2       0       12004.14  40      109.0    ms
success		1       63      1       26      1       0       12038.24  39      109.0    ms
success		1       64      4       4       4       0       11803.41  38      109.0    ms
success		1       65      3       35      3       0       11844.85  37      109.0    ms
success		1       66      2       10      2       0       11614.91  36      109.0    ms
success		1       67      3       25      3       0       11170.00  35      109.0    ms
success		1       68      5       6       5       0       11150.54  34      109.0    ms
success		1       69      2       6       2       0       11071.38  33      109.0    ms
success		1       70      5       12      5       0       10789.25  32      109.0    ms
success		1       71      4       13      4       0       10436.41  31      109.0    ms
success		1       72      5       20      5       0       10198.02  30      109.0    ms
success		1       73      2       5       2       0       9653.71   29      109.0    ms
success		1       74      4       14      4       0       9960.04   28      109.0    ms
success		1       75      3       25      3       0       10070.59  27      109.0    ms
success		1       76      3       15      3       0       9935.84   26      109.0    ms
success		1       77      4       9       4       0       9590.69   25      109.0    ms
success		1       78      3       12      3       0       9468.50   24      109.0    ms
success		1       79      3       16      3       0       9102.02   23      109.0    ms
success		1       80      5       10      5       0       8938.16   22      109.0    ms
success		1       81      4       7       4       0       8690.32   21      109.0    ms
success		1       82      6       17      5       0       8759.29   20      109.0    ms
success		1       83      4       4       4       0       8400.21   19      125.0    ms
success		1       84      8       10      4       0       8214.81   18      125.0    ms
success		1       85      8       1       6       0       7866.78   17      125.0    ms
success		1       86      11      5       4       0       7596.49   16      172.0    ms
success		1       87      8       9       7       0       6608.46   15      187.0    ms
success		1       88      14      4       8       0       6188.55   14      203.0    ms
success		1       89      27      9       6       0       5792.01   13      265.0    ms
success		1       90      37      6       8       0       5406.99   12      359.0    ms
success		1       91      44      6       8       0       4595.61   11      546.0    ms
success		1       0       1       32      1       0       20969.15  102     3713.0   ms
success		1       1       1       2       1       0       20602.86  101     3713.0   ms
success		1       2       1       5       1       0       20496.29  100     3713.0   ms
success		1       3       1       11      1       0       20362.87  99      3713.0   ms
success		1       4       1       60      1       0       20215.75  98      3713.0   ms
success		1       5       1       68      1       0       20047.37  97      3713.0   ms
success		1       6       1       69      1       0       19884.51  96      3713.0   ms
success		1       7       1       77      1       0       19732.07  95      3728.0   ms
success		1       8       1       55      1       0       19608.52  94      3728.0   ms
success		1       9       2       67      2       0       19560.48  93      3728.0   ms
success		1       10      1       71      1       0       19423.81  92      3728.0   ms
success		1       11      1       25      1       0       19423.81  91      3728.0   ms
success		1       12      1       38      1       0       19226.43  90      3728.0   ms
success		1       13      2       34      2       0       18946.68  89      3728.0   ms
success		1       14      2       39      2       0       18925.24  88      3728.0   ms
success		1       15      1       81      1       0       18752.88  87      3728.0   ms
success		1       16      1       8       1       0       18610.25  86      3728.0   ms
success		1       17      1       51      1       0       18460.29  85      3728.0   ms
success		1       18      1       53      1       0       18155.38  84      3728.0   ms
success		1       19      1       58      1       0       18050.45  83      3728.0   ms
success		1       20      1       82      1       0       17713.18  82      3728.0   ms
success		1       21      1       11      1       0       17558.94  81      3728.0   ms
success		1       22      1       6       1       0       17375.13  80      3728.0   ms
success		1       23      2       67      2       0       17311.34  79      3728.0   ms
success		1       24      1       28      1       0       16907.94  78      3728.0   ms
success		1       25      1       73      1       0       16592.90  77      3728.0   ms
success		1       26      1       12      1       0       16603.77  76      3728.0   ms
success		1       27      1       14      1       0       16487.85  75      3728.0   ms
success		1       28      1       70      1       0       16510.03  74      3728.0   ms
success		1       29      1       24      1       0       16390.35  73      3728.0   ms
success		1       30      2       35      2       0       16395.55  72      3728.0   ms
success		1       31      1       29      1       0       16360.48  71      3728.0   ms
success		1       32      2       65      2       0       16274.73  70      3728.0   ms
success		1       33      4       58      4       0       15916.44  69      3728.0   ms
success		1       34      1       45      1       0       15762.54  68      3728.0   ms
success		1       35      1       10      1       0       15554.61  67      3728.0   ms
success		1       36      1       59      1       0       15496.68  66      3728.0   ms
success		1       37      1       26      1       0       15448.68  65      3728.0   ms
success		1       38      2       50      2       0       15310.41  64      3728.0   ms
success		1       39      2       59      2       0       15200.64  63      3728.0   ms
success		1       40      2       11      2       0       14924.93  62      3728.0   ms
success		1       41      3       34      3       0       14850.39  61      3728.0   ms
success		1       42      2       0       2       0       14790.44  60      3728.0   ms
success		1       43      2       58      2       0       14757.29  59      3728.0   ms
success		1       44      2       58      2       0       14658.78  58      3728.0   ms
success		1       45      2       15      2       0       14403.98  57      3728.0   ms
success		1       46      2       15      2       0       14269.44  56      3728.0   ms
success		1       47      4       51      4       0       14241.92  55      3728.0   ms
success		1       48      3       17      3       0       14144.66  54      3728.0   ms
success		1       49      3       33      3       0       14065.62  53      3728.0   ms
success		1       50      3       3       3       0       13982.39  52      3728.0   ms
success		1       51      1       12      1       0       13960.73  51      3728.0   ms
success		1       52      2       31      2       0       13968.18  50      3728.0   ms
success		1       53      1       11      1       0       13886.29  49      3728.0   ms
success		1       54      3       38      3       0       13599.41  48      3728.0   ms
success		1       55      4       35      4       0       13644.64  47      3728.0   ms
success		1       56      2       23      2       0       13492.12  46      3728.0   ms
success		1       57      3       20      3       0       13478.46  45      3728.0   ms
success		1       58      1       38      1       0       13418.41  44      3728.0   ms
success		1       59      3       7       3       0       13363.37  43      3728.0   ms
success		1       60      1       6       1       0       13128.07  42      3728.0   ms
success		1       61      4       29      4       0       13092.42  41      3728.0   ms
success		1       62      3       4       3       0       12926.79  40      3728.0   ms
success		1       63      1       10      1       0       12969.76  39      3728.0   ms
success		1       64      4       13      4       0       12796.61  38      3728.0   ms
success		1       65      1       13      1       0       12448.80  37      3728.0   ms
success		1       66      3       36      3       0       12255.39  36      3728.0   ms
success		1       67      3       22      3       0       11824.30  35      3728.0   ms
success		1       68      1       32      1       0       11523.55  34      3728.0   ms
success		1       69      6       17      6       0       11137.86  33      3728.0   ms
success		1       70      2       30      2       0       11222.28  32      3728.0   ms
success		1       71      7       31      7       0       10839.16  31      3728.0   ms
success		1       72      3       27      3       0       10759.26  30      3728.0   ms
success		1       73      6       4       6       0       10757.02  29      3728.0   ms
success		1       74      3       8       3       0       10583.73  28      3728.0   ms
success		1       75      2       26      2       0       10478.26  27      3728.0   ms
success		1       76      3       21      3       0       10330.36  26      3728.0   ms
success		1       77      5       1       5       0       9980.21   25      3728.0   ms
success		1       78      5       0       4       0       11540.57  24      3728.0   ms
success		1       79      4       20      4       0       10900.48  23      3728.0   ms
success		1       80      5       22      5       0       10547.67  22      3728.0   ms
success		1       81      7       12      5       0       9165.13   21      3744.0   ms
success		1       82      5       14      5       0       8737.36   20      3744.0   ms
success		1       83      6       13      5       0       8587.27   19      3744.0   ms
success		1       84      7       11      7       0       8073.00   18      3744.0   ms
success		1       85      20      1       4       0       7791.34   17      3775.0   ms
success		1       86      12      9       4       0       7673.01   16      3775.0   ms
success		1       87      13      5       8       0       6954.04   15      3791.0   ms
success		1       88      112     2       8       0       6202.07   14      4103.0   ms
success		1       89      73      12      7       0       5664.19   13      4306.0   ms
success		1       90      44      1       11      0       5167.04   12      4368.0   ms
success		1       0       1       42      1       0       20948.05  102     7348.0   ms
success		1       1       1       101     1       0       20778.78  101     7348.0   ms
success		1       2       1       73      1       0       20666.84  100     7348.0   ms
success		1       3       1       89      1       0       20511.81  99      7348.0   ms
success		1       4       1       98      1       0       20310.97  98      7348.0   ms
success		1       5       1       16      1       0       20184.37  97      7348.0   ms
success		1       6       1       16      1       0       20071.81  96      7348.0   ms
success		1       7       1       4       1       0       19777.85  95      7348.0   ms
success		1       8       1       1       1       0       19524.39  94      7348.0   ms
success		1       9       1       14      1       0       19399.19  93      7348.0   ms
success		1       10      1       23      1       0       19177.09  92      7348.0   ms
success		1       11      1       39      1       0       18899.28  91      7348.0   ms
success		1       12      1       57      1       0       18377.14  90      7348.0   ms
success		1       13      1       29      1       0       18104.19  89      7348.0   ms
success		1       14      1       28      1       0       17984.50  88      7348.0   ms
success		1       15      1       30      1       0       17835.64  87      7348.0   ms
success		1       16      1       13      1       0       17574.02  86      7348.0   ms
success		1       17      1       12      1       0       17479.51  85      7348.0   ms
success		1       18      1       69      1       0       17327.07  84      7348.0   ms
success		1       19      1       8       1       0       17306.99  83      7348.0   ms
success		1       20      1       25      1       0       17054.55  82      7348.0   ms
success		1       21      1       7       1       0       16979.40  81      7348.0   ms
success		1       22      1       43      1       0       16933.13  80      7348.0   ms
success		1       23      1       58      1       0       16833.96  79      7348.0   ms
success		1       24      2       58      2       0       16910.88  78      7348.0   ms
success		1       25      1       61      1       0       16760.79  77      7348.0   ms
success		1       26      1       70      1       0       16545.25  76      7348.0   ms
success		1       27      1       11      1       0       16417.31  75      7348.0   ms
success		1       28      1       45      1       0       16284.72  74      7348.0   ms
success		1       29      1       55      1       0       16275.22  73      7348.0   ms
success		1       30      2       37      2       0       16229.22  72      7348.0   ms
success		1       31      2       65      2       0       16061.63  71      7348.0   ms
success		1       32      1       7       1       0       15988.49  70      7348.0   ms
success		1       33      1       19      1       0       15896.20  69      7348.0   ms
success		1       34      1       3       1       0       15801.81  68      7348.0   ms
success		1       35      1       60      1       0       15848.71  67      7348.0   ms
success		1       36      2       57      2       0       15830.45  66      7348.0   ms
success		1       37      1       7       1       0       15776.17  65      7348.0   ms
success		1       38      1       16      1       0       15689.83  64      7348.0   ms
success		1       39      1       18      1       0       15463.30  63      7348.0   ms
success		1       40      1       20      1       0       15284.75  62      7348.0   ms
success		1       41      3       6       3       0       15239.58  61      7348.0   ms
success		1       42      2       25      2       0       15160.89  60      7348.0   ms
success		1       43      1       22      1       0       15073.45  59      7348.0   ms
success		1       44      2       29      2       0       14974.28  58      7348.0   ms
success		1       45      1       4       1       0       14832.83  57      7348.0   ms
success		1       46      1       31      1       0       14440.85  56      7348.0   ms
success		1       47      1       35      1       0       14304.56  55      7348.0   ms
success		1       48      2       11      2       0       14273.37  54      7348.0   ms
success		1       49      1       29      1       0       14104.75  53      7348.0   ms
success		1       50      1       21      1       0       13947.93  52      7348.0   ms
success		1       51      4       22      4       0       13794.14  51      7348.0   ms
success		1       52      3       25      3       0       13723.32  50      7348.0   ms
success		1       53      1       14      1       0       13689.97  49      7348.0   ms
success		1       54      1       31      1       0       13632.75  48      7348.0   ms
success		1       55      2       46      2       0       13711.57  47      7348.0   ms
success		1       56      2       15      2       0       13583.02  46      7348.0   ms
success		1       57      2       24      2       0       13634.28  45      7348.0   ms
success		1       58      3       39      3       0       13291.91  44      7348.0   ms
success		1       59      2       17      2       0       13222.39  43      7348.0   ms
success		1       60      3       37      3       0       13283.21  42      7348.0   ms
success		1       61      4       29      4       0       13015.80  41      7348.0   ms
success		1       62      2       26      2       0       12882.49  40      7348.0   ms
success		1       63      2       21      2       0       13032.40  39      7348.0   ms
success		1       64      2       28      2       0       12864.85  38      7348.0   ms
success		1       65      1       15      1       0       12943.73  37      7348.0   ms
success		1       66      3       32      3       0       12544.69  36      7348.0   ms
success		1       67      3       18      3       0       12366.41  35      7348.0   ms
success		1       68      2       27      2       0       12017.62  34      7348.0   ms
success		1       69      4       33      4       0       11802.14  33      7348.0   ms
success		1       70      2       15      2       0       11919.41  32      7348.0   ms
success		1       71      3       31      3       0       11492.94  31      7348.0   ms
success		1       72      3       4       3       0       11376.87  30      7348.0   ms
success		1       73      5       14      5       0       10956.70  29      7348.0   ms
success		1       74      3       3       3       0       10575.51  28      7348.0   ms
success		1       75      4       8       4       0       10175.63  27      7348.0   ms
success		1       76      4       15      4       0       9910.35   26      7348.0   ms
success		1       77      3       8       3       0       9982.35   25      7348.0   ms
success		1       78      5       11      5       0       9636.21   24      7348.0   ms
success		1       79      6       5       6       0       9411.61   23      7348.0   ms
success		1       80      3       14      3       0       9086.56   22      7348.0   ms
success		1       81      4       15      4       0       8597.11   21      7348.0   ms
success		1       82      8       17      6       0       9394.61   20      7363.0   ms
success		1       83      6       9       5       0       8991.81   19      7363.0   ms
success		1       84      6       12      6       0       8322.97   18      7363.0   ms
success		1       85      20      3       6       0       7590.82   17      7379.0   ms
success		1       86      8       9       6       0       7169.87   16      7379.0   ms
success		1       87      9       4       6       0       6779.47   15      7394.0   ms
success		1       88      15      13      6       0       6357.48   14      7394.0   ms
success		1       89      15      6       8       0       5653.45   13      7410.0   ms
success		1       90      84      6       9       0       5195.05   12      7613.0   ms
success		1       91      708     8       9       0       4636.53   11      9531.0   ms
success		1       0       1       23      1       0       20948.79  102     13525.0  ms
success		1       1       1       4       1       0       20769.90  101     13525.0  ms
success		1       2       2       73      2       0       20607.03  100     13541.0  ms
success		1       3       1       84      1       0       20126.58  99      13541.0  ms
success		1       4       1       20      1       0       20010.66  98      13541.0  ms
success		1       5       1       2       1       0       19837.68  97      13541.0  ms
success		1       6       1       31      1       0       19684.49  96      13541.0  ms
success		1       7       1       59      1       0       19537.38  95      13541.0  ms
success		1       8       1       61      1       0       19370.13  94      13541.0  ms
success		1       9       1       85      1       0       19198.78  93      13541.0  ms
success		1       10      1       50      1       0       19011.54  92      13541.0  ms
success		1       11      1       25      1       0       18891.06  91      13541.0  ms
success		1       12      1       35      1       0       18709.42  90      13541.0  ms
success		1       13      1       41      1       0       18687.59  89      13541.0  ms
success		1       14      1       27      1       0       18565.49  88      13541.0  ms
success		1       15      1       7       1       0       18599.46  87      13541.0  ms
success		1       16      1       39      1       0       18428.83  86      13541.0  ms
success		1       17      1       27      1       0       18444.18  85      13541.0  ms
success		1       18      1       64      1       0       18307.52  84      13541.0  ms
success		1       19      1       62      1       0       18041.04  83      13541.0  ms
success		1       20      1       65      1       0       17909.04  82      13541.0  ms
success		1       21      1       13      1       0       17532.40  81      13541.0  ms
success		1       22      2       70      2       0       17555.02  80      13541.0  ms
success		1       23      1       47      1       0       17350.27  79      13541.0  ms
success		1       24      1       69      1       0       17151.71  78      13541.0  ms
success		1       25      1       46      1       0       17253.04  77      13541.0  ms
success		1       26      1       33      1       0       16924.08  76      13541.0  ms
success		1       27      3       18      3       0       16562.15  75      13541.0  ms
success		1       28      2       65      2       0       16436.37  74      13541.0  ms
success		1       29      2       62      2       0       16427.43  73      13541.0  ms
success		1       30      1       58      1       0       16206.32  72      13541.0  ms
success		1       31      3       6       3       0       15712.51  71      13541.0  ms
success		1       32      1       68      1       0       15581.67  70      13541.0  ms
success		1       33      1       65      1       0       15485.88  69      13541.0  ms
success		1       34      2       39      2       0       15340.79  68      13541.0  ms
success		1       35      1       35      1       0       15158.69  67      13541.0  ms
success		1       36      1       5       1       0       15061.92  66      13541.0  ms
success		1       37      1       14      1       0       14933.98  65      13541.0  ms
success		1       38      2       3       2       0       15031.66  64      13541.0  ms
success		1       39      1       60      1       0       14999.42  63      13541.0  ms
success		1       40      2       15      2       0       15346.75  62      13541.0  ms
success		1       41      2       38      2       0       14923.08  61      13541.0  ms
success		1       42      2       16      2       0       14885.33  60      13541.0  ms
success		1       43      2       26      2       0       14854.34  59      13541.0  ms
success		1       44      4       2       4       0       14652.88  58      13541.0  ms
success		1       45      4       15      4       0       14527.80  57      13541.0  ms
success		1       46      2       25      2       0       14440.98  56      13541.0  ms
success		1       47      2       31      2       0       14238.34  55      13541.0  ms
success		1       48      2       33      2       0       14110.57  54      13541.0  ms
success		1       49      4       11      4       0       14005.49  53      13541.0  ms
success		1       50      1       10      1       0       13999.53  52      13541.0  ms
success		1       51      1       37      1       0       13873.59  51      13541.0  ms
success		1       52      3       25      3       0       13718.81  50      13541.0  ms
success		1       53      1       46      1       0       13495.11  49      13541.0  ms
success		1       54      2       40      2       0       13057.32  48      13541.0  ms
success		1       55      2       20      2       0       13103.47  47      13541.0  ms
success		1       56      1       28      1       0       12797.67  46      13541.0  ms
success		1       57      2       4       2       0       12817.98  45      13541.0  ms
success		1       58      5       3       5       0       12483.97  44      13541.0  ms
success		1       59      1       20      1       0       12319.69  43      13541.0  ms
success		1       60      3       32      3       0       12557.11  42      13541.0  ms
success		1       61      1       41      1       0       12520.66  41      13541.0  ms
success		1       62      3       36      3       0       12460.03  40      13541.0  ms
success		1       63      3       16      3       0       11913.00  39      13541.0  ms
success		1       64      2       6       2       0       11512.83  38      13541.0  ms
success		1       65      1       24      1       0       11376.53  37      13541.0  ms
success		1       66      3       18      3       0       11009.98  36      13541.0  ms
success		1       67      2       3       2       0       10833.15  35      13541.0  ms
success		1       68      2       13      2       0       10799.35  34      13541.0  ms
success		1       69      1       31      1       0       10589.96  33      13541.0  ms
success		1       70      2       9       2       0       10397.33  32      13541.0  ms
success		1       71      4       10      4       0       10229.80  31      13541.0  ms
success		1       72      2       21      2       0       10297.66  30      13541.0  ms
success		1       73      4       7       4       0       9828.58   29      13541.0  ms
success		1       74      4       21      4       0       9644.77   28      13541.0  ms
success		1       75      6       2       6       0       9795.11   27      13541.0  ms
success		1       76      3       25      3       0       9713.79   26      13541.0  ms
success		1       77      3       18      3       0       9815.24   25      13541.0  ms
success		1       78      5       24      5       0       9598.05   24      13541.0  ms
success		1       79      4       8       4       0       9562.74   23      13541.0  ms
success		1       80      5       3       5       0       9501.25   22      13541.0  ms
success		1       81      5       19      5       0       9467.07   21      13541.0  ms
success		1       82      7       6       6       0       9335.68   20      13556.0  ms
success		1       83      11      12      7       0       8468.80   19      13556.0  ms
success		1       84      6       17      5       0       8093.71   18      13556.0  ms
success		1       85      8       7       7       0       7502.18   17      13556.0  ms
success		1       86      17      8       7       0       7318.76   16      13572.0  ms
success		1       87      18      0       8       0       6574.05   15      13587.0  ms
success		1       88      11      5       7       0       6139.03   14      13587.0  ms
success		1       89      64      4       6       0       5754.55   13      13759.0  ms
success		1       90      41      2       8       0       5271.59   12      13853.0  ms
success		1       0       1       40      1       0       21045.92  102     16910.0  ms
success		1       1       1       30      1       0       20959.58  101     16910.0  ms
success		1       2       1       0       1       0       20880.40  100     16910.0  ms
success		1       3       1       80      1       0       20748.41  99      16910.0  ms
success		1       4       1       12      1       0       20614.99  98      16910.0  ms
success		1       5       1       85      1       0       20489.21  97      16910.0  ms
success		1       6       1       69      1       0       20334.84  96      16910.0  ms
success		1       7       1       38      1       0       20405.25  95      16910.0  ms
success		1       8       1       89      1       0       20245.18  94      16910.0  ms
success		1       9       1       13      1       0       20090.93  93      16910.0  ms
success		1       10      1       59      1       0       19818.01  92      16910.0  ms
success		1       11      1       57      1       0       19360.93  91      16910.0  ms
success		1       12      1       6       1       0       19264.16  90      16910.0  ms
success		1       13      1       29      1       0       19144.48  89      16910.0  ms
success		1       14      1       21      1       0       18981.95  88      16910.0  ms
success		1       15      1       44      1       0       18854.00  87      16910.0  ms
success		1       16      1       66      1       0       18709.86  86      16910.0  ms
success		1       17      1       1       1       0       18536.87  85      16910.0  ms
success		1       18      1       67      1       0       18386.78  84      16910.0  ms
success		1       19      1       3       1       0       18393.60  83      16910.0  ms
success		1       20      1       47      1       0       18349.36  82      16910.0  ms
success		1       21      1       35      1       0       18069.25  81      16910.0  ms
success		1       22      1       71      1       0       17952.04  80      16910.0  ms
success		1       23      1       50      1       0       17798.14  79      16910.0  ms
success		1       24      1       63      1       0       17645.69  78      16910.0  ms
success		1       25      1       29      1       0       17525.31  77      16910.0  ms
success		1       26      1       74      1       0       17330.78  76      16910.0  ms
success		1       27      1       32      1       0       17053.87  75      16910.0  ms
success		1       28      2       17      2       0       16908.73  74      16910.0  ms
success		1       29      1       69      1       0       16731.36  73      16910.0  ms
success		1       30      1       9       1       0       16559.33  72      16910.0  ms
success		1       31      2       70      2       0       16400.03  71      16910.0  ms
success		1       32      1       32      1       0       16304.34  70      16910.0  ms
success		1       33      2       66      2       0       15893.91  69      16910.0  ms
success		1       34      1       51      1       0       15781.98  68      16910.0  ms
success		1       35      1       11      1       0       15723.88  67      16910.0  ms
success		1       36      1       45      1       0       15762.91  66      16910.0  ms
success		1       37      1       20      1       0       15636.07  65      16910.0  ms
success		1       38      1       61      1       0       15464.72  64      16910.0  ms
success		1       39      2       9       2       0       15397.18  63      16910.0  ms
success		1       40      2       34      2       0       15279.74  62      16910.0  ms
success		1       41      3       41      3       0       15107.16  61      16910.0  ms
success		1       42      2       56      2       0       14919.53  60      16910.0  ms
success		1       43      2       40      2       0       14867.29  59      16910.0  ms
success		1       44      1       27      1       0       14578.10  58      16910.0  ms
success		1       45      2       26      2       0       14478.60  57      16910.0  ms
success		1       46      1       18      1       0       14291.66  56      16910.0  ms
success		1       47      3       19      3       0       14445.16  55      16910.0  ms
success		1       48      1       19      1       0       14500.24  54      16910.0  ms
success		1       49      3       32      3       0       14392.65  53      16910.0  ms
success		1       50      1       0       1       0       13926.95  52      16910.0  ms
success		1       51      1       15      1       0       13638.55  51      16910.0  ms
success		1       52      2       27      2       0       13664.98  50      16910.0  ms
success		1       53      4       12      4       0       13611.68  49      16910.0  ms
success		1       54      2       30      2       0       13310.51  48      16910.0  ms
success		1       55      3       41      3       0       12728.29  47      16910.0  ms
success		1       56      5       15      5       0       12296.06  46      16910.0  ms
success		1       57      3       32      3       0       11662.39  45      16910.0  ms
success		1       58      3       15      3       0       11592.29  44      16910.0  ms
success		1       59      3       19      3       0       11495.83  43      16910.0  ms
success		1       60      4       39      4       0       11431.06  42      16910.0  ms
success		1       61      3       1       3       0       11714.63  41      16910.0  ms
success		1       62      4       12      4       0       12064.75  40      16910.0  ms
success		1       63      3       21      3       0       11869.43  39      16910.0  ms
success		1       64      1       5       1       0       11662.43  38      16910.0  ms
success		1       65      3       34      3       0       11223.99  37      16910.0  ms
success		1       66      3       15      3       0       11104.13  36      16910.0  ms
success		1       67      2       9       2       0       11233.50  35      16910.0  ms
success		1       68      3       27      3       0       10863.89  34      16910.0  ms
success		1       69      2       4       2       0       10795.90  33      16910.0  ms
success		1       70      4       2       4       0       10327.60  32      16910.0  ms
success		1       71      2       26      2       0       10110.73  31      16910.0  ms
success		1       72      3       15      3       0       10213.37  30      16910.0  ms
success		1       73      2       3       2       0       10298.19  29      16910.0  ms
success		1       74      4       15      4       0       10153.69  28      16910.0  ms
success		1       75      3       19      3       0       9863.79   27      16910.0  ms
success		1       76      3       24      3       0       9596.79   26      16910.0  ms
success		1       77      4       9       4       0       9686.33   25      16910.0  ms
success		1       78      4       16      4       0       9511.39   24      16910.0  ms
success		1       79      4       22      4       0       9139.67   23      16910.0  ms
success		1       80      5       13      5       0       9012.91   22      16926.0  ms
success		1       81      6       19      6       0       8685.17   21      16926.0  ms
success		1       82      4       16      4       0       8732.00   20      16926.0  ms
success		1       83      12      19      7       0       8730.99   19      16926.0  ms
success		1       84      9       4       6       0       8275.26   18      16926.0  ms
success		1       85      6       15      6       0       7717.92   17      16926.0  ms
success		1       86      9       15      6       0       7510.21   16      16941.0  ms
success		1       87      15      6       6       0       7032.36   15      16957.0  ms
success		1       88      12      9       7       0       6351.93   14      16957.0  ms
success		1       89      193     8       9       0       5937.99   13      17487.0  ms
success		1       90      124     1       9       0       5035.08   12      17784.0  ms
success		1       91      435     10      9       0       4714.89   11      19172.0  ms
success		1       0       1       80      1       0       20957.26  102     22947.0  ms
success		1       1       1       59      1       0       20726.84  101     22947.0  ms
success		1       2       1       38      1       0       20606.46  100     22947.0  ms
success		1       3       1       32      1       0       20540.29  99      22947.0  ms
success		1       4       1       41      1       0       20404.84  98      22947.0  ms
success		1       5       1       48      1       0       20256.73  97      22947.0  ms
success		1       6       1       38      1       0       20483.27  96      22947.0  ms
success		1       7       1       61      1       0       20316.02  95      22947.0  ms
success		1       8       2       0       2       0       20313.61  94      22947.0  ms
success		1       9       1       18      1       0       19840.01  93      22947.0  ms
success		1       10      1       1       1       0       19622.33  92      22947.0  ms
success		1       11      1       11      1       0       19488.91  91      22947.0  ms
success		1       12      1       28      1       0       19341.43  90      22947.0  ms
success		1       13      1       55      1       0       19187.53  89      22947.0  ms
success		1       14      1       33      1       0       18945.86  88      22947.0  ms
success		1       15      1       56      1       0       18786.59  87      22947.0  ms
success		1       16      1       24      1       0       18671.08  86      22947.0  ms
success		1       17      1       61      1       0       18571.91  85      22947.0  ms
success		1       18      1       61      1       0       18445.07  84      22947.0  ms
success		1       19      1       31      1       0       18451.73  83      22947.0  ms
success		1       20      2       44      2       0       18348.39  82      22947.0  ms
success		1       21      1       60      1       0       18050.78  81      22947.0  ms
success		1       22      1       15      1       0       17925.58  80      22947.0  ms
success		1       23      1       11      1       0       17892.57  79      22947.0  ms
success		1       24      1       50      1       0       17756.27  78      22947.0  ms
success		1       25      2       51      2       0       17682.10  77      22947.0  ms
success		1       26      1       6       1       0       17370.58  76      22947.0  ms
success		1       27      3       18      3       0       17241.70  75      22963.0  ms
success		1       28      1       42      1       0       17146.67  74      22963.0  ms
success		1       29      1       23      1       0       17026.98  73      22963.0  ms
success		1       30      3       28      3       0       16800.70  72      22963.0  ms
success		1       31      3       19      3       0       16937.78  71      22963.0  ms
success		1       32      2       47      2       0       16830.83  70      22963.0  ms
success		1       33      1       60      1       0       16654.47  69      22963.0  ms
success		1       34      1       23      1       0       16498.79  68      22963.0  ms
success		1       35      2       34      2       0       16564.70  67      22963.0  ms
success		1       36      2       52      2       0       16607.34  66      22963.0  ms
success		1       37      1       62      1       0       16483.85  65      22963.0  ms
success		1       38      1       50      1       0       16277.82  64      22963.0  ms
success		1       39      1       63      1       0       15851.21  63      22963.0  ms
success		1       40      2       13      2       0       15485.84  62      22963.0  ms
success		1       41      1       38      1       0       15443.11  61      22963.0  ms
success		1       42      2       0       2       0       15121.94  60      22963.0  ms
success		1       43      1       49      1       0       15181.32  59      22963.0  ms
success		1       44      1       13      1       0       15331.35  58      22963.0  ms
success		1       45      2       49      2       0       14983.36  57      22963.0  ms
success		1       46      2       32      2       0       14929.65  56      22963.0  ms
success		1       47      1       45      1       0       14630.65  55      22963.0  ms
success		1       48      2       48      2       0       14514.76  54      22963.0  ms
success		1       49      1       38      1       0       14227.41  53      22963.0  ms
success		1       50      1       7       1       0       14090.76  52      22963.0  ms
success		1       51      2       48      2       0       14062.87  51      22963.0  ms
success		1       52      1       43      1       0       13852.25  50      22963.0  ms
success		1       53      2       10      2       0       13684.45  49      22963.0  ms
success		1       54      2       7       2       0       13465.94  48      22963.0  ms
success		1       55      1       20      1       0       13322.55  47      22963.0  ms
success		1       56      2       20      2       0       13286.31  46      22963.0  ms
success		1       57      1       8       1       0       13181.04  45      22963.0  ms
success		1       58      5       35      5       0       13405.79  44      22963.0  ms
success		1       59      2       23      2       0       13128.98  43      22963.0  ms
success		1       60      2       40      2       0       12622.90  42      22963.0  ms
success		1       61      4       14      4       0       12448.43  41      22963.0  ms
success		1       62      3       18      3       0       12221.24  40      22963.0  ms
success		1       63      1       36      1       0       12023.91  39      22963.0  ms
success		1       64      4       5       4       0       11945.80  38      22963.0  ms
success		1       65      2       4       2       0       11704.51  37      22963.0  ms
success		1       66      4       13      4       0       11693.85  36      22963.0  ms
success		1       67      1       16      1       0       11529.57  35      22963.0  ms
success		1       68      2       34      2       0       11384.93  34      22963.0  ms
success		1       69      4       33      4       0       11346.41  33      22963.0  ms
success		1       70      3       25      3       0       11104.48  32      22963.0  ms
success		1       71      4       22      4       0       10880.53  31      22963.0  ms
success		1       72      4       12      4       0       10795.58  30      22963.0  ms
success		1       73      3       8       3       0       10684.58  29      22963.0  ms
success		1       74      3       17      3       0       10683.44  28      22963.0  ms
success		1       75      2       1       2       0       10544.00  27      22963.0  ms
success		1       76      4       25      4       0       10401.89  26      22963.0  ms
success		1       77      5       5       5       0       10160.09  25      22963.0  ms
success		1       78      3       11      3       0       10185.34  24      22963.0  ms
success		1       79      6       15      6       0       10350.44  23      22963.0  ms
success		1       80      5       9       5       0       10031.98  22      22963.0  ms
success		1       81      9       18      5       0       9583.73   21      22979.0  ms
success		1       82      5       13      5       0       9121.86   20      22979.0  ms
success		1       83      6       14      6       0       8347.86   19      22979.0  ms
success		1       84      8       0       7       0       8178.19   18      22979.0  ms
success		1       85      8       8       6       0       7731.15   17      22979.0  ms
success		1       86      10      15      8       0       6990.24   16      22979.0  ms
success		1       87      14      1       8       0       6939.63   15      22994.0  ms
success		1       88      27      10      7       0       6346.39   14      23041.0  ms
success		1       89      16      11      7       0       5940.63   13      23057.0  ms
success		1       90      66      8       7       0       4974.57   12      23181.0  ms
success		1       91      48      5       7       0       4640.96   11      23306.0  ms
cross iterater0
rand   	success		4605.54   4550.71   11      28329.0  ms cross
rand   	success		5201.40   5195.60   12      28360.0  ms cross
ab
ab6	1
fail		4344.30   4726.15   11      31948.0  ms
fail		4299.95   4736.90   11      35365.0  ms
cross iterater1
rand   	success		4757.84   4703.72   11      36145.0  ms cross
rand   	success		4647.79   4671.26   11      36285.0  ms cross
ab
ab6	3
cross iterater2
rand   	fail		4870.17   5318.48   12      39202.0  ms cross
rand   	success		4463.19   4443.62   11      41495.0  ms cross
ab
ab6	1
cross iterater3
ab
ab6	4
success		4083.84   4091.49   10      43726.0  ms
cross iterater4
ab
ab7	5
ab6	3
cross iterater5
rand   	success		4632.97   4725.62   11      44787.0  ms cross
rand   	success		4176.07   4056.12   10      48094.0  ms cross
ab
ab7	2
ab6	4
cross iterater6
rand   	success		4697.98   4718.36   11      50965.0  ms cross
rand   	fail		4396.04   4717.35   11      54475.0  ms cross
ab
ab7	5
ab6	0
fail		4094.59   4199.72   10      59014.0  ms
cross iterater7
rand   	fail		4389.66   4764.27   11      62945.0  ms cross
rand   	success		4119.34   4202.81   10      62945.0  ms cross
ab
ab7	5
fail		4293.28   4611.11   11      65862.0  ms
fail		4104.07   4229.70   10      69606.0  ms
cross iterater8
rand   	success		4036.32   4177.07   10      71837.0  ms cross
rand   	success		4676.88   4703.90   11      73943.0  ms cross
ab
ab7	4
fail		4125.33   4220.23   10      77905.0  ms
cross iterater9
rand   	fail		4354.68   4742.48   11      81946.0  ms cross
rand   	fail		4274.23   4621.45   11      86220.0  ms cross
ab
ab7	4
ab6	5
fail		4125.33   4220.23   10      89558.0  ms
cross iterater10
rand   	fail		4778.83   5241.09   12      93178.0  ms cross
rand   	
ab
ab7	4
ab6	3
cross iterater11
ab
ab7	5
fail		4018.52   4110.08   10      101290.0 ms
cross iterater12
rand   	success		4650.13   4797.44   11      101991.0 ms cross
rand   	success		4150.06   4147.34   10      102834.0 ms cross
ab
ab7	3
cross iterater13
rand   	success		4213.17   4203.94   10      106344.0 ms cross
rand   	success		4098.42   4186.52   10      106344.0 ms cross
ab
ab7	0
fail		4018.52   4110.08   10      109916.0 ms
fail		4098.42   4209.19   10      113005.0 ms
cross iterater14
rand   	fail		4414.87   4730.62   11      116952.0 ms cross
rand   	
ab
ab6	3
fail		4213.17   4280.21   10      125360.0 ms
cross iterater15
rand   	fail		4412.72   4764.33   11      128667.0 ms cross
rand   	success		4139.11   4216.15   10      129042.0 ms cross
ab
ab6	5
fail		4121.25   4287.06   10      132583.0 ms
fail		4075.89   4177.47   10      136654.0 ms
cross iterater16
rand   	fail		4405.43   4766.38   11      140351.0 ms cross
rand   	fail		4365.34   4734.92   11      145468.0 ms cross
ab
ab6	2
ab7	5
fail		4121.25   4287.06   10      150585.0 ms
cross iterater17
ab
ab6	3
fail		4098.42   4209.19   10      154812.0 ms
cross iterater18
rand   	success		4139.45   4041.07   10      155873.0 ms cross
rand   	
ab
ab6	5
cross iterater19
rand   	
rand   	
ab
ab7	5
ab6	0
fail		4135.13   4230.82   10      171582.0 ms
fail		4098.42   4209.19   10      174999.0 ms
fail		4139.45   4211.36   10      178555.0 ms
cross iterater20
rand   	success		4174.64   4133.64   10      178945.0 ms cross
rand   	success		4110.88   4126.89   10      181784.0 ms cross
ab
ab7	3
fail		4110.88   4251.04   10      185934.0 ms
cross iterater21
rand   	success		4161.46   4100.53   10      187650.0 ms cross
rand   	success		4185.48   4216.82   10      189038.0 ms cross
ab
ab7	3
ab6	2
cross iterater22
ab
ab7	4
ab6	5
fail		4112.78   4226.41   10      192798.0 ms
cross iterater23
rand   	fail		4212.21   4688.25   11      196542.0 ms cross
rand   	success		4196.02   4132.74   10      197821.0 ms cross
ab
ab7	4
ab6	5
fail		4174.64   4282.96   10      202298.0 ms
fail		4171.40   4236.23   10      206775.0 ms
cross iterater24
ab
ab6	5
ab7	2
fail		4111.58   4225.21   10      210566.0 ms
cross iterater25
rand   	success		4173.13   4077.72   10      211050.0 ms cross
rand   	success		4149.66   4190.75   10      213920.0 ms cross
ab
ab6	5
ab7	4
fail		4173.13   4258.12   10      218616.0 ms
fail		4160.91   4225.74   10      222765.0 ms
cross iterater26
rand   	fail		4330.94   4694.83   11      226743.0 ms cross
rand   	fail		4226.23   4720.14   11      230690.0 ms cross
ab
ab6	0
ab7	2
fail		4163.95   4272.14   10      235089.0 ms
fail		4181.19   4265.11   10      238786.0 ms
fail		4160.91   4225.74   10      241828.0 ms
cross iterater27
rand   	success		4064.68   3999.79   10      242561.0 ms cross
rand   	success		4025.13   3971.90   10      243747.0 ms cross
ab
ab6	4
ab7	2
cross iterater28
rand   	fail		4278.32   4702.10   11      247350.0 ms cross
rand   	fail		4367.56   4733.05   11      251266.0 ms cross
ab
ab7	3
ab6	0
fail		4064.68   4193.10   10      255790.0 ms
cross iterater29
ab
ab7	2
ab6	5
fail		4127.02   4256.28   10      260111.0 ms
fail		4142.88   4225.74   10      263559.0 ms
cross iterater30
rand   	
rand   	
ab
ab7	0
ab6	2
fail		4142.88   4225.74   10      270033.0 ms
fail		4025.13   4164.11   10      273231.0 ms
fail		4161.46   4226.29   10      275118.0 ms
fail		4142.88   4225.74   10      277879.0 ms
cross iterater31
rand   	
rand   	
ab
ab6	5
ab7	4
fail		4148.36   4241.60   10      284915.0 ms
fail		4112.35   4241.60   10      287146.0 ms
cross iterater32
rand   	
rand   	
ab
ab7	5
fail		4115.34   4157.58   10      294353.0 ms
fail		4017.84   4178.18   10      296568.0 ms
cross iterater33
rand   	fail		4277.01   4331.06   11      298767.0 ms cross
rand   	fail		4307.18   4679.82   11      301061.0 ms cross
ab
ab7	2
ab6	0
fail		4054.02   4219.83   10      303494.0 ms
fail		4115.34   4157.58   10      306115.0 ms
cross iterater34
ab
ab7	0
fail		4150.27   4239.63   10      308252.0 ms
fail		4025.13   4164.11   10      311590.0 ms
cross iterater35
rand   	fail		4287.59   4536.99   11      314430.0 ms cross
rand   	fail		4405.29   4751.63   11      316801.0 ms cross
ab
ab6	4
ab7	2
fail		4172.92   4254.50   10      319172.0 ms
cross iterater36
rand   	
rand   	fail		4318.02   4729.46   11      325271.0 ms cross
ab
ab7	0
fail		4059.01   4173.05   10      328033.0 ms
fail		4150.27   4239.63   10      330435.0 ms
fail		4025.13   4164.11   10      332323.0 ms
cross iterater37
rand   	fail		4399.58   4734.56   11      334975.0 ms cross
rand   	fail		4287.64   4715.25   11      336519.0 ms cross
ab
ab7	3
ab6	2
fail		4094.83   4176.42   10      338796.0 ms
fail		4067.33   4097.37   10      341105.0 ms
fail		4012.25   4230.44   10      343617.0 ms
cross iterater38
rand   	fail		4337.75   4701.06   11      345770.0 ms cross
rand   	success		4011.83   4009.04   10      345770.0 ms cross
ab
ab7	5
ab6	0
fail		4001.48   4159.14   10      349139.0 ms
fail		4042.24   4153.51   10      351526.0 ms
cross iterater39
rand   	
rand   	
ab
ab7	5
fail		4011.83   4038.66   10      359029.0 ms
cross iterater40
rand   	
rand   	fail		4337.04   4707.98   11      364053.0 ms cross
ab
ab7	5
fail		4198.50   4256.33   10      366408.0 ms
fail		4001.48   4159.14   10      369185.0 ms
cross iterater41
rand   	success		4140.96   3997.69   10      369263.0 ms cross
rand   	fail		4415.35   4772.65   11      372352.0 ms cross
ab
ab7	3
fail		4060.63   4147.66   10      374473.0 ms
cross iterater42
rand   	success		4233.32   4258.56   10      375456.0 ms cross
rand   	success		4029.41   4064.88   10      375456.0 ms cross
ab
ab7	0
fail		4140.96   4239.50   10      377281.0 ms
cross iterater43
rand   	fail		4383.86   4748.77   11      379652.0 ms cross
rand   	fail		4339.19   4760.33   11      382164.0 ms cross
ab
ab6	2
ab7	3
cross iterater44
rand   	fail		4300.50   4670.57   11      384722.0 ms cross
rand   	fail		4388.46   4780.67   11      386937.0 ms cross
ab
ab6	2
ab7	5
fail		4140.96   4239.50   10      389558.0 ms
cross iterater45
rand   	fail		4284.19   4630.47   11      392397.0 ms cross
rand   	success		4086.73   4212.28   10      392413.0 ms cross
ab
ab6	4
fail		4140.96   4239.50   10      394893.0 ms
cross iterater46
rand   	
rand   	
ab
ab6	3
fail		4134.35   4214.03   10      402522.0 ms
fail		4086.73   4232.93   10      404550.0 ms
cross iterater47
rand   	
rand   	
ab
ab6	4
fail		4134.35   4214.03   10      411492.0 ms
cross iterater48
rand   	
rand   	
ab
ab6	2
fail		4151.80   4286.05   10      417373.0 ms
fail		4133.59   4225.85   10      419853.0 ms
fail		4134.35   4214.03   10      422037.0 ms
fail		4086.73   4232.93   10      424190.0 ms
cross iterater49
rand   	
rand   	fail		4305.58   4422.37   11      427793.0 ms cross
ab
ab7	5
cross iterater50
rand   	fail		3934.62   4099.20   10      430804.0 ms cross
rand   	
ab
ab7	2
fail		4176.57   4279.20   10      434891.0 ms
fail		4117.40   4268.40   10      438042.0 ms
fail		3934.62   4099.20   10      440367.0 ms
cross iterater51
ab
ab7	0
fail		4117.40   4268.40   10      442535.0 ms
cross iterater52
rand   	
rand   	
ab
fail		4133.59   4225.85   10      449103.0 ms
cross iterater53
rand   	fail		4315.77   4744.29   11      451755.0 ms cross
rand   	success		4148.45   4089.68   10      453424.0 ms cross
ab
ab6	4
fail		4168.72   4215.04   10      455327.0 ms
cross iterater54
rand   	success		4188.95   4099.17   10      455748.0 ms cross
rand   	success		4084.00   4045.16   10      456559.0 ms cross
ab
ab6	1
cross iterater55
rand   	
rand   	
ab
ab6	5
ab7	4
fail		4084.00   4212.50   10      463033.0 ms
fail		4168.72   4215.04   10      465295.0 ms
cross iterater56
rand   	
rand   	
ab
ab6	4
ab7	2
fail		4127.18   4175.25   10      471972.0 ms
fail		4084.00   4212.50   10      474218.0 ms
fail		4188.95   4239.30   10      476090.0 ms
cross iterater57
ab
ab6	3
ab7	5
fail		4165.09   4245.19   10      478383.0 ms
cross iterater58
ab
ab6	3
cross iterater59
rand   	fail		4379.45   4729.80   11      480583.0 ms cross
rand   	fail		4252.31   4656.44   11      482471.0 ms cross
ab
ab6	3
ab7	5
fail		4201.33   4270.93   10      484218.0 ms
cross iterater60
rand   	fail		4153.10   4663.15   11      486261.0 ms cross
rand   	fail		4390.92   4750.37   11      488211.0 ms cross
ab
ab6	2
ab7	0
fail		4158.86   4214.36   10      490130.0 ms
fail		4201.33   4270.93   10      491830.0 ms
cross iterater61
rand   	
rand   	
ab
ab7	4
fail		4214.06   4282.20   10      498804.0 ms
fail		4090.15   4193.48   10      500769.0 ms
fail		4190.17   4253.21   10      503078.0 ms
cross iterater62
rand   	success		4087.65   4132.97   10      503078.0 ms cross
rand   	fail		4335.47   4711.07   11      505324.0 ms cross
ab
ab6	2
cross iterater63
rand   	
rand   	fail		4304.15   4719.62   11      509786.0 ms cross
ab
ab6	0
fail		3923.36   4127.65   10      512843.0 ms
fail		4190.17   4253.21   10      514903.0 ms
cross iterater64
rand   	
rand   	
ab
ab7	5
fail		4157.59   4213.09   10      521829.0 ms
cross iterater65
rand   	success		4142.53   4179.52   10      522359.0 ms cross
rand   	fail		4353.25   4717.54   11      524684.0 ms cross
ab
ab7	2
ab6	5
cross iterater66
rand   	
rand   	
ab
ab7	2
ab6	4
cross iterater67
ab
ab7	5
cross iterater68
rand   	fail		4319.86   4729.38   11      530690.0 ms cross
rand   	fail		4260.65   4745.56   11      532577.0 ms cross
ab
ab7	4
ab6	1
cross iterater69
rand   	success		4165.33   4177.94   10      532577.0 ms cross
rand   	fail		4399.29   4750.32   11      534917.0 ms cross
ab
ab6	3
fail		4129.96   4250.35   10      536945.0 ms
cross iterater70
rand   	
rand   	
ab
ab6	3
ab7	1
fail		4129.96   4250.35   10      543918.0 ms
fail		4146.24   4251.52   10      545899.0 ms
cross iterater71
rand   	
rand   	
ab
ab6	2
ab7	5
fail		4104.97   4173.62   10      552514.0 ms
cross iterater72
rand   	fail		4319.12   4718.53   11      554448.0 ms cross
rand   	fail		4374.25   4721.05   11      556008.0 ms cross
ab
ab6	4
ab7	5
fail		4093.85   4194.01   10      558208.0 ms
cross iterater73
rand   	
rand   	
ab
ab6	1
ab7	5
fail		4213.12   4284.11   10      565025.0 ms
cross iterater74
rand   	
rand   	
ab
ab6	0
ab7	5
fail		4120.20   4188.85   10      572357.0 ms
cross iterater75
rand   	
rand   	
ab
ab6	5
ab7	2
fail		4148.23   4215.66   10      579345.0 ms
fail		4165.33   4240.11   10      581826.0 ms
cross iterater76
rand   	
rand   	
ab
ab6	2
ab7	3
fail		4186.62   4272.63   10      588300.0 ms
fail		4081.73   4165.69   10      590874.0 ms
fail		4134.12   4252.29   10      593432.0 ms
cross iterater77
rand   	fail		3897.65   4097.50   10      596443.0 ms cross
rand   	
ab
ab7	0
fail		4179.57   4252.97   10      600312.0 ms
fail		3897.65   4097.50   10      602683.0 ms
cross iterater78
ab
ab6	3
ab7	2
fail		4081.73   4165.69   10      605335.0 ms
cross iterater79
rand   	
rand   	
ab
ab6	5
cross iterater80
rand   	fail		4343.63   4726.29   11      613275.0 ms cross
rand   	success		4041.58   4163.84   10      613291.0 ms cross
ab
ab6	2
cross iterater81
rand   	success		4202.89   4120.49   10      614882.0 ms cross
rand   	fail		4336.50   4751.46   11      617003.0 ms cross
ab
ab6	1
cross iterater82
ab
ab6	3
ab7	5
cross iterater83
rand   	fail		4342.14   4676.61   11      619312.0 ms cross
rand   	fail		4341.25   4747.56   11      621309.0 ms cross
ab
ab6	5
ab7	4
fail		4139.27   4239.94   10      623259.0 ms
cross iterater84
rand   	fail		4378.95   4725.59   11      625380.0 ms cross
rand   	fail		4401.26   4768.63   11      627674.0 ms cross
ab
ab6	2
ab7	1
fail		4119.73   4212.49   10      630123.0 ms
fail		4109.66   4171.35   10      631870.0 ms
fail		4118.98   4180.98   10      633789.0 ms
cross iterater85
rand   	
rand   	
ab
ab7	5
cross iterater86
rand   	fail		4197.46   4633.24   11      640606.0 ms cross
rand   	
ab
ab7	1
cross iterater87
rand   	fail		4325.83   4632.62   11      645005.0 ms cross
rand   	success		4086.10   4114.14   10      645005.0 ms cross
ab
ab7	5
cross iterater88
rand   	
rand   	fail		4332.55   4745.83   11      649264.0 ms cross
ab
ab7	5
fail		4080.82   4237.42   10      651385.0 ms
cross iterater89
rand   	success		4034.28   4078.42   10      651401.0 ms cross
rand   	success		4206.11   4155.10   10      651744.0 ms cross
ab
ab7	5
fail		4050.34   4213.79   10      654006.0 ms
cross iterater90
rand   	fail		4368.12   4722.86   11      656252.0 ms cross
rand   	fail		4333.13   4758.06   11      658468.0 ms cross
ab
ab7	4
ab6	3
fail		4206.11   4235.20   10      661010.0 ms
cross iterater91
rand   	
rand   	
ab
ab7	2
ab6	1
fail		4090.71   4187.16   10      667968.0 ms
cross iterater92
rand   	fail		4274.09   4676.56   11      670058.0 ms cross
rand   	fail		4378.71   4700.50   11      672726.0 ms cross
ab
ab7	4
ab6	2
fail		4117.29   4180.98   10      674426.0 ms
fail		4085.92   4135.56   10      676314.0 ms
fail		4050.34   4213.79   10      678576.0 ms
cross iterater93
rand   	success		4146.96   4167.76   10      678716.0 ms cross
rand   	fail		4364.23   4734.11   11      681165.0 ms cross
ab
ab7	2
ab6	3
fail		4085.92   4135.56   10      683786.0 ms
fail		4117.29   4180.98   10      686251.0 ms
cross iterater94
rand   	fail		4330.57   4737.00   11      688731.0 ms cross
rand   	fail		4343.23   4688.04   11      690603.0 ms cross
ab
ab7	1
ab6	4
fail		4095.94   4160.78   10      692678.0 ms
fail		4085.92   4135.56   10      694519.0 ms
cross iterater95
ab
ab7	3
ab6	4
cross iterater96
ab
ab7	5
cross iterater97
rand   	
rand   	
ab
ab7	4
cross iterater98
rand   	fail		4336.46   4729.36   11      700759.0 ms cross
rand   	fail		4339.57   4720.40   11      702849.0 ms cross
ab
ab7	1
ab6	3
fail		4134.64   4190.53   10      705017.0 ms
cross iterater99
rand   	fail		4346.75   4736.49   11      707513.0 ms cross
rand   	
ab
ab7	5
ab6	0

R.size:10

1		132	155	63	25	3	50	11	130	160	117	61	180	195	86	131	66	158	79	143	176	14	1	103	134	
2		91	67	44	137	36	68	5	206	64	27	109	28	116	55	18	201	172	133	49	75	41	7	
3		107	147	135	199	93	80	182	150	9	175	188	166	33	144	193	186	179	153	190	167	72	157	
4		140	196	73	203	59	88	152	99	183	128	98	20	163	104	136	6	102	189	77	198	173	100	10	90	52	57	97	24	
5		45	138	30	83	34	62	194	13	38	84	32	118	111	112	48	185	187	148	31	154	
6		56	15	184	71	70	129	54	164	125	65	85	204	43	191	94	96	29	110	151	4	60	81	
7		101	21	26	126	168	161	192	53	76	17	16	170	8	2	200	40	35	119	197	202	
8		108	37	106	89	174	22	82	47	12	58	19	178	95	23	205	177	127	114	74	141	46	39	
9		105	145	121	169	92	78	122	162	171	146	181	69	165	113	139	123	51	156	120	124	149	87	
10		115	142	159	42	

data1/pdp200/LR1_2_8.txt
total_cost 3897.648329

