success		1       0       1       70      1       0       74371.15  100     16.0     ms
success		1       1       1       47      1       0       74239.02  99      16.0     ms
success		1       2       1       86      1       0       73894.90  98      16.0     ms
success		1       3       1       91      1       0       73605.70  97      16.0     ms
success		1       4       1       20      1       0       73434.05  96      16.0     ms
success		1       5       1       88      1       0       73014.76  95      16.0     ms
success		1       6       1       83      1       0       72793.20  94      16.0     ms
success		1       7       1       1       1       0       72538.45  93      16.0     ms
success		1       8       1       10      1       0       72184.36  92      16.0     ms
success		1       9       1       17      1       0       72030.03  91      16.0     ms
success		1       10      2       76      2       0       71827.82  90      16.0     ms
success		1       11      1       81      1       0       71682.34  89      16.0     ms
success		1       12      2       73      2       0       71374.86  88      16.0     ms
success		1       13      1       56      1       0       71143.35  87      16.0     ms
success		1       14      1       44      1       0       70909.89  86      16.0     ms
success		1       15      1       61      1       0       70364.13  85      16.0     ms
success		1       16      1       43      1       0       70121.81  84      16.0     ms
success		1       17      1       70      1       0       69654.35  83      16.0     ms
success		1       18      1       34      1       0       69533.60  82      16.0     ms
success		1       19      1       39      1       0       68078.43  81      16.0     ms
success		1       20      2       80      2       0       66725.03  80      16.0     ms
success		1       21      1       60      1       0       66554.82  79      16.0     ms
success		1       22      1       24      1       0       66072.92  78      16.0     ms
success		1       23      1       67      1       0       65290.27  77      16.0     ms
success		1       24      1       1       1       0       64925.16  76      16.0     ms
success		1       25      1       5       1       0       64443.50  75      31.0     ms
success		1       26      1       2       1       0       64327.62  74      31.0     ms
success		1       27      1       28      1       0       63140.68  73      31.0     ms
success		1       28      1       58      1       0       62886.65  72      31.0     ms
success		1       29      2       20      2       0       62621.16  71      31.0     ms
success		1       30      1       49      1       0       62407.64  70      31.0     ms
success		1       31      2       25      2       0       61175.92  69      31.0     ms
success		1       32      1       24      1       0       60438.45  68      31.0     ms
success		1       33      2       40      2       0       60214.09  67      31.0     ms
success		1       34      1       12      1       0       60077.62  66      31.0     ms
success		1       35      1       57      1       0       59407.09  65      31.0     ms
success		1       36      1       58      1       0       59300.94  64      31.0     ms
success		1       37      2       62      2       0       58770.93  63      31.0     ms
success		1       38      1       62      1       0       58481.30  62      31.0     ms
success		1       39      2       42      2       0       58382.16  61      31.0     ms
success		1       40      2       18      2       0       58309.14  60      31.0     ms
success		1       41      2       32      2       0       56819.44  59      31.0     ms
success		1       42      1       18      1       0       55936.20  58      31.0     ms
success		1       43      2       39      2       0       55589.83  57      31.0     ms
success		1       44      2       44      2       0       54181.72  56      31.0     ms
success		1       45      2       52      2       0       53638.67  55      31.0     ms
success		1       46      1       4       1       0       52756.06  54      31.0     ms
success		1       47      3       3       3       0       52188.69  53      31.0     ms
success		1       48      1       51      1       0       52109.06  52      31.0     ms
success		1       49      2       19      2       0       51399.14  51      31.0     ms
success		1       50      1       4       1       0       50858.98  50      31.0     ms
success		1       51      3       34      3       0       49853.87  49      31.0     ms
success		1       52      1       10      1       0       49613.57  48      31.0     ms
success		1       53      4       27      4       0       49723.65  47      31.0     ms
success		1       54      1       23      1       0       49698.88  46      31.0     ms
success		1       55      1       21      1       0       48818.27  45      31.0     ms
success		1       56      2       28      2       0       48328.89  44      31.0     ms
success		1       57      1       12      1       0       47973.60  43      31.0     ms
success		1       58      1       32      1       0       47017.74  42      31.0     ms
success		1       59      4       21      4       0       45983.78  41      31.0     ms
success		1       60      2       14      2       0       44314.61  40      31.0     ms
success		1       61      3       25      3       0       42865.68  39      31.0     ms
success		1       62      3       31      3       0       41697.09  38      31.0     ms
success		1       63      2       35      2       0       41311.70  37      31.0     ms
success		1       64      3       3       3       0       39676.97  36      31.0     ms
success		1       65      3       21      3       0       39166.68  35      31.0     ms
success		1       66      3       32      3       0       38142.13  34      31.0     ms
success		1       67      2       25      2       0       37643.92  33      31.0     ms
success		1       68      3       7       3       0       37189.31  32      31.0     ms
success		1       69      4       8       4       0       36371.65  31      31.0     ms
success		1       70      4       4       4       0       35734.05  30      31.0     ms
success		1       71      4       16      4       0       35874.94  29      31.0     ms
success		1       72      5       5       5       0       35386.04  28      31.0     ms
success		1       73      4       6       4       0       34904.59  27      31.0     ms
success		1       74      5       13      5       0       34042.99  26      47.0     ms
success		1       75      2       14      2       0       32696.02  25      47.0     ms
success		1       76      6       1       6       0       31265.43  24      47.0     ms
success		1       77      4       18      4       0       31231.71  23      47.0     ms
success		1       78      3       11      3       0       29809.80  22      47.0     ms
success		1       79      4       6       4       0       28742.85  21      47.0     ms
success		1       80      7       4       7       0       27946.37  20      47.0     ms
success		1       81      6       1       6       0       26846.99  19      47.0     ms
success		1       82      8       0       8       0       25664.90  18      47.0     ms
success		1       83      4       6       4       0       24955.44  17      47.0     ms
success		1       84      7       0       6       0       25360.90  16      47.0     ms
success		1       85      7       2       7       0       23335.92  15      47.0     ms
success		1       86      7       9       7       0       21107.40  14      47.0     ms
success		1       87      9       11      7       0       21636.57  13      47.0     ms
success		1       88      13      7       8       0       19264.79  12      94.0     ms
success		1       89      8       3       8       0       17587.14  11      94.0     ms
success		1       90      11      3       6       0       16454.61  10      172.0    ms
success		1       91      12      3       9       0       15032.01  9       172.0    ms
success		1       92      35      8       10      0       13373.92  8       359.0    ms
success		1       93      88      4       12      0       11956.91  7       1139.0   ms
success		1       0       1       98      1       0       87516.65  100     29749.0  ms
success		1       1       1       94      1       0       86001.99  99      29749.0  ms
success		1       2       1       83      1       0       85523.42  98      29749.0  ms
success		1       3       1       80      1       0       85120.60  97      29749.0  ms
success		1       4       1       63      1       0       84005.38  96      29749.0  ms
success		1       5       1       49      1       0       83462.69  95      29749.0  ms
success		1       6       1       24      1       0       82673.68  94      29749.0  ms
success		1       7       1       93      1       0       82295.71  93      29749.0  ms
success		1       8       1       51      1       0       81335.39  92      29749.0  ms
success		1       9       1       60      1       0       80864.94  91      29749.0  ms
success		1       10      1       55      1       0       80232.21  90      29749.0  ms
success		1       11      1       41      1       0       79339.41  89      29749.0  ms
success		1       12      1       66      1       0       79129.59  88      29749.0  ms
success		1       13      1       87      1       0       78656.25  87      29749.0  ms
success		1       14      2       72      2       0       78922.72  86      29749.0  ms
success		1       15      1       21      1       0       78533.81  85      29749.0  ms
success		1       16      1       61      1       0       77545.76  84      29749.0  ms
success		1       17      1       48      1       0       76144.44  83      29749.0  ms
success		1       18      1       23      1       0       75606.93  82      29749.0  ms
success		1       19      1       7       1       0       75131.94  81      29749.0  ms
success		1       20      1       62      1       0       74645.13  80      29749.0  ms
success		1       21      1       69      1       0       73887.75  79      29749.0  ms
success		1       22      2       34      2       0       71986.98  78      29749.0  ms
success		1       23      1       74      1       0       71646.11  77      29749.0  ms
success		1       24      1       67      1       0       71387.28  76      29749.0  ms
success		1       25      1       49      1       0       69985.60  75      29749.0  ms
success		1       26      1       37      1       0       69518.02  74      29749.0  ms
success		1       27      1       50      1       0       68691.31  73      29749.0  ms
success		1       28      2       71      2       0       68981.19  72      29749.0  ms
success		1       29      1       50      1       0       68647.63  71      29749.0  ms
success		1       30      2       14      2       0       67895.38  70      29749.0  ms
success		1       31      1       61      1       0       67321.40  69      29749.0  ms
success		1       32      2       51      2       0       66581.03  68      29749.0  ms
success		1       33      2       7       2       0       64755.90  67      29749.0  ms
success		1       34      2       54      2       0       64453.22  66      29749.0  ms
success		1       35      3       59      3       0       63378.95  65      29749.0  ms
success		1       36      1       21      1       0       62932.99  64      29749.0  ms
success		1       37      1       38      1       0       61460.83  63      29749.0  ms
success		1       38      2       21      2       0       61206.58  62      29749.0  ms
success		1       39      2       55      2       0       60743.25  61      29749.0  ms
success		1       40      1       32      1       0       60066.95  60      29749.0  ms
success		1       41      1       47      1       0       58760.83  59      29749.0  ms
success		1       42      1       38      1       0       57229.89  58      29749.0  ms
success		1       43      2       16      2       0       56589.96  57      29749.0  ms
success		1       44      2       20      2       0       55189.36  56      29749.0  ms
success		1       45      1       39      1       0       54713.88  55      29749.0  ms
success		1       46      1       16      1       0       54458.98  54      29749.0  ms
success		1       47      1       40      1       0       53755.77  53      29749.0  ms
success		1       48      2       20      2       0       52971.62  52      29749.0  ms
success		1       49      2       12      2       0       51551.19  51      29749.0  ms
success		1       50      6       23      6       0       51880.84  50      29749.0  ms
success		1       51      2       45      2       0       51441.05  49      29749.0  ms
success		1       52      2       19      2       0       50713.71  48      29749.0  ms
success		1       53      2       47      2       0       50053.01  47      29749.0  ms
success		1       54      3       4       3       0       48828.63  46      29749.0  ms
success		1       55      1       40      1       0       48171.11  45      29749.0  ms
success		1       56      3       4       3       0       47076.92  44      29749.0  ms
success		1       57      3       26      3       0       47142.59  43      29749.0  ms
success		1       58      5       1       5       0       46957.03  42      29749.0  ms
success		1       59      5       13      5       0       46021.74  41      29749.0  ms
success		1       60      2       25      2       0       44442.20  40      29749.0  ms
success		1       61      2       18      2       0       43475.69  39      29749.0  ms
success		1       62      1       25      1       0       42231.27  38      29749.0  ms
success		1       63      3       2       3       0       42094.47  37      29749.0  ms
success		1       64      2       16      2       0       40880.91  36      29749.0  ms
success		1       65      4       13      4       0       40368.47  35      29749.0  ms
success		1       66      3       26      3       0       42177.17  34      29749.0  ms
success		1       67      2       16      2       0       41310.07  33      29764.0  ms
success		1       68      5       4       5       0       42176.54  32      29764.0  ms
success		1       69      2       23      2       0       41402.96  31      29764.0  ms
success		1       70      1       17      1       0       40090.33  30      29764.0  ms
success		1       71      4       6       4       0       39778.02  29      29764.0  ms
success		1       72      2       27      2       0       38203.54  28      29764.0  ms
success		1       73      3       0       3       0       36274.90  27      29764.0  ms
success		1       74      4       22      4       0       35265.93  26      29764.0  ms
success		1       75      4       25      4       0       34458.83  25      29764.0  ms
success		1       76      5       7       5       0       32882.08  24      29764.0  ms
success		1       77      7       7       7       0       31196.24  23      29764.0  ms
success		1       78      2       22      2       0       30242.38  22      29764.0  ms
success		1       79      7       20      7       0       29443.76  21      29764.0  ms
success		1       80      7       15      7       0       29251.84  20      29764.0  ms
success		1       81      3       13      3       0       27832.52  19      29764.0  ms
success		1       82      5       8       5       0       26427.50  18      29764.0  ms
success		1       83      3       9       3       0       25133.21  17      29764.0  ms
success		1       84      5       14      5       0       23684.72  16      29764.0  ms
success		1       85      5       0       5       0       22330.29  15      29764.0  ms
success		1       86      8       5       8       0       21118.91  14      29764.0  ms
success		1       87      8       9       8       0       20046.28  13      29764.0  ms
success		1       88      6       8       5       0       18058.68  12      29764.0  ms
success		1       89      14      2       8       0       17032.07  11      29780.0  ms
success		1       90      15      10      8       0       15890.86  10      29811.0  ms
success		1       91      30      1       13      0       14249.24  9       29905.0  ms
success		1       92      88      7       12      0       13345.17  8       30466.0  ms
success		1       93      217     2       10      0       11320.23  7       32853.0  ms
success		1       0       1       69      1       0       88205.15  100     46191.0  ms
success		1       1       1       5       1       0       87792.14  99      46191.0  ms
success		1       2       1       12      1       0       87333.40  98      46191.0  ms
success		1       3       1       43      1       0       86120.21  97      46191.0  ms
success		1       4       1       92      1       0       84857.04  96      46191.0  ms
success		1       5       1       34      1       0       83331.41  95      46191.0  ms
success		1       6       1       81      1       0       82617.86  94      46191.0  ms
success		1       7       1       58      1       0       81788.55  93      46191.0  ms
success		1       8       1       46      1       0       81253.03  92      46191.0  ms
success		1       9       1       71      1       0       80947.64  91      46191.0  ms
success		1       10      1       27      1       0       79512.64  90      46191.0  ms
success		1       11      1       41      1       0       78782.76  89      46191.0  ms
success		1       12      1       52      1       0       78381.60  88      46191.0  ms
success		1       13      1       58      1       0       77662.67  87      46191.0  ms
success		1       14      1       51      1       0       77142.45  86      46191.0  ms
success		1       15      1       56      1       0       76781.20  85      46191.0  ms
success		1       16      1       39      1       0       76221.87  84      46191.0  ms
success		1       17      1       32      1       0       75663.06  83      46191.0  ms
success		1       18      1       43      1       0       75140.36  82      46191.0  ms
success		1       19      1       31      1       0       74550.31  81      46191.0  ms
success		1       20      1       28      1       0       73830.67  80      46191.0  ms
success		1       21      1       42      1       0       71989.44  79      46191.0  ms
success		1       22      1       8       1       0       71519.93  78      46191.0  ms
success		1       23      1       20      1       0       71191.53  77      46191.0  ms
success		1       24      1       18      1       0       70816.40  76      46191.0  ms
success		1       25      2       50      2       0       69284.28  75      46191.0  ms
success		1       26      1       25      1       0       68557.01  74      46191.0  ms
success		1       27      2       1       2       0       67187.23  73      46191.0  ms
success		1       28      1       36      1       0       66145.52  72      46191.0  ms
success		1       29      1       13      1       0       65537.37  71      46191.0  ms
success		1       30      1       47      1       0       63821.97  70      46191.0  ms
success		1       31      1       9       1       0       63669.85  69      46191.0  ms
success		1       32      1       16      1       0       62851.77  68      46191.0  ms
success		1       33      1       50      1       0       62351.01  67      46191.0  ms
success		1       34      2       34      2       0       61306.20  66      46191.0  ms
success		1       35      3       29      3       0       60856.92  65      46191.0  ms
success		1       36      1       55      1       0       60564.85  64      46191.0  ms
success		1       37      1       41      1       0       58745.83  63      46191.0  ms
success		1       38      3       54      3       0       58599.36  62      46191.0  ms
success		1       39      1       3       1       0       58099.39  61      46191.0  ms
success		1       40      2       14      2       0       57747.03  60      46191.0  ms
success		1       41      2       55      2       0       56964.89  59      46191.0  ms
success		1       42      2       5       2       0       56413.50  58      46191.0  ms
success		1       43      1       3       1       0       56052.55  57      46191.0  ms
success		1       44      2       4       2       0       55482.56  56      46191.0  ms
success		1       45      1       31      1       0       54282.70  55      46191.0  ms
success		1       46      4       51      4       0       54956.70  54      46191.0  ms
success		1       47      2       39      2       0       54338.17  53      46191.0  ms
success		1       48      2       22      2       0       53134.44  52      46191.0  ms
success		1       49      2       30      2       0       52763.19  51      46191.0  ms
success		1       50      1       21      1       0       52213.47  50      46191.0  ms
success		1       51      1       11      1       0       51606.45  49      46191.0  ms
success		1       52      2       18      2       0       50656.24  48      46191.0  ms
success		1       53      1       39      1       0       49779.93  47      46191.0  ms
success		1       54      3       46      3       0       49116.07  46      46191.0  ms
success		1       55      4       33      4       0       48163.02  45      46191.0  ms
success		1       56      1       18      1       0       47496.53  44      46191.0  ms
success		1       57      3       19      3       0       46512.52  43      46191.0  ms
success		1       58      1       33      1       0       46273.76  42      46191.0  ms
success		1       59      2       35      2       0       45551.82  41      46191.0  ms
success		1       60      2       18      2       0       44464.31  40      46191.0  ms
success		1       61      5       27      5       0       43730.04  39      46191.0  ms
success		1       62      2       29      2       0       43261.51  38      46191.0  ms
success		1       63      4       12      4       0       42146.53  37      46191.0  ms
success		1       64      5       17      5       0       40720.19  36      46191.0  ms
success		1       65      2       7       2       0       40432.36  35      46191.0  ms
success		1       66      3       20      3       0       39728.54  34      46191.0  ms
success		1       67      2       7       2       0       38677.46  33      46191.0  ms
success		1       68      4       25      4       0       38427.87  32      46191.0  ms
success		1       69      5       27      5       0       37485.19  31      46191.0  ms
success		1       70      5       8       5       0       36413.66  30      46191.0  ms
success		1       71      2       26      2       0       35745.44  29      46191.0  ms
success		1       72      6       10      6       0       34905.14  28      46191.0  ms
success		1       73      2       20      2       0       34467.64  27      46191.0  ms
success		1       74      5       22      5       0       33248.31  26      46191.0  ms
success		1       75      4       0       4       0       33178.18  25      46191.0  ms
success		1       76      5       21      5       0       32061.59  24      46191.0  ms
success		1       77      2       16      2       0       31101.97  23      46191.0  ms
success		1       78      3       13      3       0       30576.91  22      46191.0  ms
success		1       79      3       12      3       0       28648.44  21      46191.0  ms
success		1       80      5       4       5       0       27251.80  20      46191.0  ms
success		1       81      7       17      7       0       25601.78  19      46191.0  ms
success		1       82      5       0       5       0       24871.93  18      46191.0  ms
success		1       83      3       17      3       0       23998.85  17      46191.0  ms
success		1       84      4       5       4       0       23122.76  16      46191.0  ms
success		1       85      7       12      6       0       22643.36  15      46207.0  ms
success		1       86      6       8       6       0       20873.76  14      46207.0  ms
success		1       87      7       1       7       0       18990.10  13      46207.0  ms
success		1       88      4       5       4       0       17397.13  12      46207.0  ms
success		1       89      15      2       11      0       16922.38  11      46207.0  ms
success		1       90      12      5       8       0       16028.60  10      46222.0  ms
success		1       91      12      4       10      0       14416.21  9       46238.0  ms
success		1       92      32      8       16      0       12371.12  8       46347.0  ms
success		1       93      219     7       14      0       11345.21  7       47845.0  ms
success		1       0       1       47      1       0       88794.53  100     65379.0  ms
success		1       1       1       65      1       0       88436.30  99      65379.0  ms
success		1       2       1       59      1       0       87982.79  98      65379.0  ms
success		1       3       1       44      1       0       86453.54  97      65379.0  ms
success		1       4       1       3       1       0       86194.45  96      65379.0  ms
success		1       5       1       6       1       0       85489.69  95      65379.0  ms
success		1       6       1       86      1       0       84273.88  94      65379.0  ms
success		1       7       1       36      1       0       83820.13  93      65379.0  ms
success		1       8       1       43      1       0       83118.31  92      65379.0  ms
success		1       9       1       58      1       0       82660.58  91      65379.0  ms
success		1       10      2       87      2       0       82242.17  90      65379.0  ms
success		1       11      2       19      2       0       81350.32  89      65379.0  ms
success		1       12      1       12      1       0       80908.63  88      65379.0  ms
success		1       13      2       1       2       0       80237.01  87      65379.0  ms
success		1       14      2       47      2       0       79195.67  86      65379.0  ms
success		1       15      1       40      1       0       78521.96  85      65379.0  ms
success		1       16      1       7       1       0       77642.35  84      65379.0  ms
success		1       17      1       11      1       0       77455.89  83      65379.0  ms
success		1       18      1       27      1       0       76698.59  82      65379.0  ms
success		1       19      2       52      2       0       76023.55  81      65379.0  ms
success		1       20      2       30      2       0       75523.78  80      65379.0  ms
success		1       21      1       4       1       0       74919.44  79      65379.0  ms
success		1       22      1       16      1       0       74430.80  78      65379.0  ms
success		1       23      1       32      1       0       73396.39  77      65379.0  ms
success		1       24      2       47      2       0       72735.18  76      65379.0  ms
success		1       25      1       59      1       0       72386.14  75      65379.0  ms
success		1       26      2       16      2       0       71916.92  74      65379.0  ms
success		1       27      1       6       1       0       71317.95  73      65379.0  ms
success		1       28      1       12      1       0       71176.55  72      65379.0  ms
success		1       29      3       66      3       0       70640.59  71      65379.0  ms
success		1       30      1       30      1       0       69209.69  70      65379.0  ms
success		1       31      2       4       2       0       68903.60  69      65379.0  ms
success		1       32      1       36      1       0       67513.53  68      65379.0  ms
success		1       33      2       53      2       0       67213.39  67      65379.0  ms
success		1       34      1       22      1       0       65853.16  66      65379.0  ms
success		1       35      1       64      1       0       64515.10  65      65379.0  ms
success		1       36      4       48      4       0       63786.66  64      65379.0  ms
success		1       37      1       0       1       0       63388.03  63      65379.0  ms
success		1       38      1       30      1       0       61667.44  62      65379.0  ms
success		1       39      1       23      1       0       60876.41  61      65379.0  ms
success		1       40      1       20      1       0       59504.98  60      65379.0  ms
success		1       41      1       8       1       0       58493.17  59      65379.0  ms
success		1       42      1       57      1       0       56914.08  58      65379.0  ms
success		1       43      2       25      2       0       55924.38  57      65379.0  ms
success		1       44      1       32      1       0       55428.88  56      65379.0  ms
success		1       45      1       27      1       0       55028.74  55      65379.0  ms
success		1       46      3       15      3       0       54552.14  54      65379.0  ms
success		1       47      2       34      2       0       52933.26  53      65379.0  ms
success		1       48      1       42      1       0       52620.20  52      65379.0  ms
success		1       49      4       7       4       0       52420.42  51      65379.0  ms
success		1       50      4       45      4       0       52682.28  50      65379.0  ms
success		1       51      3       34      3       0       51993.23  49      65379.0  ms
success		1       52      1       11      1       0       51618.94  48      65379.0  ms
success		1       53      3       25      3       0       51006.92  47      65379.0  ms
success		1       54      2       36      2       0       50462.12  46      65379.0  ms
success		1       55      2       39      2       0       50145.16  45      65379.0  ms
success		1       56      5       6       5       0       48878.34  44      65379.0  ms
success		1       57      2       26      2       0       48111.45  43      65379.0  ms
success		1       58      3       33      3       0       47921.57  42      65379.0  ms
success		1       59      3       16      3       0       47648.68  41      65379.0  ms
success		1       60      4       0       4       0       47389.23  40      65379.0  ms
success		1       61      1       26      1       0       46131.58  39      65379.0  ms
success		1       62      2       21      2       0       44900.69  38      65379.0  ms
success		1       63      1       23      1       0       44565.97  37      65379.0  ms
success		1       64      3       20      3       0       44639.51  36      65379.0  ms
success		1       65      1       16      1       0       44281.16  35      65379.0  ms
success		1       66      2       15      2       0       42946.82  34      65379.0  ms
success		1       67      3       11      3       0       41842.46  33      65379.0  ms
success		1       68      3       9       3       0       40159.53  32      65379.0  ms
success		1       69      4       10      4       0       39356.43  31      65379.0  ms
success		1       70      4       10      4       0       37888.43  30      65379.0  ms
success		1       71      2       23      2       0       36978.69  29      65379.0  ms
success		1       72      2       20      2       0       35416.01  28      65379.0  ms
success		1       73      3       1       3       0       34850.02  27      65379.0  ms
success		1       74      1       3       1       0       33559.44  26      65379.0  ms
success		1       75      3       4       3       0       33046.42  25      65379.0  ms
success		1       76      4       8       4       0       32055.45  24      65379.0  ms
success		1       77      3       14      3       0       31175.51  23      65379.0  ms
success		1       78      4       9       4       0       29517.76  22      65379.0  ms
success		1       79      5       14      5       0       28598.01  21      65379.0  ms
success		1       80      9       4       9       0       28037.77  20      65379.0  ms
success		1       81      7       17      7       0       26679.30  19      65379.0  ms
success		1       82      9       1       9       0       25680.59  18      65379.0  ms
success		1       83      5       3       5       0       24988.06  17      65379.0  ms
success		1       84      7       3       7       0       24070.41  16      65379.0  ms
success		1       85      6       13      6       0       22906.40  15      65379.0  ms
success		1       86      7       8       7       0       21847.49  14      65379.0  ms
success		1       87      7       4       6       0       19876.28  13      65394.0  ms
success		1       88      6       4       5       0       18504.99  12      65394.0  ms
success		1       89      9       10      9       0       17408.53  11      65394.0  ms
success		1       90      11      2       9       0       15866.37  10      65394.0  ms
success		1       91      20      0       10      0       15149.89  9       65410.0  ms
success		1       92      39      5       13      0       12846.81  8       65535.0  ms
success		1       93      185     3       12      0       11942.42  7       66580.0  ms
success		1       0       1       18      1       0       88266.13  100     78779.0  ms
success		1       1       1       44      1       0       87543.19  99      78779.0  ms
success		1       2       1       49      1       0       86086.38  98      78779.0  ms
success		1       3       1       73      1       0       85434.73  97      78779.0  ms
success		1       4       1       12      1       0       85285.50  96      78779.0  ms
success		1       5       1       44      1       0       84750.53  95      78779.0  ms
success		1       6       1       92      1       0       83009.43  94      78779.0  ms
success		1       7       1       15      1       0       82866.36  93      78779.0  ms
success		1       8       1       43      1       0       82308.02  92      78779.0  ms
success		1       9       1       50      1       0       82058.02  91      78779.0  ms
success		1       10      1       84      1       0       81357.86  90      78779.0  ms
success		1       11      1       39      1       0       80710.83  89      78779.0  ms
success		1       12      1       49      1       0       80065.45  88      78779.0  ms
success		1       13      1       7       1       0       79360.69  87      78779.0  ms
success		1       14      1       13      1       0       78806.04  86      78779.0  ms
success		1       15      1       0       1       0       78333.45  85      78779.0  ms
success		1       16      1       40      1       0       77793.32  84      78779.0  ms
success		1       17      1       34      1       0       77042.74  83      78779.0  ms
success		1       18      1       26      1       0       76286.21  82      78779.0  ms
success		1       19      1       32      1       0       75285.66  81      78779.0  ms
success		1       20      2       8       2       0       75000.84  80      78779.0  ms
success		1       21      1       17      1       0       74230.56  79      78779.0  ms
success		1       22      1       67      1       0       73317.19  78      78779.0  ms
success		1       23      3       34      3       0       71863.34  77      78779.0  ms
success		1       24      1       51      1       0       69992.49  76      78779.0  ms
success		1       25      1       29      1       0       69590.52  75      78779.0  ms
success		1       26      1       64      1       0       68822.80  74      78779.0  ms
success		1       27      1       27      1       0       68514.84  73      78779.0  ms
success		1       28      2       10      2       0       68052.90  72      78779.0  ms
success		1       29      1       45      1       0       67572.00  71      78779.0  ms
success		1       30      1       1       1       0       67181.88  70      78779.0  ms
success		1       31      2       28      2       0       65825.55  69      78779.0  ms
success		1       32      2       50      2       0       64295.56  68      78779.0  ms
success		1       33      1       24      1       0       63596.81  67      78779.0  ms
success		1       34      2       29      2       0       62595.53  66      78779.0  ms
success		1       35      2       48      2       0       61419.13  65      78779.0  ms
success		1       36      1       38      1       0       61033.78  64      78779.0  ms
success		1       37      2       6       2       0       60339.42  63      78779.0  ms
success		1       38      1       44      1       0       59622.39  62      78779.0  ms
success		1       39      3       34      3       0       59555.90  61      78779.0  ms
success		1       40      1       26      1       0       59179.18  60      78779.0  ms
success		1       41      2       51      2       0       58217.99  59      78779.0  ms
success		1       42      1       47      1       0       57691.39  58      78779.0  ms
success		1       43      2       43      2       0       57263.29  57      78779.0  ms
success		1       44      1       41      1       0       55220.69  56      78779.0  ms
success		1       45      2       31      2       0       55291.42  55      78779.0  ms
success		1       46      3       47      3       0       54784.28  54      78779.0  ms
success		1       47      1       44      1       0       54374.70  53      78779.0  ms
success		1       48      2       2       2       0       53649.47  52      78779.0  ms
success		1       49      2       8       2       0       52595.52  51      78779.0  ms
success		1       50      1       16      1       0       51880.87  50      78779.0  ms
success		1       51      2       17      2       0       50536.81  49      78779.0  ms
success		1       52      3       33      3       0       49767.06  48      78779.0  ms
success		1       53      1       43      1       0       49315.69  47      78779.0  ms
success		1       54      3       11      3       0       48651.01  46      78779.0  ms
success		1       55      6       30      6       0       47595.33  45      78779.0  ms
success		1       56      2       6       2       0       46943.41  44      78779.0  ms
success		1       57      1       18      1       0       46520.79  43      78779.0  ms
success		1       58      2       30      2       0       46061.40  42      78779.0  ms
success		1       59      2       30      2       0       45312.85  41      78779.0  ms
success		1       60      1       34      1       0       44910.56  40      78779.0  ms
success		1       61      2       25      2       0       43450.41  39      78779.0  ms
success		1       62      4       5       4       0       42522.99  38      78779.0  ms
success		1       63      1       29      1       0       42359.19  37      78779.0  ms
success		1       64      3       27      3       0       42105.34  36      78779.0  ms
success		1       65      1       29      1       0       41537.82  35      78779.0  ms
success		1       66      2       12      2       0       40384.39  34      78779.0  ms
success		1       67      2       7       2       0       39859.43  33      78779.0  ms
success		1       68      2       15      2       0       38851.37  32      78779.0  ms
success		1       69      4       19      4       0       37997.32  31      78779.0  ms
success		1       70      5       4       5       0       36458.47  30      78779.0  ms
success		1       71      6       19      6       0       35567.21  29      78779.0  ms
success		1       72      3       18      3       0       35062.72  28      78779.0  ms
success		1       73      4       21      4       0       34184.22  27      78779.0  ms
success		1       74      2       24      2       0       33613.15  26      78779.0  ms
success		1       75      6       11      6       0       32883.25  25      78779.0  ms
success		1       76      3       1       3       0       32321.14  24      78779.0  ms
success		1       77      4       10      4       0       30794.67  23      78779.0  ms
success		1       78      4       6       4       0       29817.14  22      78779.0  ms
success		1       79      5       17      5       0       28317.10  21      78779.0  ms
success		1       80      4       1       4       0       27121.76  20      78779.0  ms
success		1       81      4       10      4       0       26699.00  19      78779.0  ms
success		1       82      5       13      5       0       25446.46  18      78779.0  ms
success		1       83      4       5       4       0       24645.34  17      78779.0  ms
success		1       84      7       8       7       0       23112.58  16      78779.0  ms
success		1       85      6       5       6       0       22015.41  15      78779.0  ms
success		1       86      5       10      5       0       20799.38  14      78779.0  ms
success		1       87      6       12      6       0       19953.99  13      78779.0  ms
success		1       88      10      5       10      0       18748.76  12      78779.0  ms
success		1       89      11      2       11      0       17619.73  11      78779.0  ms
success		1       90      16      9       11      0       15442.35  10      78795.0  ms
success		1       91      18      8       8       0       15617.79  9       78826.0  ms
success		1       92      33      0       12      0       12811.21  8       78951.0  ms
success		1       93      224     0       12      0       11748.37  7       80635.0  ms
success		1       0       1       28      1       0       88497.73  100     98232.0  ms
success		1       1       1       73      1       0       86465.08  99      98232.0  ms
success		1       2       1       15      1       0       85975.53  98      98232.0  ms
success		1       3       1       6       1       0       85524.63  97      98232.0  ms
success		1       4       1       4       1       0       85122.74  96      98232.0  ms
success		1       5       1       3       1       0       84854.97  95      98232.0  ms
success		1       6       1       71      1       0       84575.06  94      98232.0  ms
success		1       7       2       33      2       0       84158.62  93      98232.0  ms
success		1       8       1       26      1       0       83435.58  92      98232.0  ms
success		1       9       1       62      1       0       82476.51  91      98232.0  ms
success		1       10      1       69      1       0       81963.38  90      98232.0  ms
success		1       11      1       84      1       0       81444.17  89      98232.0  ms
success		1       12      1       68      1       0       81113.27  88      98232.0  ms
success		1       13      1       31      1       0       80442.31  87      98232.0  ms
success		1       14      1       86      1       0       80139.14  86      98232.0  ms
success		1       15      1       4       1       0       79435.07  85      98232.0  ms
success		1       16      1       81      1       0       78477.51  84      98232.0  ms
success		1       17      1       74      1       0       78015.09  83      98232.0  ms
success		1       18      1       63      1       0       77542.30  82      98232.0  ms
success		1       19      1       66      1       0       76777.34  81      98232.0  ms
success		1       20      1       75      1       0       75250.53  80      98232.0  ms
success		1       21      1       59      1       0       74460.41  79      98232.0  ms
success		1       22      1       62      1       0       73649.53  78      98248.0  ms
success		1       23      2       0       2       0       73236.46  77      98248.0  ms
success		1       24      1       18      1       0       72801.12  76      98248.0  ms
success		1       25      1       57      1       0       72341.78  75      98248.0  ms
success		1       26      1       9       1       0       71780.86  74      98248.0  ms
success		1       27      2       54      2       0       71434.99  73      98248.0  ms
success		1       28      2       66      2       0       70905.07  72      98248.0  ms
success		1       29      2       39      2       0       71337.09  71      98248.0  ms
success		1       30      1       18      1       0       71070.00  70      98248.0  ms
success		1       31      1       28      1       0       70540.40  69      98248.0  ms
success		1       32      1       7       1       0       70392.06  68      98248.0  ms
success		1       33      1       34      1       0       69757.29  67      98248.0  ms
success		1       34      2       60      2       0       68461.31  66      98248.0  ms
success		1       35      2       15      2       0       68072.53  65      98248.0  ms
success		1       36      4       7       4       0       67109.13  64      98248.0  ms
success		1       37      1       33      1       0       65627.65  63      98248.0  ms
success		1       38      1       10      1       0       65139.66  62      98248.0  ms
success		1       39      1       12      1       0       64725.48  61      98248.0  ms
success		1       40      2       52      2       0       64084.10  60      98248.0  ms
success		1       41      1       41      1       0       62887.75  59      98248.0  ms
success		1       42      2       22      2       0       62783.43  58      98248.0  ms
success		1       43      1       6       1       0       62195.54  57      98248.0  ms
success		1       44      2       36      2       0       61234.25  56      98248.0  ms
success		1       45      1       21      1       0       60731.58  55      98248.0  ms
success		1       46      3       45      3       0       60411.95  54      98248.0  ms
success		1       47      1       52      1       0       58831.20  53      98248.0  ms
success		1       48      2       15      2       0       58277.60  52      98248.0  ms
success		1       49      1       34      1       0       57688.33  51      98248.0  ms
success		1       50      1       14      1       0       57013.59  50      98248.0  ms
success		1       51      2       26      2       0       55945.18  49      98248.0  ms
success		1       52      3       17      3       0       55593.11  48      98248.0  ms
success		1       53      1       26      1       0       53686.33  47      98248.0  ms
success		1       54      1       3       1       0       53184.84  46      98248.0  ms
success		1       55      2       21      2       0       52256.02  45      98248.0  ms
success		1       56      3       24      3       0       50610.84  44      98248.0  ms
success		1       57      3       0       3       0       50086.62  43      98248.0  ms
success		1       58      4       6       4       0       49423.29  42      98248.0  ms
success		1       59      4       23      4       0       48035.20  41      98248.0  ms
success		1       60      3       8       3       0       46979.61  40      98248.0  ms
success		1       61      2       29      2       0       45665.63  39      98248.0  ms
success		1       62      2       0       2       0       45139.10  38      98248.0  ms
success		1       63      2       26      2       0       44447.93  37      98248.0  ms
success		1       64      5       31      5       0       44079.60  36      98248.0  ms
success		1       65      5       8       5       0       42494.65  35      98248.0  ms
success		1       66      2       9       2       0       41040.69  34      98248.0  ms
success		1       67      2       16      2       0       40217.02  33      98248.0  ms
success		1       68      3       27      3       0       38388.09  32      98248.0  ms
success		1       69      4       23      4       0       37255.18  31      98248.0  ms
success		1       70      4       7       4       0       36673.55  30      98248.0  ms
success		1       71      2       10      2       0       35292.39  29      98248.0  ms
success		1       72      2       20      2       0       34658.32  28      98248.0  ms
success		1       73      3       7       3       0       33948.00  27      98248.0  ms
success		1       74      3       6       3       0       33378.60  26      98248.0  ms
success		1       75      2       25      2       0       31905.36  25      98248.0  ms
success		1       76      4       18      4       0       30415.24  24      98248.0  ms
success		1       77      3       1       3       0       29142.97  23      98248.0  ms
success		1       78      5       7       5       0       28803.90  22      98248.0  ms
success		1       79      7       8       7       0       28047.85  21      98248.0  ms
success		1       80      4       2       4       0       27352.48  20      98248.0  ms
success		1       81      5       4       5       0       26168.68  19      98248.0  ms
success		1       82      7       13      7       0       24777.43  18      98248.0  ms
success		1       83      6       2       6       0       24507.64  17      98248.0  ms
success		1       84      8       12      8       0       23611.77  16      98248.0  ms
success		1       85      6       10      6       0       21943.18  15      98248.0  ms
success		1       86      11      7       9       0       21499.66  14      98248.0  ms
success		1       87      10      2       8       0       20460.75  13      98248.0  ms
success		1       88      9       8       8       0       18835.08  12      98263.0  ms
success		1       89      17      7       9       0       18331.89  11      98279.0  ms
success		1       90      13      2       10      0       16550.22  10      98294.0  ms
success		1       91      15      7       10      0       14391.98  9       98310.0  ms
success		1       92      92      3       9       0       13076.54  8       98981.0  ms
success		1       93      78      0       12      0       11811.16  7       99464.0  ms
cross iterater0
rand   	success		7261.96   10736.04  7       118652.0 ms cross
rand   	success		7653.42   11110.40  7       119104.0 ms cross
ab
ab7	5
ab6	3
cross iterater1
ab
ab7	3
cross iterater2
rand   	success		7535.79   11462.10  7       128433.0 ms cross
rand   	success		7179.24   11136.16  7       128652.0 ms cross
ab
fail		6794.80   10248.00  7       143471.0 ms
fail		6567.13   11406.11  7       167589.0 ms
fail		7226.51   11693.70  7       179678.0 ms
cross iterater3
rand   	success		7326.88   11212.72  7       181082.0 ms cross
rand   	success		7812.06   11308.66  7       182892.0 ms cross
ab
ab6	4
ab7	3
fail		6247.40   10817.63  7       200879.0 ms
cross iterater4
rand   	success		7709.49   10732.21  7       201581.0 ms cross
rand   	success		7213.58   11818.38  7       202688.0 ms cross
ab
ab6	5
fail		6726.09   11251.02  7       220363.0 ms
fail		6762.90   10238.49  7       239161.0 ms
cross iterater5
rand   	success		6749.61   11872.17  7       239597.0 ms cross
rand   	success		7267.44   10450.28  7       244714.0 ms cross
ab
ab7	3
cross iterater6
ab
ab7	0
cross iterater7
rand   	success		7226.08   10957.03  7       245042.0 ms cross
rand   	success		7366.85   11561.20  7       247694.0 ms cross
ab
ab6	4
ab7	3
fail		7103.07   11703.95  7       264822.0 ms
fail		7267.44   10488.21  7       278862.0 ms
cross iterater8
rand   	success		7475.95   11508.87  7       280750.0 ms cross
rand   	success		6972.14   10770.22  7       282746.0 ms cross
ab
ab6	2
ab7	3
fail		6832.05   11382.83  7       295133.0 ms
cross iterater9
rand   	success		7880.07   11623.80  7       301061.0 ms cross
rand   	success		7489.65   11275.41  7       301279.0 ms cross
ab
ab6	3
fail		7489.65   11619.93  7       320045.0 ms
cross iterater10
ab
ab6	2
fail		6838.99   10799.17  7       331574.0 ms
cross iterater11
rand   	success		7695.84   10880.90  7       333945.0 ms cross
rand   	
ab
ab6	1
fail		7433.78   11352.53  7       370495.0 ms
cross iterater12
rand   	success		7273.30   11422.15  7       371634.0 ms cross
rand   	success		7568.15   11395.18  7       372118.0 ms cross
ab
ab6	0
ab7	3
fail		7082.93   10447.55  7       390619.0 ms
fail		7683.26   11444.90  7       411258.0 ms
fail		7082.55   11116.40  7       440460.0 ms
cross iterater13
rand   	success		7300.75   11711.39  7       441256.0 ms cross
rand   	success		7382.30   11664.42  7       444625.0 ms cross
ab
ab6	0
ab7	5
fail		7185.48   10565.76  7       466543.0 ms
cross iterater14
rand   	success		7237.65   11353.80  7       468634.0 ms cross
rand   	success		6888.85   11536.29  7       470162.0 ms cross
ab
ab6	1
fail		6873.04   11359.38  7       489366.0 ms
fail		7237.65   10971.56  7       499927.0 ms
cross iterater15
rand   	success		7309.69   11795.90  7       500239.0 ms cross
rand   	success		7445.70   11627.82  7       500832.0 ms cross
ab
ab7	5
ab6	3
fail		7665.67   10292.89  7       511330.0 ms
fail		6873.04   11359.38  7       522390.0 ms
cross iterater16
rand   	success		7359.34   11838.95  7       522453.0 ms cross
rand   	success		7121.18   11215.37  7       522921.0 ms cross
ab
ab7	5
fail		7105.57   11160.19  7       548941.0 ms
cross iterater17
rand   	success		7119.75   10823.24  7       549222.0 ms cross
rand   	success		7757.26   11732.64  7       549768.0 ms cross
ab
ab7	1
fail		6863.81   10445.01  7       563106.0 ms
fail		7238.74   11503.21  7       577177.0 ms
cross iterater18
rand   	success		8122.01   10192.07  7       580359.0 ms cross
rand   	success		7160.44   11384.54  7       580812.0 ms cross
ab
ab6	4
ab7	3
fail		7381.02   11513.42  7       604898.0 ms
fail		7110.35   11415.40  7       624226.0 ms
fail		7119.75   11200.67  7       640949.0 ms
fail		6820.61   11331.64  7       659965.0 ms
cross iterater19
rand   	success		7452.32   10888.75  7       664754.0 ms cross
rand   	success		7406.41   11319.13  7       666221.0 ms cross
ab
ab7	0
fail		7480.35   11717.49  7       685034.0 ms
fail		6984.62   10576.28  7       704534.0 ms
cross iterater20
rand   	success		7441.05   11206.47  7       706359.0 ms cross
rand   	success		7109.85   12101.04  7       707513.0 ms cross
ab
ab6	2
fail		7258.41   10097.31  7       728542.0 ms
fail		7110.35   11415.40  7       746388.0 ms
fail		7441.05   11373.67  7       765576.0 ms
cross iterater21
rand   	success		7464.85   11289.80  7       768384.0 ms cross
rand   	success		7269.77   11371.95  7       771363.0 ms cross
ab
ab6	2
cross iterater22
rand   	success		7494.06   11086.24  7       771363.0 ms cross
rand   	success		7332.04   11377.19  7       771457.0 ms cross
ab
ab6	1
fail		7334.11   11278.45  7       795091.0 ms
fail		6998.45   10810.57  7       810846.0 ms
cross iterater23
rand   	success		6948.01   12101.38  7       812672.0 ms cross
rand   	success		7726.10   11070.29  7       813608.0 ms cross
ab
ab7	4
fail		7726.10   11120.49  7       832624.0 ms
fail		7464.85   11435.77  7       849924.0 ms
cross iterater24
rand   	success		7267.91   11926.71  7       852607.0 ms cross
rand   	success		7514.47   11742.91  7       853637.0 ms cross
ab
ab7	1
ab6	5
fail		6598.66   11975.81  7       881732.0 ms
cross iterater25
ab
ab7	4
ab6	2
cross iterater26
rand   	success		7228.35   10622.11  7       886365.0 ms cross
rand   	success		7818.25   11852.10  7       887410.0 ms cross
ab
ab7	0
fail		7793.32   11193.47  7       908454.0 ms
fail		7348.40   11650.71  7       923103.0 ms
fail		6935.24   11491.13  7       939451.0 ms
fail		6875.87   10962.19  7       955113.0 ms
cross iterater27
rand   	success		7318.86   11388.60  7       956361.0 ms cross
rand   	success		7216.79   11173.74  7       957297.0 ms cross
ab
ab6	1
fail		6875.87   10962.19  7       973864.0 ms
cross iterater28
rand   	success		7594.16   10774.82  7       974286.0 ms cross
rand   	success		7049.20   11754.56  7       974675.0 ms cross
ab
ab6	3
ab7	0
fail		7216.79   11332.56  7       994097.0 ms
cross iterater29
rand   	success		7685.24   11439.77  7       1000197.0 ms cross
rand   	success		7651.80   11812.96  7       1002272.0 ms cross
ab
ab6	5
ab7	3
fail		7977.69   11383.74  7       1018839.0 ms
cross iterater30
ab
ab7	0
fail		7251.42   11313.18  7       1036638.0 ms
cross iterater31
ab
ab6	1
fail		7169.76   11283.43  7       1052175.0 ms
fail		6917.07   11877.60  7       1077712.0 ms
fail		7793.32   11193.47  7       1091112.0 ms
cross iterater32
rand   	success		7640.11   11660.85  7       1093562.0 ms cross
rand   	success		7471.57   10711.55  7       1094076.0 ms cross
ab
ab6	5
ab7	3
cross iterater33
ab
ab6	3
cross iterater34
rand   	success		7203.02   11226.31  7       1095278.0 ms cross
rand   	success		7657.57   10894.77  7       1098008.0 ms cross
ab
ab6	1
fail		6875.87   10962.19  7       1122140.0 ms
cross iterater35
rand   	success		7395.50   11729.56  7       1126976.0 ms cross
rand   	success		7313.98   11158.41  7       1126976.0 ms cross
ab
ab6	3
ab7	0
fail		7471.57   10787.93  7       1140673.0 ms
cross iterater36
rand   	success		7620.73   11998.52  7       1140829.0 ms cross
rand   	success		7549.21   11667.63  7       1141749.0 ms cross
ab
ab6	1
ab7	2
cross iterater37
ab
cross iterater38
rand   	success		7716.10   11803.41  7       1142217.0 ms cross
rand   	success		7698.31   11677.39  7       1145556.0 ms cross
ab
ab6	3
ab7	0
fail		6875.87   10962.19  7       1157349.0 ms
cross iterater39
ab
cross iterater40
rand   	success		7332.15   11834.52  7       1157458.0 ms cross
rand   	success		7215.25   11447.60  7       1157505.0 ms cross
ab
ab6	5
ab7	1
fail		7649.58   11106.92  7       1169626.0 ms
fail		7029.11   9961.26   7       1185164.0 ms
fail		7377.80   11952.13  7       1199313.0 ms
cross iterater41
rand   	success		7212.67   11380.62  7       1205896.0 ms cross
rand   	success		6988.12   11613.50  7       1206489.0 ms cross
ab
ab7	0
ab6	3
fail		7577.45   11320.08  7       1220029.0 ms
cross iterater42
ab
ab6	5
ab7	2
fail		7614.35   10747.01  7       1233445.0 ms
cross iterater43
ab
ab7	4
ab6	3
fail		7144.48   11148.90  7       1250839.0 ms
fail		7348.97   11540.16  7       1267827.0 ms
cross iterater44
rand   	success		7106.82   9631.43   7       1267843.0 ms cross
rand   	success		7463.65   10928.70  7       1267874.0 ms cross
ab
ab6	1
fail		6829.73   10501.66  7       1287171.0 ms
fail		6818.29   10724.76  7       1313784.0 ms
cross iterater45
ab
ab7	0
cross iterater46
rand   	success		7564.62   11695.15  7       1314330.0 ms cross
rand   	success		7456.52   11307.56  7       1314876.0 ms cross
ab
ab6	1
ab7	2
fail		7041.45   11340.08  7       1337246.0 ms
fail		6910.83   10371.14  7       1354047.0 ms
cross iterater47
rand   	success		7738.02   11550.67  7       1354094.0 ms cross
rand   	success		7372.80   11348.59  7       1362611.0 ms cross
ab
ab6	0
ab7	3
fail		6829.73   10501.66  7       1386417.0 ms
cross iterater48
rand   	success		7073.84   11215.61  7       1387509.0 ms cross
rand   	success		7047.92   11399.65  7       1389459.0 ms cross
ab
ab6	1
ab7	0
fail		7233.13   11238.68  7       1425650.0 ms
cross iterater49
rand   	success		7312.86   11194.39  7       1427163.0 ms cross
rand   	success		7392.67   11493.72  7       1427616.0 ms cross
ab
ab7	5
fail		7251.03   11293.05  7       1453730.0 ms
fail		7185.98   12124.66  7       1467083.0 ms
cross iterater50
rand   	success		7183.20   11283.93  7       1467411.0 ms cross
rand   	success		7465.96   11250.88  7       1470000.0 ms cross
ab
ab7	5
cross iterater51
rand   	success		7460.22   12054.37  7       1470640.0 ms cross
rand   	success		7452.91   11325.25  7       1472793.0 ms cross
ab
ab7	3
ab6	0
fail		7147.94   10518.03  7       1488361.0 ms
cross iterater52
rand   	success		7041.65   11573.72  7       1491544.0 ms cross
rand   	success		7583.81   11663.78  7       1502245.0 ms cross
ab
ab7	1
ab6	4
cross iterater53
rand   	success		7150.68   11461.18  7       1502526.0 ms cross
rand   	success		7306.73   11583.96  7       1502651.0 ms cross
ab
ab7	0
ab6	1
fail		7020.99   11329.74  7       1518625.0 ms
fail		6937.61   10366.30  7       1541931.0 ms
cross iterater54
rand   	success		7195.48   11693.41  7       1546018.0 ms cross
rand   	success		7466.71   11130.63  7       1546034.0 ms cross
ab
ab6	3
ab7	0
fail		7270.16   11632.13  7       1564083.0 ms
cross iterater55
rand   	success		7379.83   10916.74  7       1565456.0 ms cross
rand   	success		7895.13   11452.49  7       1577421.0 ms cross
ab
ab6	1
fail		7027.47   10845.21  7       1605984.0 ms
fail		7379.83   11101.31  7       1631084.0 ms
cross iterater56
ab
ab6	2
cross iterater57
ab
fail		7348.82   11720.70  7       1654515.0 ms
cross iterater58
rand   	success		7228.10   11288.64  7       1654530.0 ms cross
rand   	success		7046.99   11828.86  7       1656075.0 ms cross
ab
ab6	2
cross iterater59
rand   	success		7525.26   11961.77  7       1659351.0 ms cross
rand   	success		7839.21   11060.18  7       1660708.0 ms cross
ab
ab6	4
cross iterater60
rand   	success		7419.16   11905.83  7       1664670.0 ms cross
rand   	success		7577.26   11577.37  7       1665762.0 ms cross
ab
ab7	0
ab6	4
fail		7034.25   11825.92  7       1680364.0 ms
fail		7254.23   10267.72  7       1691096.0 ms
cross iterater61
rand   	success		7338.41   11710.37  7       1693374.0 ms cross
rand   	success		7512.15   11254.04  7       1693545.0 ms cross
ab
ab6	2
ab7	3
fail		7512.15   11360.31  7       1712827.0 ms
cross iterater62
rand   	success		7084.90   10897.87  7       1713685.0 ms cross
rand   	success		7650.27   11872.51  7       1715884.0 ms cross
ab
ab6	4
ab7	3
fail		7062.07   11629.87  7       1732919.0 ms
cross iterater63
rand   	
rand   	success		7375.16   11645.21  7       1748129.0 ms cross
ab
ab6	2
fail		6724.40   11587.24  7       1758831.0 ms
cross iterater64
rand   	success		7837.54   10960.97  7       1760266.0 ms cross
rand   	success		6964.69   11537.29  7       1760297.0 ms cross
ab
ab6	1
cross iterater65
rand   	success		7684.33   11026.19  7       1761966.0 ms cross
rand   	success		7287.77   11945.49  7       1762871.0 ms cross
ab
ab7	4
fail		7278.19   10681.40  7       1785538.0 ms
cross iterater66
rand   	success		7125.27   11369.29  7       1785912.0 ms cross
rand   	success		7451.53   10924.52  7       1786941.0 ms cross
ab
ab7	0
cross iterater67
rand   	success		7333.28   11519.43  7       1788252.0 ms cross
rand   	success		7421.11   11162.62  7       1789921.0 ms cross
ab
ab6	4
ab7	5
fail		6987.81   11229.02  7       1825192.0 ms
fail		6735.31   10814.09  7       1841307.0 ms
fail		7568.49   11650.09  7       1854582.0 ms
cross iterater68
rand   	success		7701.30   11029.93  7       1855596.0 ms cross
rand   	success		7364.99   11388.94  7       1855705.0 ms cross
ab
ab6	0
ab7	4
fail		7164.39   11482.28  7       1870837.0 ms
cross iterater69
rand   	success		7088.05   11067.73  7       1871383.0 ms cross
rand   	success		7665.14   11120.31  7       1876391.0 ms cross
ab
fail		7449.04   11423.62  7       1901522.0 ms
cross iterater70
rand   	success		7080.96   10376.48  7       1901896.0 ms cross
rand   	success		7278.78   11330.21  7       1901912.0 ms cross
ab
ab6	4
ab7	2
fail		6702.69   11291.52  7       1920741.0 ms
cross iterater71
rand   	success		7706.41   11849.90  7       1920913.0 ms cross
rand   	success		7631.26   11369.23  7       1922941.0 ms cross
ab
ab7	1
ab6	3
fail		6889.99   11569.80  7       1943610.0 ms
cross iterater72
rand   	success		7222.69   11446.32  7       1945045.0 ms cross
rand   	success		7050.99   11682.44  7       1951348.0 ms cross
ab
ab6	3
fail		7836.95   10947.20  7       1972907.0 ms
cross iterater73
rand   	success		6997.34   11298.78  7       1976058.0 ms cross
rand   	success		7590.17   11193.97  7       1976058.0 ms cross
ab
ab6	1
fail		6997.34   11632.30  7       1994419.0 ms
fail		7115.73   11262.72  7       2009036.0 ms
cross iterater74
rand   	success		7538.75   11776.81  7       2011703.0 ms cross
rand   	success		7591.94   11411.32  7       2011859.0 ms cross
ab
ab7	1
cross iterater75
rand   	success		7344.59   10992.63  7       2015167.0 ms cross
rand   	success		7537.51   11616.10  7       2016680.0 ms cross
ab
ab7	0
fail		7647.91   11188.20  7       2038831.0 ms
fail		6960.51   10174.18  7       2059127.0 ms
cross iterater76
ab
ab6	5
ab7	4
fail		7399.39   11364.22  7       2069376.0 ms
cross iterater77
rand   	success		7389.98   12084.34  7       2071809.0 ms cross
rand   	success		6772.67   11452.38  7       2072106.0 ms cross
ab
ab6	1
ab7	4
fail		7515.20   11047.88  7       2081731.0 ms
cross iterater78
ab
ab6	4
ab7	5
fail		6960.51   10174.18  7       2090857.0 ms
fail		7344.59   10814.32  7       2103524.0 ms
fail		7611.20   11163.28  7       2117579.0 ms
cross iterater79
rand   	success		7480.47   11066.08  7       2118702.0 ms cross
rand   	success		7650.17   12189.32  7       2121744.0 ms cross
ab
ab6	5
ab7	2
fail		7174.52   10056.58  7       2133819.0 ms
cross iterater80
rand   	success		7607.56   11413.57  7       2134006.0 ms cross
rand   	success		8235.12   11202.23  7       2134318.0 ms cross
ab
ab6	5
ab7	0
cross iterater81
rand   	success		7154.24   12243.34  7       2135691.0 ms cross
rand   	success		7648.38   10960.74  7       2136970.0 ms cross
ab
ab6	1
fail		7026.50   10598.69  7       2154348.0 ms
cross iterater82
rand   	success		7630.52   11521.62  7       2157874.0 ms cross
rand   	success		7398.55   11700.05  7       2158529.0 ms cross
ab
ab6	1
ab7	0
fail		7026.50   10598.69  7       2171523.0 ms
fail		7648.38   11339.17  7       2191195.0 ms
fail		7212.09   11012.80  7       2208885.0 ms
cross iterater83
rand   	success		7724.06   11776.84  7       2209914.0 ms cross
rand   	success		8101.53   10874.87  7       2211537.0 ms cross
ab
ab7	1
fail		6839.77   10582.62  7       2224360.0 ms
fail		6591.57   11312.81  7       2243236.0 ms
fail		6893.02   10943.23  7       2253656.0 ms
cross iterater84
ab
ab7	4
fail		8101.53   11209.02  7       2268882.0 ms
fail		7344.59   10814.32  7       2285651.0 ms
cross iterater85
rand   	success		7230.32   11785.06  7       2292890.0 ms cross
rand   	success		6961.41   10952.33  7       2294575.0 ms cross
ab
ab7	2
ab6	3
cross iterater86
rand   	success		7500.34   11339.03  7       2295167.0 ms cross
rand   	success		7281.03   11965.23  7       2296681.0 ms cross
ab
ab7	1
ab6	3
fail		7452.07   11686.44  7       2322935.0 ms
fail		7578.69   11349.45  7       2336647.0 ms
fail		7228.51   10589.64  7       2353589.0 ms
cross iterater87
rand   	success		7558.43   11029.66  7       2354712.0 ms cross
rand   	success		6843.36   12455.76  7       2355975.0 ms cross
ab
ab7	2
ab6	1
fail		7554.25   11157.12  7       2372714.0 ms
fail		7228.51   10589.64  7       2399608.0 ms
cross iterater88
rand   	success		7034.98   11526.46  7       2399842.0 ms cross
rand   	success		7364.94   11434.28  7       2401823.0 ms cross
ab
ab7	4
ab6	5
fail		7554.25   11157.12  7       2420091.0 ms
cross iterater89
rand   	fail		7530.14   12756.71  8       2435940.0 ms cross
rand   	success		7290.36   11118.91  7       2437219.0 ms cross
ab
ab7	0
fail		7391.75   10822.74  7       2455112.0 ms
cross iterater90
rand   	success		7450.62   11757.64  7       2457062.0 ms cross
rand   	success		7129.13   11700.72  7       2457218.0 ms cross
ab
ab7	2
ab6	0
fail		7330.49   11076.62  7       2473099.0 ms
fail		7365.70   11534.48  7       2488511.0 ms
fail		7427.75   10957.59  7       2500726.0 ms
cross iterater91
rand   	success		6977.27   11943.62  7       2505203.0 ms cross
rand   	success		7437.13   11213.67  7       2506935.0 ms cross
ab
ab6	5
fail		7516.25   11360.94  7       2524843.0 ms
fail		7427.75   10957.59  7       2536340.0 ms
cross iterater92
rand   	success		7431.02   11007.66  7       2536512.0 ms cross
rand   	success		7584.88   11037.69  7       2536824.0 ms cross
ab
ab6	1
cross iterater93
rand   	success		7127.97   11020.43  7       2537073.0 ms cross
rand   	success		7508.81   11258.72  7       2538399.0 ms cross
ab
fail		7137.06   11038.15  7       2555497.0 ms
fail		7259.25   11159.20  7       2562938.0 ms
cross iterater94
rand   	success		7220.11   10961.95  7       2566713.0 ms cross
rand   	success		7226.89   11477.26  7       2567462.0 ms cross
ab
ab6	1
fail		7127.97   10996.06  7       2584606.0 ms
cross iterater95
rand   	success		7520.70   11147.04  7       2592734.0 ms cross
rand   	success		7150.63   11544.94  7       2596056.0 ms cross
ab
ab6	4
ab7	3
fail		7551.18   11397.57  7       2614495.0 ms
cross iterater96
ab
ab6	5
ab7	4
fail		7127.97   10996.06  7       2626273.0 ms
fail		7148.54   10177.82  7       2638815.0 ms
cross iterater97
rand   	success		6894.50   11680.43  7       2639783.0 ms cross
rand   	success		7366.23   11403.14  7       2639892.0 ms cross
ab
ab6	2
ab7	5
fail		6763.96   11123.54  7       2658206.0 ms
fail		6968.70   10764.72  7       2668346.0 ms
cross iterater98
rand   	success		7160.83   11726.54  7       2668892.0 ms cross
rand   	success		7179.66   11435.82  7       2669204.0 ms cross
ab
ab6	5
ab7	2
cross iterater99
rand   	success		7366.40   11357.72  7       2670655.0 ms cross
rand   	success		7037.54   10934.84  7       2671419.0 ms cross
ab
ab6	5

R.size:7

1		37	140	169	24	124	15	7	156	102	18	179	43	180	49	78	14	161	119	202	61	51	184	136	111	27	95	44	90	110	87	194	123	11	73	135	154	2	141	
2		152	131	142	47	54	59	133	40	16	3	183	68	190	196	103	104	46	159	77	122	186	58	191	201	115	81	55	70	157	66	19	120	
3		48	167	147	9	118	199	105	88	98	89	188	173	113	176	139	144	134	137	71	126	121	107	82	1	76	30	
4		195	57	163	28	162	63	149	153	132	6	42	197	5	170	25	164	35	10	20	26	62	138	187	150	130	72	21	166	86	114	106	129	41	22	158	96	34	60	8	83	
5		100	84	31	182	45	108	165	177	85	168	128	56	94	53	65	160	23	125	101	117	52	189	74	192	50	33	174	13	17	97	
6		92	172	181	127	155	12	143	69	29	99	38	109	112	151	198	145	91	178	116	80	79	93	185	193	146	39	67	64	75	148	36	175	
7		200	4	32	171	

data1/pdp200/LRC2_2_6.txt
total_cost 6762.901431

