success		1       0       1       91      1       0       123816.32 100     15.0     ms
success		1       1       1       65      1       0       123982.26 99      15.0     ms
success		1       2       2       48      2       0       123535.55 98      15.0     ms
success		1       3       1       90      1       0       123618.71 97      15.0     ms
success		1       4       1       47      1       0       121798.37 96      15.0     ms
success		1       5       1       55      1       0       121881.94 95      15.0     ms
success		1       6       1       1       1       0       122006.71 94      15.0     ms
success		1       7       1       30      1       0       120262.84 93      15.0     ms
success		1       8       1       9       1       0       120332.16 92      15.0     ms
success		1       9       1       80      1       0       119317.13 91      15.0     ms
success		1       10      1       23      1       0       119185.83 90      15.0     ms
success		1       11      1       63      1       0       118417.99 89      31.0     ms
success		1       12      1       3       1       0       117592.98 88      31.0     ms
success		1       13      1       26      1       0       117484.43 87      31.0     ms
success		1       14      1       75      1       0       117414.61 86      31.0     ms
success		1       15      1       16      1       0       116455.84 85      31.0     ms
success		1       16      2       13      2       0       117633.12 84      31.0     ms
success		1       17      1       18      1       0       116870.63 83      31.0     ms
success		1       18      1       28      1       0       116847.35 82      31.0     ms
success		1       19      2       23      2       0       115603.27 81      31.0     ms
success		1       20      1       65      1       0       115730.51 80      31.0     ms
success		1       21      1       64      1       0       114260.79 79      31.0     ms
success		1       22      2       34      2       0       114223.72 78      31.0     ms
success		1       23      1       37      1       0       113568.00 77      31.0     ms
success		1       24      1       61      1       0       112003.14 76      31.0     ms
success		1       25      1       5       1       0       111802.05 75      31.0     ms
success		1       26      1       36      1       0       109454.85 74      31.0     ms
success		1       27      1       47      1       0       106418.67 73      31.0     ms
success		1       28      1       29      1       0       106529.80 72      31.0     ms
success		1       29      1       67      1       0       103723.67 71      31.0     ms
success		1       30      2       7       2       0       102325.66 70      31.0     ms
success		1       31      1       67      1       0       102145.85 69      31.0     ms
success		1       32      1       4       1       0       102280.24 68      31.0     ms
success		1       33      2       32      2       0       102020.24 67      31.0     ms
success		1       34      2       18      2       0       102139.45 66      31.0     ms
success		1       35      2       11      2       0       101989.12 65      31.0     ms
success		1       36      1       62      1       0       101622.35 64      31.0     ms
success		1       37      2       24      2       0       99327.33  63      31.0     ms
success		1       38      2       14      2       0       97675.78  62      31.0     ms
success		1       39      1       31      1       0       97497.83  61      31.0     ms
success		1       40      1       25      1       0       96675.81  60      31.0     ms
success		1       41      1       4       1       0       95699.63  59      31.0     ms
success		1       42      2       36      2       0       96972.55  58      31.0     ms
success		1       43      2       46      2       0       96813.18  57      31.0     ms
success		1       44      1       43      1       0       96499.30  56      31.0     ms
success		1       45      1       0       1       0       95677.87  55      31.0     ms
success		1       46      2       38      2       0       95738.48  54      31.0     ms
success		1       47      1       35      1       0       95551.84  53      31.0     ms
success		1       48      2       42      2       0       95614.39  52      47.0     ms
success		1       49      1       6       1       0       94753.39  51      47.0     ms
success		1       50      2       5       2       0       92766.19  50      47.0     ms
success		1       51      2       45      2       0       92059.30  49      47.0     ms
success		1       52      5       46      5       0       91040.47  48      47.0     ms
success		1       53      2       0       2       0       90297.46  47      47.0     ms
success		1       54      1       35      1       0       88124.55  46      47.0     ms
success		1       55      1       0       1       0       86406.18  45      47.0     ms
success		1       56      2       10      2       0       86131.51  44      47.0     ms
success		1       57      2       31      2       0       85559.30  43      47.0     ms
success		1       58      2       3       2       0       84143.41  42      47.0     ms
success		1       59      4       33      4       0       82060.65  41      47.0     ms
success		1       60      1       5       1       0       80764.46  40      47.0     ms
success		1       61      5       17      5       0       79975.43  39      47.0     ms
success		1       62      6       28      6       0       77628.68  38      47.0     ms
success		1       63      1       7       1       0       77524.93  37      47.0     ms
success		1       64      4       32      4       0       75636.61  36      47.0     ms
success		1       65      3       9       3       0       72844.13  35      47.0     ms
success		1       66      3       9       3       0       72012.32  34      47.0     ms
success		1       67      4       7       4       0       70462.63  33      47.0     ms
success		1       68      2       16      2       0       68944.73  32      47.0     ms
success		1       69      5       26      5       0       66192.49  31      47.0     ms
success		1       70      5       28      5       0       63828.14  30      47.0     ms
success		1       71      3       27      3       0       61263.62  29      47.0     ms
success		1       72      6       11      6       0       58538.79  28      47.0     ms
success		1       73      4       16      4       0       55805.53  27      47.0     ms
success		1       74      5       15      5       0       53080.09  26      47.0     ms
success		1       75      1       16      1       0       52192.74  25      47.0     ms
success		1       76      2       7       2       0       49397.67  24      47.0     ms
success		1       77      3       13      3       0       47064.03  23      62.0     ms
success		1       78      4       1       4       0       45692.05  22      62.0     ms
success		1       79      7       4       7       0       42929.23  21      62.0     ms
success		1       80      1       2       1       0       41431.43  20      62.0     ms
success		1       81      7       13      7       0       39211.10  19      62.0     ms
success		1       82      5       7       5       0       36971.91  18      62.0     ms
success		1       83      9       9       9       0       33610.66  17      62.0     ms
success		1       84      5       4       5       0       30523.68  16      62.0     ms
success		1       85      4       5       4       0       27743.92  15      62.0     ms
success		1       86      7       7       7       0       25162.71  14      62.0     ms
success		1       87      7       3       5       0       23366.97  13      78.0     ms
success		1       88      9       3       9       0       20394.07  12      78.0     ms
success		1       89      16      2       7       0       17692.25  11      156.0    ms
success		1       90      13      2       9       0       16392.08  10      171.0    ms
success		1       91      15      0       9       0       12641.82  9       187.0    ms
success		1       92      38      7       9       0       9660.40   8       515.0    ms
success		1       93      629     3       14      0       6719.12   7       3650.0   ms
success		1       0       1       40      1       0       135380.92 100     11216.0  ms
success		1       1       1       12      1       0       135127.60 99      11216.0  ms
success		1       2       1       68      1       0       133948.96 98      11216.0  ms
success		1       3       1       69      1       0       133720.78 97      11216.0  ms
success		1       4       1       9       1       0       133633.43 96      11232.0  ms
success		1       5       1       37      1       0       131618.29 95      11232.0  ms
success		1       6       1       61      1       0       131574.91 94      11232.0  ms
success		1       7       1       58      1       0       129046.94 93      11232.0  ms
success		1       8       1       67      1       0       128721.41 92      11232.0  ms
success		1       9       1       83      1       0       128501.06 91      11232.0  ms
success		1       10      1       44      1       0       127594.14 90      11232.0  ms
success		1       11      1       21      1       0       127284.79 89      11232.0  ms
success		1       12      1       60      1       0       127005.36 88      11232.0  ms
success		1       13      1       33      1       0       126842.20 87      11232.0  ms
success		1       14      1       36      1       0       126759.04 86      11232.0  ms
success		1       15      1       80      1       0       126630.65 85      11232.0  ms
success		1       16      1       38      1       0       126346.74 84      11232.0  ms
success		1       17      2       28      2       0       125443.56 83      11232.0  ms
success		1       18      1       54      1       0       125378.61 82      11232.0  ms
success		1       19      1       66      1       0       125311.19 81      11232.0  ms
success		1       20      1       26      1       0       125199.43 80      11232.0  ms
success		1       21      2       17      2       0       124320.27 79      11232.0  ms
success		1       22      1       62      1       0       122145.57 78      11232.0  ms
success		1       23      1       64      1       0       119091.66 77      11232.0  ms
success		1       24      1       53      1       0       118890.38 76      11232.0  ms
success		1       25      1       21      1       0       118701.12 75      11232.0  ms
success		1       26      1       21      1       0       116374.10 74      11232.0  ms
success		1       27      2       22      2       0       115801.47 73      11232.0  ms
success		1       28      1       35      1       0       115715.13 72      11232.0  ms
success		1       29      1       20      1       0       115580.74 71      11232.0  ms
success		1       30      1       26      1       0       115458.46 70      11232.0  ms
success		1       31      2       29      2       0       112904.04 69      11232.0  ms
success		1       32      2       23      2       0       112603.38 68      11232.0  ms
success		1       33      1       65      1       0       112315.95 67      11232.0  ms
success		1       34      4       11      4       0       111362.86 66      11232.0  ms
success		1       35      2       41      2       0       110442.62 65      11232.0  ms
success		1       36      1       62      1       0       108765.57 64      11232.0  ms
success		1       37      1       57      1       0       108733.32 63      11232.0  ms
success		1       38      3       45      3       0       107524.26 62      11232.0  ms
success		1       39      2       6       2       0       107258.21 61      11232.0  ms
success		1       40      1       13      1       0       105550.63 60      11232.0  ms
success		1       41      2       33      2       0       104662.96 59      11232.0  ms
success		1       42      2       52      2       0       102084.26 58      11232.0  ms
success		1       43      2       43      2       0       101855.09 57      11232.0  ms
success		1       44      2       24      2       0       100689.17 56      11232.0  ms
success		1       45      1       35      1       0       97778.90  55      11232.0  ms
success		1       46      4       1       4       0       96715.99  54      11232.0  ms
success		1       47      2       51      2       0       95478.06  53      11232.0  ms
success		1       48      2       19      2       0       94400.02  52      11232.0  ms
success		1       49      3       4       3       0       93053.19  51      11232.0  ms
success		1       50      1       46      1       0       93167.92  50      11232.0  ms
success		1       51      1       27      1       0       92499.70  49      11232.0  ms
success		1       52      3       38      3       0       92402.90  48      11232.0  ms
success		1       53      2       33      2       0       91810.16  47      11232.0  ms
success		1       54      2       14      2       0       88999.62  46      11232.0  ms
success		1       55      2       41      2       0       86608.83  45      11232.0  ms
success		1       56      4       13      4       0       84894.08  44      11232.0  ms
success		1       57      1       43      1       0       82383.72  43      11232.0  ms
success		1       58      2       42      2       0       82022.65  42      11232.0  ms
success		1       59      4       14      4       0       79313.28  41      11232.0  ms
success		1       60      4       36      4       0       76510.69  40      11232.0  ms
success		1       61      1       25      1       0       74279.29  39      11232.0  ms
success		1       62      1       36      1       0       73271.92  38      11232.0  ms
success		1       63      4       31      4       0       71386.27  37      11232.0  ms
success		1       64      1       21      1       0       70397.10  36      11232.0  ms
success		1       65      9       6       9       0       70455.85  35      11232.0  ms
success		1       66      3       11      3       0       69336.10  34      11232.0  ms
success		1       67      3       6       3       0       68287.23  33      11232.0  ms
success		1       68      6       5       6       0       67457.88  32      11232.0  ms
success		1       69      4       5       4       0       64584.89  31      11232.0  ms
success		1       70      7       20      7       0       63967.24  30      11232.0  ms
success		1       71      6       13      6       0       60921.95  29      11232.0  ms
success		1       72      2       1       2       0       59912.69  28      11232.0  ms
success		1       73      3       15      3       0       58405.66  27      11232.0  ms
success		1       74      5       24      5       0       55847.15  26      11232.0  ms
success		1       75      2       7       2       0       52855.17  25      11232.0  ms
success		1       76      4       7       4       0       50853.69  24      11232.0  ms
success		1       77      6       21      6       0       48827.96  23      11232.0  ms
success		1       78      5       3       5       0       45628.66  22      11232.0  ms
success		1       79      3       14      3       0       43273.41  21      11232.0  ms
success		1       80      5       14      5       0       40654.11  20      11232.0  ms
success		1       81      3       19      3       0       38519.90  19      11232.0  ms
success		1       82      7       4       7       0       35261.91  18      11232.0  ms
success		1       83      6       2       6       0       32361.65  17      11232.0  ms
success		1       84      6       3       6       0       29673.20  16      11232.0  ms
success		1       85      11      14      10      0       29501.83  15      11232.0  ms
success		1       86      9       10      9       0       25745.55  14      11232.0  ms
success		1       87      10      6       8       0       24568.46  13      11248.0  ms
success		1       88      11      0       6       0       21087.40  12      11248.0  ms
success		1       89      9       9       8       0       18013.92  11      11248.0  ms
success		1       90      13      8       11      0       15189.50  10      11263.0  ms
success		1       91      16      6       10      0       12862.66  9       11263.0  ms
success		1       92      126     3       10      0       10018.71  8       11825.0  ms
success		1       0       1       62      1       0       133775.56 100     19875.0  ms
success		1       1       1       48      1       0       132671.16 99      19875.0  ms
success		1       2       1       48      1       0       131853.93 98      19875.0  ms
success		1       3       2       94      2       0       131036.33 97      19890.0  ms
success		1       4       1       17      1       0       130849.70 96      19890.0  ms
success		1       5       1       56      1       0       131006.87 95      19890.0  ms
success		1       6       1       16      1       0       128039.33 94      19890.0  ms
success		1       7       1       87      1       0       127939.21 93      19890.0  ms
success		1       8       1       80      1       0       127576.66 92      19890.0  ms
success		1       9       1       58      1       0       127224.47 91      19890.0  ms
success		1       10      1       58      1       0       127116.98 90      19890.0  ms
success		1       11      1       61      1       0       126768.77 89      19890.0  ms
success		1       12      3       66      3       0       124846.47 88      19890.0  ms
success		1       13      2       49      2       0       123722.81 87      19890.0  ms
success		1       14      1       46      1       0       123556.87 86      19890.0  ms
success		1       15      2       16      2       0       121550.45 85      19890.0  ms
success		1       16      1       54      1       0       121387.85 84      19890.0  ms
success		1       17      1       80      1       0       121001.32 83      19890.0  ms
success		1       18      1       43      1       0       120503.82 82      19890.0  ms
success		1       19      1       66      1       0       117929.96 81      19890.0  ms
success		1       20      1       57      1       0       116958.67 80      19890.0  ms
success		1       21      1       62      1       0       115245.16 79      19890.0  ms
success		1       22      1       76      1       0       114924.45 78      19890.0  ms
success		1       23      2       58      2       0       115010.73 77      19890.0  ms
success		1       24      1       72      1       0       114701.79 76      19890.0  ms
success		1       25      1       45      1       0       113667.38 75      19890.0  ms
success		1       26      2       32      2       0       111582.14 74      19890.0  ms
success		1       27      2       63      2       0       111105.10 73      19890.0  ms
success		1       28      3       4       3       0       110637.78 72      19890.0  ms
success		1       29      1       6       1       0       110291.41 71      19890.0  ms
success		1       30      2       23      2       0       110114.87 70      19890.0  ms
success		1       31      1       58      1       0       109832.93 69      19890.0  ms
success		1       32      1       52      1       0       109795.56 68      19890.0  ms
success		1       33      1       34      1       0       108748.97 67      19890.0  ms
success		1       34      2       40      2       0       108751.72 66      19890.0  ms
success		1       35      1       51      1       0       108515.56 65      19890.0  ms
success		1       36      1       20      1       0       107779.65 64      19890.0  ms
success		1       37      3       42      3       0       106872.64 63      19890.0  ms
success		1       38      1       12      1       0       105537.03 62      19890.0  ms
success		1       39      1       35      1       0       105226.14 61      19890.0  ms
success		1       40      2       40      2       0       103204.01 60      19890.0  ms
success		1       41      1       30      1       0       102545.78 59      19890.0  ms
success		1       42      1       34      1       0       101358.72 58      19890.0  ms
success		1       43      1       19      1       0       100890.46 57      19890.0  ms
success		1       44      1       39      1       0       99640.91  56      19890.0  ms
success		1       45      2       22      2       0       98496.57  55      19890.0  ms
success		1       46      2       48      2       0       99037.87  54      19890.0  ms
success		1       47      3       18      3       0       98400.74  53      19890.0  ms
success		1       48      2       0       2       0       97195.77  52      19890.0  ms
success		1       49      3       11      3       0       95490.57  51      19890.0  ms
success		1       50      2       43      2       0       92657.17  50      19890.0  ms
success		1       51      4       44      4       0       89442.47  49      19890.0  ms
success		1       52      4       7       4       0       87298.34  48      19890.0  ms
success		1       53      1       33      1       0       86976.15  47      19890.0  ms
success		1       54      3       31      3       0       84542.45  46      19890.0  ms
success		1       55      3       28      3       0       84026.21  45      19890.0  ms
success		1       56      1       44      1       0       82920.01  44      19890.0  ms
success		1       57      3       23      3       0       80483.40  43      19890.0  ms
success		1       58      1       1       1       0       77890.06  42      19890.0  ms
success		1       59      3       23      3       0       76569.43  41      19890.0  ms
success		1       60      5       32      5       0       76381.91  40      19890.0  ms
success		1       61      1       26      1       0       75123.87  39      19890.0  ms
success		1       62      2       29      2       0       74041.87  38      19890.0  ms
success		1       63      3       4       3       0       72356.07  37      19890.0  ms
success		1       64      2       20      2       0       70290.78  36      19890.0  ms
success		1       65      4       7       4       0       69264.01  35      19890.0  ms
success		1       66      1       34      1       0       67644.68  34      19890.0  ms
success		1       67      5       3       5       0       66934.38  33      19890.0  ms
success		1       68      2       32      2       0       64251.30  32      19890.0  ms
success		1       69      2       8       2       0       62704.92  31      19890.0  ms
success		1       70      5       12      5       0       61988.19  30      19890.0  ms
success		1       71      6       5       6       0       61392.53  29      19890.0  ms
success		1       72      3       17      3       0       58988.37  28      19890.0  ms
success		1       73      4       15      4       0       55820.39  27      19890.0  ms
success		1       74      5       18      5       0       53660.47  26      19890.0  ms
success		1       75      4       22      4       0       50997.81  25      19890.0  ms
success		1       76      5       12      5       0       49453.10  24      19890.0  ms
success		1       77      3       8       3       0       47552.44  23      19890.0  ms
success		1       78      8       21      8       0       45842.86  22      19890.0  ms
success		1       79      4       15      4       0       43502.56  21      19890.0  ms
success		1       80      9       12      9       0       41733.57  20      19906.0  ms
success		1       81      8       0       8       0       38635.91  19      19906.0  ms
success		1       82      5       3       5       0       36578.60  18      19906.0  ms
success		1       83      4       5       4       0       34067.09  17      19906.0  ms
success		1       84      5       4       5       0       31693.12  16      19906.0  ms
success		1       85      7       13      7       0       28801.78  15      19906.0  ms
success		1       86      6       11      6       0       26015.27  14      19906.0  ms
success		1       87      8       6       8       0       23757.18  13      19906.0  ms
success		1       88      9       0       9       0       21189.96  12      19906.0  ms
success		1       89      12      3       11      0       18718.66  11      19906.0  ms
success		1       90      19      10      9       0       15494.51  10      19953.0  ms
success		1       91      18      9       10      0       12693.40  9       19984.0  ms
success		1       92      40      6       12      0       9602.74   8       20124.0  ms
success		1       0       1       68      1       0       135527.24 100     30857.0  ms
success		1       1       1       20      1       0       134183.82 99      30857.0  ms
success		1       2       1       69      1       0       133929.57 98      30857.0  ms
success		1       3       1       68      1       0       133479.88 97      30857.0  ms
success		1       4       1       67      1       0       133368.75 96      30857.0  ms
success		1       5       1       19      1       0       132229.37 95      30857.0  ms
success		1       6       1       54      1       0       131227.74 94      30857.0  ms
success		1       7       1       3       1       0       128552.09 93      30857.0  ms
success		1       8       1       69      1       0       126515.72 92      30857.0  ms
success		1       9       1       41      1       0       126383.83 91      30857.0  ms
success		1       10      1       35      1       0       126086.87 90      30857.0  ms
success		1       11      1       39      1       0       125909.06 89      30857.0  ms
success		1       12      1       64      1       0       125776.11 88      30857.0  ms
success		1       13      1       39      1       0       124127.41 87      30857.0  ms
success		1       14      2       81      2       0       124358.47 86      30857.0  ms
success		1       15      1       20      1       0       121336.52 85      30857.0  ms
success		1       16      1       69      1       0       121117.82 84      30857.0  ms
success		1       17      1       24      1       0       120233.35 83      30857.0  ms
success		1       18      1       1       1       0       120428.26 82      30857.0  ms
success		1       19      1       75      1       0       120163.89 81      30857.0  ms
success		1       20      1       36      1       0       119924.06 80      30857.0  ms
success		1       21      1       50      1       0       119696.21 79      30857.0  ms
success		1       22      1       50      1       0       119533.60 78      30857.0  ms
success		1       23      1       71      1       0       118301.39 77      30857.0  ms
success		1       24      1       41      1       0       116665.03 76      30857.0  ms
success		1       25      1       25      1       0       115211.15 75      30857.0  ms
success		1       26      1       48      1       0       112351.70 74      30857.0  ms
success		1       27      2       13      2       0       114614.63 73      30857.0  ms
success		1       28      1       17      1       0       114037.97 72      30857.0  ms
success		1       29      1       35      1       0       111438.37 71      30857.0  ms
success		1       30      1       54      1       0       109421.56 70      30857.0  ms
success		1       31      1       49      1       0       109015.06 69      30857.0  ms
success		1       32      1       58      1       0       107944.94 68      30857.0  ms
success		1       33      3       16      3       0       106972.47 67      30857.0  ms
success		1       34      3       26      3       0       105774.35 66      30857.0  ms
success		1       35      1       33      1       0       105608.41 65      30857.0  ms
success		1       36      3       5       3       0       103254.29 64      30857.0  ms
success		1       37      2       12      2       0       103019.28 63      30857.0  ms
success		1       38      1       12      1       0       102498.20 62      30857.0  ms
success		1       39      1       38      1       0       102260.66 61      30857.0  ms
success		1       40      2       24      2       0       102278.25 60      30857.0  ms
success		1       41      2       51      2       0       98986.63  59      30857.0  ms
success		1       42      3       42      3       0       97115.16  58      30857.0  ms
success		1       43      2       36      2       0       94534.26  57      30857.0  ms
success		1       44      1       39      1       0       94542.29  56      30857.0  ms
success		1       45      1       11      1       0       93404.03  55      30857.0  ms
success		1       46      1       29      1       0       92369.65  54      30857.0  ms
success		1       47      1       11      1       0       91297.77  53      30857.0  ms
success		1       48      1       48      1       0       91029.90  52      30857.0  ms
success		1       49      1       21      1       0       90304.59  51      30857.0  ms
success		1       50      2       22      2       0       89990.01  50      30857.0  ms
success		1       51      2       2       2       0       88679.47  49      30857.0  ms
success		1       52      2       8       2       0       86885.65  48      30857.0  ms
success		1       53      1       1       1       0       86318.46  47      30857.0  ms
success		1       54      2       8       2       0       86418.27  46      30857.0  ms
success		1       55      2       36      2       0       85280.43  45      30857.0  ms
success		1       56      1       32      1       0       83023.50  44      30857.0  ms
success		1       57      2       33      2       0       83006.48  43      30857.0  ms
success		1       58      2       31      2       0       81903.28  42      30873.0  ms
success		1       59      1       40      1       0       80358.66  41      30873.0  ms
success		1       60      4       4       4       0       78232.59  40      30873.0  ms
success		1       61      2       9       2       0       77329.38  39      30873.0  ms
success		1       62      3       0       3       0       75889.20  38      30873.0  ms
success		1       63      3       17      3       0       74513.27  37      30873.0  ms
success		1       64      1       28      1       0       74534.65  36      30873.0  ms
success		1       65      1       18      1       0       73513.03  35      30873.0  ms
success		1       66      1       13      1       0       70604.86  34      30873.0  ms
success		1       67      1       28      1       0       70220.32  33      30873.0  ms
success		1       68      1       0       1       0       68895.11  32      30873.0  ms
success		1       69      3       24      3       0       66648.29  31      30873.0  ms
success		1       70      3       25      3       0       65839.25  30      30873.0  ms
success		1       71      3       12      3       0       63407.35  29      30873.0  ms
success		1       72      2       15      2       0       61136.26  28      30873.0  ms
success		1       73      1       4       1       0       59040.03  27      30873.0  ms
success		1       74      3       1       3       0       56994.18  26      30873.0  ms
success		1       75      7       5       7       0       53904.66  25      30873.0  ms
success		1       76      4       3       4       0       52004.69  24      30873.0  ms
success		1       77      7       14      7       0       50038.08  23      30873.0  ms
success		1       78      3       3       3       0       47002.98  22      30873.0  ms
success		1       79      3       16      3       0       45077.42  21      30873.0  ms
success		1       80      5       7       5       0       42460.57  20      30873.0  ms
success		1       81      3       8       3       0       39556.03  19      30873.0  ms
success		1       82      8       2       8       0       37568.71  18      30873.0  ms
success		1       83      4       15      4       0       34532.06  17      30873.0  ms
success		1       84      6       9       6       0       31775.71  16      30873.0  ms
success		1       85      9       6       9       0       29941.71  15      30873.0  ms
success		1       86      7       2       5       0       27653.89  14      30873.0  ms
success		1       87      9       0       9       0       24951.48  13      30873.0  ms
success		1       88      11      6       8       0       21793.77  12      30888.0  ms
success		1       89      16      9       8       0       19532.85  11      30920.0  ms
success		1       90      19      9       11      0       16377.96  10      30951.0  ms
success		1       91      26      2       10      0       12853.50  9       31029.0  ms
success		1       92      72      6       12      0       10196.70  8       31388.0  ms
success		1       0       1       90      1       0       135608.23 100     40093.0  ms
success		1       1       1       71      1       0       134714.44 99      40093.0  ms
success		1       2       1       60      1       0       132139.74 98      40093.0  ms
success		1       3       1       35      1       0       129828.33 97      40093.0  ms
success		1       4       1       33      1       0       129667.93 96      40093.0  ms
success		1       5       1       13      1       0       127826.78 95      40093.0  ms
success		1       6       1       48      1       0       127711.36 94      40093.0  ms
success		1       7       1       54      1       0       126268.86 93      40093.0  ms
success		1       8       1       38      1       0       125875.93 92      40093.0  ms
success		1       9       1       12      1       0       126065.20 91      40093.0  ms
success		1       10      1       67      1       0       125408.73 90      40093.0  ms
success		1       11      1       53      1       0       125293.09 89      40093.0  ms
success		1       12      1       38      1       0       124866.94 88      40093.0  ms
success		1       13      1       65      1       0       124579.14 87      40093.0  ms
success		1       14      1       72      1       0       123886.96 86      40093.0  ms
success		1       15      1       38      1       0       123592.36 85      40093.0  ms
success		1       16      2       15      2       0       124270.48 84      40093.0  ms
success		1       17      1       37      1       0       123794.22 83      40093.0  ms
success		1       18      1       50      1       0       123631.62 82      40093.0  ms
success		1       19      1       8       1       0       122623.98 81      40093.0  ms
success		1       20      1       65      1       0       122542.62 80      40093.0  ms
success		1       21      1       39      1       0       120028.12 79      40093.0  ms
success		1       22      1       58      1       0       119516.88 78      40093.0  ms
success		1       23      2       55      2       0       119215.18 77      40093.0  ms
success		1       24      2       62      2       0       116231.52 76      40093.0  ms
success		1       25      2       6       2       0       115669.13 75      40093.0  ms
success		1       26      2       5       2       0       114249.24 74      40093.0  ms
success		1       27      1       50      1       0       114118.32 73      40093.0  ms
success		1       28      1       48      1       0       110878.51 72      40093.0  ms
success		1       29      1       23      1       0       110858.51 71      40093.0  ms
success		1       30      1       37      1       0       110405.52 70      40093.0  ms
success		1       31      4       65      4       0       109241.63 69      40093.0  ms
success		1       32      1       61      1       0       109126.86 68      40093.0  ms
success		1       33      1       58      1       0       109070.40 67      40093.0  ms
success		1       34      2       43      2       0       106876.45 66      40093.0  ms
success		1       35      1       8       1       0       106492.43 65      40093.0  ms
success		1       36      1       31      1       0       106409.27 64      40093.0  ms
success		1       37      2       53      2       0       105463.21 63      40093.0  ms
success		1       38      1       46      1       0       105144.10 62      40093.0  ms
success		1       39      2       48      2       0       102601.97 61      40093.0  ms
success		1       40      1       33      1       0       101528.45 60      40093.0  ms
success		1       41      2       21      2       0       100956.80 59      40093.0  ms
success		1       42      2       47      2       0       98585.58  58      40093.0  ms
success		1       43      1       8       1       0       97323.86  57      40093.0  ms
success		1       44      1       54      1       0       97261.58  56      40093.0  ms
success		1       45      2       11      2       0       95977.81  55      40093.0  ms
success		1       46      2       22      2       0       95623.15  54      40093.0  ms
success		1       47      1       8       1       0       93132.16  53      40093.0  ms
success		1       48      3       9       3       0       92171.45  52      40093.0  ms
success		1       49      3       41      3       0       89354.61  51      40093.0  ms
success		1       50      1       28      1       0       88378.16  50      40093.0  ms
success		1       51      3       36      3       0       86477.28  49      40093.0  ms
success		1       52      3       32      3       0       85929.35  48      40093.0  ms
success		1       53      1       40      1       0       82960.32  47      40093.0  ms
success		1       54      2       10      2       0       81467.41  46      40093.0  ms
success		1       55      2       9       2       0       81093.60  45      40093.0  ms
success		1       56      3       34      3       0       79354.65  44      40093.0  ms
success		1       57      2       21      2       0       78389.52  43      40093.0  ms
success		1       58      1       17      1       0       76768.91  42      40093.0  ms
success		1       59      2       3       2       0       76659.23  41      40093.0  ms
success		1       60      2       1       2       0       74377.49  40      40093.0  ms
success		1       61      3       16      3       0       72536.13  39      40093.0  ms
success		1       62      1       22      1       0       71905.58  38      40093.0  ms
success		1       63      1       10      1       0       68600.02  37      40093.0  ms
success		1       64      2       2       2       0       68426.72  36      40093.0  ms
success		1       65      3       9       3       0       66031.04  35      40093.0  ms
success		1       66      1       18      1       0       65222.47  34      40093.0  ms
success		1       67      2       1       2       0       62875.49  33      40093.0  ms
success		1       68      4       26      4       0       60630.11  32      40093.0  ms
success		1       69      2       20      2       0       59935.66  31      40093.0  ms
success		1       70      5       8       5       0       58369.00  30      40093.0  ms
success		1       71      5       0       5       0       56952.68  29      40093.0  ms
success		1       72      2       13      2       0       54733.64  28      40093.0  ms
success		1       73      8       10      8       0       52832.21  27      40093.0  ms
success		1       74      5       7       5       0       50545.17  26      40093.0  ms
success		1       75      4       1       4       0       49080.47  25      40093.0  ms
success		1       76      6       7       6       0       46233.14  24      40093.0  ms
success		1       77      4       16      4       0       43299.67  23      40093.0  ms
success		1       78      4       22      4       0       40438.43  22      40093.0  ms
success		1       79      2       18      2       0       38079.03  21      40108.0  ms
success		1       80      9       9       9       0       35985.22  20      40108.0  ms
success		1       81      5       17      5       0       35341.67  19      40108.0  ms
success		1       82      4       12      4       0       33320.42  18      40108.0  ms
success		1       83      5       9       5       0       30335.11  17      40108.0  ms
success		1       84      4       13      4       0       27408.74  16      40108.0  ms
success		1       85      9       2       9       0       26171.03  15      40108.0  ms
success		1       86      7       4       7       0       24642.57  14      40108.0  ms
success		1       87      8       3       7       0       25371.86  13      40108.0  ms
success		1       88      6       5       6       0       22518.60  12      40108.0  ms
success		1       89      9       2       9       0       19403.38  11      40108.0  ms
success		1       90      10      9       10      0       16036.10  10      40108.0  ms
success		1       91      42      0       12      0       12755.26  9       40280.0  ms
success		1       92      75      3       12      0       10065.60  8       40670.0  ms
success		1       0       1       76      1       0       135389.68 100     50451.0  ms
success		1       1       1       2       1       0       133925.69 99      50451.0  ms
success		1       2       1       58      1       0       133821.22 98      50451.0  ms
success		1       3       1       21      1       0       131311.46 97      50451.0  ms
success		1       4       1       56      1       0       130903.69 96      50451.0  ms
success		1       5       1       62      1       0       128331.28 95      50451.0  ms
success		1       6       1       23      1       0       125129.36 94      50451.0  ms
success		1       7       1       58      1       0       124624.63 93      50451.0  ms
success		1       8       1       25      1       0       124325.00 92      50451.0  ms
success		1       9       1       63      1       0       124194.94 91      50451.0  ms
success		1       10      1       35      1       0       123647.74 90      50451.0  ms
success		1       11      1       81      1       0       123532.97 89      50451.0  ms
success		1       12      1       13      1       0       122152.27 88      50451.0  ms
success		1       13      1       64      1       0       121922.85 87      50451.0  ms
success		1       14      1       50      1       0       120465.31 86      50451.0  ms
success		1       15      1       83      1       0       120403.02 85      50451.0  ms
success		1       16      1       80      1       0       119966.24 84      50451.0  ms
success		1       17      1       66      1       0       119581.28 83      50451.0  ms
success		1       18      1       54      1       0       119028.14 82      50451.0  ms
success		1       19      2       21      2       0       118974.97 81      50451.0  ms
success		1       20      1       77      1       0       118771.27 80      50451.0  ms
success		1       21      1       72      1       0       116465.20 79      50451.0  ms
success		1       22      1       40      1       0       115998.64 78      50451.0  ms
success		1       23      1       62      1       0       114522.00 77      50451.0  ms
success		1       24      1       73      1       0       112561.01 76      50451.0  ms
success		1       25      2       10      2       0       111895.34 75      50451.0  ms
success		1       26      1       30      1       0       110928.61 74      50451.0  ms
success		1       27      1       56      1       0       110722.89 73      50451.0  ms
success		1       28      1       47      1       0       108010.26 72      50451.0  ms
success		1       29      3       66      3       0       106561.49 71      50451.0  ms
success		1       30      2       39      2       0       103864.48 70      50451.0  ms
success		1       31      2       12      2       0       102602.40 69      50451.0  ms
success		1       32      1       36      1       0       100269.00 68      50451.0  ms
success		1       33      1       6       1       0       99814.31  67      50451.0  ms
success		1       34      2       43      2       0       98157.02  66      50451.0  ms
success		1       35      1       35      1       0       97292.26  65      50451.0  ms
success		1       36      2       53      2       0       94385.79  64      50451.0  ms
success		1       37      1       60      1       0       94315.72  63      50451.0  ms
success		1       38      2       2       2       0       93003.54  62      50451.0  ms
success		1       39      2       45      2       0       93303.48  61      50451.0  ms
success		1       40      2       26      2       0       92162.97  60      50451.0  ms
success		1       41      3       15      3       0       91081.11  59      50451.0  ms
success		1       42      3       4       3       0       90592.19  58      50451.0  ms
success		1       43      2       13      2       0       89750.91  57      50451.0  ms
success		1       44      1       28      1       0       88221.69  56      50451.0  ms
success		1       45      3       26      3       0       88071.33  55      50451.0  ms
success		1       46      1       13      1       0       85147.50  54      50451.0  ms
success		1       47      1       15      1       0       85169.39  53      50451.0  ms
success		1       48      2       47      2       0       85987.74  52      50451.0  ms
success		1       49      1       22      1       0       85946.91  51      50451.0  ms
success		1       50      1       15      1       0       85666.84  50      50451.0  ms
success		1       51      2       39      2       0       83848.37  49      50451.0  ms
success		1       52      1       48      1       0       81229.01  48      50451.0  ms
success		1       53      2       40      2       0       81097.92  47      50451.0  ms
success		1       54      2       21      2       0       79661.58  46      50451.0  ms
success		1       55      1       28      1       0       79007.93  45      50451.0  ms
success		1       56      1       24      1       0       78102.46  44      50451.0  ms
success		1       57      2       20      2       0       77804.64  43      50451.0  ms
success		1       58      1       8       1       0       77028.50  42      50451.0  ms
success		1       59      6       16      6       0       74650.34  41      50467.0  ms
success		1       60      2       27      2       0       71896.64  40      50467.0  ms
success		1       61      4       38      4       0       71137.19  39      50467.0  ms
success		1       62      5       12      5       0       73533.93  38      50467.0  ms
success		1       63      2       15      2       0       72398.00  37      50467.0  ms
success		1       64      3       25      3       0       70203.40  36      50467.0  ms
success		1       65      3       1       3       0       68925.77  35      50467.0  ms
success		1       66      3       25      3       0       67867.45  34      50467.0  ms
success		1       67      3       24      3       0       64991.81  33      50467.0  ms
success		1       68      4       15      4       0       65311.17  32      50467.0  ms
success		1       69      3       3       3       0       63567.35  31      50467.0  ms
success		1       70      4       30      4       0       61445.70  30      50467.0  ms
success		1       71      4       25      4       0       60589.83  29      50467.0  ms
success		1       72      3       8       3       0       59210.46  28      50467.0  ms
success		1       73      3       8       3       0       56795.94  27      50467.0  ms
success		1       74      7       19      7       0       55702.53  26      50467.0  ms
success		1       75      4       3       4       0       53103.98  25      50467.0  ms
success		1       76      4       2       4       0       50478.57  24      50467.0  ms
success		1       77      3       6       3       0       48115.19  23      50467.0  ms
success		1       78      5       18      5       0       47104.26  22      50467.0  ms
success		1       79      2       7       2       0       44764.18  21      50467.0  ms
success		1       80      5       11      5       0       42771.37  20      50467.0  ms
success		1       81      4       16      4       0       39679.81  19      50467.0  ms
success		1       82      4       18      4       0       37416.00  18      50467.0  ms
success		1       83      6       8       6       0       35205.40  17      50467.0  ms
success		1       84      4       6       4       0       32237.88  16      50467.0  ms
success		1       85      7       7       7       0       29421.09  15      50467.0  ms
success		1       86      11      1       9       0       26862.39  14      50467.0  ms
success		1       87      7       13      7       0       22975.53  13      50467.0  ms
success		1       88      14      9       9       0       20814.38  12      50482.0  ms
success		1       89      10      4       9       0       18484.27  11      50498.0  ms
success		1       90      13      7       10      0       15533.75  10      50514.0  ms
success		1       91      15      5       12      0       13052.91  9       50514.0  ms
success		1       92      26      5       13      0       10093.99  8       50592.0  ms
cross iterater0
bad   	success		6321.01   6821.00   7       67097.0  ms cross
rand   	
bad   	success		8529.86   9681.44   8       74210.0  ms cross
rand   	fail		6802.80   9734.77   8       81137.0  ms cross
ab
ab6	5
ab7	3
fail		6583.09   8611.11   8       90716.0  ms
cross iterater1
bad   	success		8413.11   9988.31   8       91293.0  ms cross
rand   	fail		6834.16   9709.49   8       101963.0 ms cross
bad   	success		8158.61   9830.59   8       102307.0 ms cross
rand   	fail		6511.31   9386.23   8       113398.0 ms cross
ab
ab6	1
success		5868.35   6826.31   7       118422.0 ms
cross iterater2
ab
ab6	3
ab7	2
fail		6321.01   6902.27   7       126471.0 ms
fail		5868.35   6989.05   7       133148.0 ms
cross iterater3
bad   	fail		6581.17   9809.51   8       143632.0 ms cross
rand   	success		6186.09   6841.91   7       154599.0 ms cross
bad   	success		6438.71   6822.20   7       164255.0 ms cross
rand   	
ab
ab6	4
ab7	5
fail		6333.73   6968.97   7       182383.0 ms
fail		6298.86   6811.64   7       188451.0 ms
cross iterater4
bad   	fail		6217.91   10123.70  8       203849.0 ms cross
rand   	success		6509.66   6962.04   7       211867.0 ms cross
bad   	
rand   	success		6361.31   6614.92   7       234316.0 ms cross
ab
ab6	1
cross iterater5
ab
ab6	3
fail		6283.90   7017.38   7       240556.0 ms
fail		6227.26   6844.76   7       247389.0 ms
cross iterater6
ab
ab7	0
fail		6310.50   6884.09   7       254566.0 ms
cross iterater7
bad   	fail		6590.49   9161.59   8       263629.0 ms cross
rand   	fail		6701.97   9585.80   8       268606.0 ms cross
bad   	
rand   	success		6281.70   6815.04   7       280041.0 ms cross
ab
ab6	4
ab7	0
fail		6321.01   6902.27   7       287389.0 ms
cross iterater8
bad   	success		6356.80   6809.27   7       294861.0 ms cross
rand   	
bad   	fail		6665.51   9490.11   8       313722.0 ms cross
rand   	fail		6697.87   8362.70   8       324798.0 ms cross
ab
ab6	4
ab7	3
fail		6237.15   7054.10   7       331771.0 ms
fail		6361.31   6908.89   7       338714.0 ms
cross iterater9
bad   	success		6402.55   6686.38   7       338885.0 ms cross
rand   	
bad   	fail		6461.57   9419.71   8       359306.0 ms cross
rand   	fail		6539.76   9577.98   8       371771.0 ms cross
ab
ab6	4
ab7	0
fail		6402.55   6936.42   7       379462.0 ms
cross iterater10
bad   	success		6533.85   6731.04   7       386482.0 ms cross
rand   	
bad   	fail		6569.50   9943.78   8       407464.0 ms cross
rand   	success		6229.70   6810.35   7       408852.0 ms cross
ab
ab6	0
ab7	2
fail		6249.97   7044.55   7       413517.0 ms
fail		6321.46   6935.06   7       417947.0 ms
cross iterater11
ab
ab6	4
ab7	3
fail		6232.76   6985.21   7       423938.0 ms
cross iterater12
bad   	fail		6552.18   10330.19  8       431083.0 ms cross
rand   	
bad   	success		6493.12   6844.14   7       443860.0 ms cross
rand   	
ab
ab7	0
ab6	2
fail		6229.70   6991.72   7       456153.0 ms
cross iterater13
bad   	success		6558.60   6784.73   7       458025.0 ms cross
rand   	
bad   	fail		6541.98   9242.26   8       468602.0 ms cross
rand   	success		6475.64   6784.21   7       470240.0 ms cross
ab
ab6	5
ab7	1
cross iterater14
ab
ab6	2
fail		6234.83   6936.20   7       475559.0 ms
fail		6203.54   6985.21   7       479896.0 ms
cross iterater15
bad   	success		6346.38   6650.08   7       484530.0 ms cross
rand   	
bad   	success		6036.54   6779.79   7       493110.0 ms cross
rand   	
ab
ab7	1
fail		6346.38   6924.18   7       504716.0 ms
cross iterater16
bad   	
rand   	fail		6450.43   9506.03   8       517493.0 ms cross
bad   	fail		6533.74   8514.17   8       523686.0 ms cross
rand   	fail		6954.38   9640.45   8       534372.0 ms cross
ab
ab7	1
ab6	3
cross iterater17
bad   	success		6000.09   6605.67   7       535355.0 ms cross
rand   	
bad   	fail		6700.38   10246.54  8       553389.0 ms cross
rand   	fail		6613.91   9400.07   8       568553.0 ms cross
ab
ab7	2
cross iterater18
bad   	fail		6519.47   9464.05   8       584184.0 ms cross
rand   	fail		6781.18   8581.36   8       593903.0 ms cross
bad   	fail		6178.56   9318.25   8       602780.0 ms cross
rand   	success		6399.29   6378.77   7       614698.0 ms cross
ab
ab7	3
ab6	0
cross iterater19
bad   	fail		6701.11   9395.26   8       622795.0 ms cross
rand   	success		6360.17   6903.56   7       632483.0 ms cross
bad   	fail		6873.33   9067.24   8       646117.0 ms cross
rand   	
ab
ab7	5
ab6	3
fail		6000.09   6846.25   7       667880.0 ms
fail		6238.64   6975.30   7       675649.0 ms
cross iterater20
bad   	fail		6725.21   9840.65   8       685727.0 ms cross
rand   	fail		6693.57   9487.73   8       695477.0 ms cross
bad   	fail		6694.37   9564.65   8       709252.0 ms cross
rand   	success		6586.29   6760.51   7       715804.0 ms cross
ab
ab7	3
fail		6061.53   6920.51   7       722965.0 ms
cross iterater21
ab
ab7	3
cross iterater22
bad   	fail		6597.19   9495.68   8       732871.0 ms cross
rand   	
bad   	fail		6670.04   9964.18   8       755522.0 ms cross
rand   	fail		6280.54   7757.35   8       763837.0 ms cross
ab
ab7	4
ab6	2
cross iterater23
bad   	success		6346.05   6801.79   7       770343.0 ms cross
rand   	
bad   	fail		6675.31   9723.19   8       786723.0 ms cross
rand   	fail		6524.00   8348.82   8       796879.0 ms cross
ab
ab7	5
ab6	1
fail		6248.72   6829.46   7       804850.0 ms
cross iterater24
bad   	fail		6489.98   9124.17   8       813961.0 ms cross
rand   	fail		7163.26   9962.23   8       822182.0 ms cross
bad   	success		6569.22   6712.48   7       826457.0 ms cross
rand   	
ab
ab6	2
ab7	5
fail		6117.61   6804.73   7       840981.0 ms
cross iterater25
bad   	success		6270.56   6475.56   7       841246.0 ms cross
rand   	
bad   	fail		6505.98   10180.04  8       858406.0 ms cross
rand   	fail		6613.83   9565.31   8       872883.0 ms cross
ab
ab6	2
cross iterater26
bad   	fail		6885.79   9552.78   8       881776.0 ms cross
rand   	fail		6557.79   8646.41   8       890137.0 ms cross
bad   	success		6424.86   6889.57   7       902508.0 ms cross
rand   	
ab
ab6	1
ab7	4
fail		6128.70   6754.34   7       917547.0 ms
cross iterater27
bad   	fail		6607.53   9574.51   8       935285.0 ms cross
rand   	success		6246.51   6751.05   7       941478.0 ms cross
bad   	success		6007.47   6539.75   7       941806.0 ms cross
rand   	
ab
ab6	3
ab7	5
fail		6031.03   6866.48   7       953147.0 ms
cross iterater28
bad   	
rand   	
bad   	
rand   	
ab
ab6	1
fail		6098.37   6757.49   7       986485.0 ms
cross iterater29
bad   	success		6140.84   6800.55   7       991056.0 ms cross
rand   	
bad   	fail		6291.34   9446.59   8       1015517.0 ms cross
rand   	success		6117.58   6405.78   7       1022896.0 ms cross
ab
ab6	5
ab7	0
cross iterater30
bad   	
rand   	
bad   	
rand   	
ab
ab6	5
ab7	0
fail		6069.29   6784.95   7       1058480.0 ms
fail		6117.77   6821.30   7       1066140.0 ms
cross iterater31
bad   	
rand   	success		6486.28   6951.81   7       1079806.0 ms cross
bad   	success		6040.42   6821.06   7       1080071.0 ms cross
rand   	
ab
ab6	0
ab7	3
fail		6069.29   6784.95   7       1093986.0 ms
fail		6117.77   6821.30   7       1100632.0 ms
cross iterater32
bad   	success		6468.53   6408.63   7       1105265.0 ms cross
rand   	
bad   	fail		6647.73   9446.13   8       1125374.0 ms cross
rand   	success		6180.79   6835.50   7       1133518.0 ms cross
ab
ab6	5
ab7	0
fail		6468.53   6771.50   7       1141848.0 ms
fail		6069.29   6784.95   7       1150085.0 ms
cross iterater33
bad   	fail		6016.54   9383.90   8       1163829.0 ms cross
rand   	success		6518.96   6861.67   7       1166949.0 ms cross
bad   	
rand   	success		6482.30   6882.91   7       1182175.0 ms cross
ab
ab6	2
ab7	4
fail		6079.10   6814.28   7       1187120.0 ms
cross iterater34
bad   	
rand   	
bad   	
rand   	
ab
ab7	0
fail		6102.72   6790.86   7       1227307.0 ms
cross iterater35
bad   	success		6305.84   6721.97   7       1229381.0 ms cross
rand   	
bad   	fail		6764.59   9754.51   8       1248663.0 ms cross
rand   	fail		6713.47   9026.21   8       1260161.0 ms cross
ab
ab6	2
ab7	0
fail		6097.18   6782.48   7       1268055.0 ms
cross iterater36
bad   	fail		6795.10   10089.90  8       1279146.0 ms cross
rand   	fail		6779.41   9433.02   8       1291923.0 ms cross
bad   	success		6196.17   6919.79   7       1292251.0 ms cross
rand   	
ab
ab7	1
ab6	5
fail		6102.72   6790.86   7       1304419.0 ms
fail		6067.67   6760.60   7       1311423.0 ms
cross iterater37
bad   	fail		6362.39   9451.76   8       1326213.0 ms cross
rand   	success		6366.45   6780.13   7       1334418.0 ms cross
bad   	success		6004.74   6742.29   7       1334434.0 ms cross
rand   	
ab
ab7	0
fail		6104.40   6798.63   7       1348708.0 ms
cross iterater38
bad   	
rand   	
bad   	
rand   	
ab
ab7	3
ab6	2
fail		6067.67   6760.60   7       1375884.0 ms
cross iterater39
bad   	fail		6639.56   9599.45   8       1382233.0 ms cross
rand   	success		6116.87   6607.84   7       1386898.0 ms cross
bad   	fail		6795.29   9173.63   8       1394698.0 ms cross
rand   	fail		6448.79   10209.92  8       1403543.0 ms cross
ab
ab7	3
fail		6110.85   6801.67   7       1412888.0 ms
fail		6097.18   6782.48   7       1419721.0 ms
cross iterater40
ab
ab7	0
cross iterater41
ab
ab6	3
ab7	2
fail		6207.14   7020.90   7       1427193.0 ms
fail		6067.67   6760.60   7       1434463.0 ms
cross iterater42
bad   	success		5875.29   6622.51   7       1438332.0 ms cross
rand   	
bad   	
rand   	success		6222.15   6742.41   7       1459517.0 ms cross
ab
ab6	3
ab7	2
fail		6222.15   7020.48   7       1465929.0 ms
cross iterater43
bad   	success		6216.89   6633.75   7       1470468.0 ms cross
rand   	
bad   	success		6373.33   6721.36   7       1479376.0 ms cross
rand   	
ab
ab6	1
ab7	5
fail		6333.65   7034.01   7       1496521.0 ms
fail		6067.67   6760.60   7       1503198.0 ms
cross iterater44
bad   	fail		6658.18   7848.42   8       1517363.0 ms cross
rand   	
bad   	success		6316.53   6811.77   7       1530966.0 ms cross
rand   	
ab
ab6	2
ab7	3
fail		6167.04   6810.23   7       1542589.0 ms
fail		6316.53   6988.90   7       1550810.0 ms
cross iterater45
bad   	success		6144.17   6753.05   7       1551013.0 ms cross
rand   	
bad   	success		6333.49   6819.16   7       1556052.0 ms cross
rand   	
ab
ab6	4
ab7	5
fail		6425.59   6945.79   7       1568891.0 ms
cross iterater46
bad   	
rand   	
bad   	
rand   	
ab
ab7	4
fail		6333.49   6921.94   7       1599592.0 ms
cross iterater47
bad   	success		6295.89   6871.92   7       1603898.0 ms cross
rand   	
bad   	fail		6352.19   9601.56   8       1616643.0 ms cross
rand   	fail		6446.66   9533.62   8       1622634.0 ms cross
ab
ab7	2
fail		6374.09   6953.72   7       1629233.0 ms
fail		6140.00   6832.96   7       1633585.0 ms
cross iterater48
ab
ab7	0
fail		6140.00   6832.96   7       1637735.0 ms
fail		6179.94   6832.96   7       1641978.0 ms
cross iterater49
bad   	success		6414.70   6721.73   7       1646253.0 ms cross
rand   	
bad   	fail		6382.44   9066.65   8       1657422.0 ms cross
rand   	success		6033.99   6846.74   7       1662134.0 ms cross
ab
ab6	3
ab7	4
cross iterater50
ab
ab6	2
ab7	5
cross iterater51
bad   	
rand   	
bad   	
rand   	
ab
ab6	5
ab7	1
cross iterater52
bad   	success		6285.76   6576.72   7       1680277.0 ms cross
rand   	
bad   	fail		6574.39   9075.25   8       1692586.0 ms cross
rand   	success		6104.11   6585.93   7       1699418.0 ms cross
ab
ab6	0
cross iterater53
bad   	success		6634.90   6750.23   7       1704395.0 ms cross
rand   	
bad   	success		6406.09   6645.06   7       1710386.0 ms cross
rand   	
ab
ab6	5
ab7	4
fail		6205.27   6820.14   7       1721041.0 ms
cross iterater54
bad   	fail		6405.76   9419.15   8       1729574.0 ms cross
rand   	success		5946.71   6521.86   7       1735596.0 ms cross
bad   	fail		6276.28   9907.45   8       1741883.0 ms cross
rand   	fail		6254.54   9894.56   8       1752475.0 ms cross
ab
ab6	4
fail		6104.11   6884.56   7       1757748.0 ms
cross iterater55
bad   	success		6141.80   6787.90   7       1757764.0 ms cross
rand   	
bad   	fail		6188.28   9186.32   8       1769074.0 ms cross
rand   	fail		6622.88   10170.84  8       1775751.0 ms cross
ab
ab6	1
ab7	0
cross iterater56
bad   	fail		6831.18   8981.48   8       1784393.0 ms cross
rand   	fail		6704.10   9856.96   8       1796296.0 ms cross
bad   	fail		6752.09   8489.58   8       1803940.0 ms cross
rand   	fail		6728.85   9965.57   8       1812786.0 ms cross
ab
ab6	0
ab7	5
fail		6055.59   6867.47   7       1818106.0 ms
cross iterater57
ab
ab7	2
fail		6298.16   6972.29   7       1823066.0 ms
cross iterater58
bad   	fail		6845.80   9624.55   8       1830648.0 ms cross
rand   	fail		6666.63   10053.02  8       1835999.0 ms cross
bad   	fail		6134.35   9431.69   8       1843004.0 ms cross
rand   	
ab
ab7	2
ab6	3
fail		6171.52   6678.55   7       1852005.0 ms
fail		6177.75   6875.17   7       1856014.0 ms
fail		6063.46   6861.24   7       1861287.0 ms
cross iterater59
bad   	success		6340.32   6886.47   7       1861303.0 ms cross
rand   	
bad   	success		6194.24   6585.87   7       1866794.0 ms cross
rand   	
ab
ab7	3
ab6	5
fail		6263.75   6780.88   7       1876373.0 ms
fail		6171.52   6678.55   7       1881162.0 ms
cross iterater60
bad   	success		6195.10   6585.83   7       1881178.0 ms cross
rand   	
bad   	
rand   	success		6300.05   6615.53   7       1891926.0 ms cross
ab
ab7	0
ab6	2
fail		6148.41   6820.94   7       1896778.0 ms
cross iterater61
ab
ab6	1
cross iterater62
bad   	success		6164.49   6682.78   7       1896778.0 ms cross
rand   	
bad   	success		6314.42   6757.06   7       1901505.0 ms cross
rand   	
ab
ab6	2
ab7	3
fail		6300.05   6805.13   7       1911208.0 ms
cross iterater63
ab
ab6	5
ab7	4
cross iterater64
bad   	success		6242.29   6633.25   7       1914188.0 ms cross
rand   	
bad   	success		6139.72   6728.83   7       1918556.0 ms cross
rand   	
ab
ab6	4
ab7	0
fail		6045.01   6726.66   7       1928290.0 ms
cross iterater65
bad   	fail		6285.69   9075.38   8       1934765.0 ms cross
rand   	fail		6848.65   9442.06   8       1941691.0 ms cross
bad   	
rand   	
ab
ab6	1
ab7	2
fail		6270.12   6898.38   7       1955154.0 ms
fail		6270.12   6898.38   7       1959553.0 ms
cross iterater66
bad   	
rand   	
bad   	
rand   	
ab
ab6	4
ab7	5
fail		6045.01   6726.66   7       1982938.0 ms
cross iterater67
ab
ab6	2
cross iterater68
bad   	
rand   	
bad   	
rand   	
ab
ab6	1
ab7	3
fail		6107.35   6844.10   7       2007056.0 ms
fail		6097.98   6737.18   7       2011892.0 ms
cross iterater69
bad   	success		6317.26   6792.32   7       2013250.0 ms cross
rand   	
bad   	fail		6784.32   10185.57  8       2026292.0 ms cross
rand   	success		6450.27   6516.86   7       2034638.0 ms cross
ab
ab6	4
ab7	5
fail		6450.27   7029.16   7       2040347.0 ms
cross iterater70
ab
ab6	1
fail		6116.28   6764.04   7       2044950.0 ms
cross iterater71
bad   	success		6287.93   6384.13   7       2045371.0 ms cross
rand   	
bad   	success		6393.33   6587.03   7       2053327.0 ms cross
rand   	
ab
ab6	4
ab7	2
fail		6128.64   6978.44   7       2063701.0 ms
cross iterater72
bad   	fail		6670.15   9777.56   8       2071969.0 ms cross
rand   	fail		6554.03   8554.30   8       2080534.0 ms cross
bad   	success		6239.00   6704.39   7       2085292.0 ms cross
rand   	
ab
ab6	2
ab7	3
fail		6130.15   6828.19   7       2093841.0 ms
fail		6217.88   6759.99   7       2098864.0 ms
cross iterater73
bad   	fail		6381.87   9337.26   8       2107772.0 ms cross
rand   	
bad   	fail		6758.02   9647.78   8       2122764.0 ms cross
rand   	fail		7172.37   9870.04   8       2129191.0 ms cross
ab
ab6	4
ab7	0
cross iterater74
bad   	fail		6545.66   7273.90   8       2138271.0 ms cross
rand   	success		6368.81   6592.67   7       2140969.0 ms cross
bad   	success		6285.90   6740.60   7       2145961.0 ms cross
rand   	
ab
ab6	2
ab7	1
fail		6305.40   6967.49   7       2156133.0 ms
cross iterater75
bad   	success		6029.76   6862.35   7       2156164.0 ms cross
rand   	
bad   	success		6477.10   6722.56   7       2172186.0 ms cross
rand   	
ab
ab6	1
fail		6368.81   6941.98   7       2182295.0 ms
fail		6477.10   6819.39   7       2186959.0 ms
cross iterater76
ab
ab6	4
ab7	3
fail		6109.70   6876.40   7       2192201.0 ms
cross iterater77
bad   	fail		6655.56   9516.94   8       2202060.0 ms cross
rand   	success		6663.22   6741.54   7       2210360.0 ms cross
bad   	fail		6855.37   9565.41   8       2215835.0 ms cross
rand   	success		6227.21   6603.24   7       2221373.0 ms cross
ab
ab7	0
fail		6663.22   6950.46   7       2226677.0 ms
fail		6227.21   6821.83   7       2231108.0 ms
cross iterater78
bad   	success		6187.99   6509.63   7       2232964.0 ms cross
rand   	
bad   	fail		6386.54   10126.73  8       2244774.0 ms cross
rand   	
ab
ab6	2
ab7	5
fail		6358.10   7004.21   7       2256427.0 ms
fail		6187.99   6830.21   7       2261388.0 ms
cross iterater79
bad   	
rand   	
bad   	
rand   	
ab
ab7	2
fail		6362.56   6981.43   7       2286037.0 ms
cross iterater80
bad   	success		6079.58   6425.21   7       2286661.0 ms cross
rand   	
bad   	success		6335.56   6843.06   7       2295693.0 ms cross
rand   	
ab
ab7	4
fail		6362.56   6981.43   7       2305459.0 ms
fail		6362.56   6981.43   7       2311824.0 ms
cross iterater81
bad   	fail		6945.46   9826.31   8       2317050.0 ms cross
rand   	fail		6750.55   8440.61   8       2325755.0 ms cross
bad   	success		6463.34   6573.38   7       2331262.0 ms cross
rand   	
ab
ab7	3
fail		6493.58   7056.41   7       2340669.0 ms
fail		6362.56   6981.43   7       2346488.0 ms
cross iterater82
bad   	success		6285.49   6464.05   7       2349561.0 ms cross
rand   	
bad   	fail		6758.02   9448.08   8       2359483.0 ms cross
rand   	success		6035.42   6681.33   7       2363913.0 ms cross
ab
ab7	0
fail		6285.49   6917.37   7       2368703.0 ms
cross iterater83
bad   	success		6383.48   6618.76   7       2373071.0 ms cross
rand   	
bad   	fail		6720.76   8975.26   8       2385239.0 ms cross
rand   	
ab
ab6	2
ab7	3
fail		6374.03   6966.14   7       2397158.0 ms
fail		6362.56   6981.43   7       2402586.0 ms
cross iterater84
bad   	
rand   	
bad   	
rand   	
ab
ab6	0
fail		6388.87   6969.35   7       2426751.0 ms
fail		6416.99   6961.90   7       2431322.0 ms
fail		6362.56   6981.43   7       2435519.0 ms
cross iterater85
bad   	success		6370.79   6767.94   7       2435534.0 ms cross
rand   	
bad   	
rand   	success		6277.90   6654.04   7       2449450.0 ms cross
ab
ab6	4
fail		6416.99   6961.90   7       2453958.0 ms
cross iterater86
bad   	
rand   	success		6617.54   6713.12   7       2462772.0 ms cross
bad   	fail		6093.59   8326.75   8       2469683.0 ms cross
rand   	fail		6525.24   9758.10   8       2476984.0 ms cross
ab
ab6	4
ab7	2
fail		6355.62   6992.04   7       2481228.0 ms
cross iterater87
bad   	fail		6611.53   9346.51   8       2487733.0 ms cross
rand   	success		6052.05   6484.85   7       2488700.0 ms cross
bad   	success		6312.06   6587.98   7       2490619.0 ms cross
rand   	
ab
ab6	2
ab7	5
fail		6617.54   6927.41   7       2499527.0 ms
fail		6227.10   6762.14   7       2504285.0 ms
cross iterater88
bad   	success		6532.71   6808.48   7       2506656.0 ms cross
rand   	
bad   	fail		6642.84   9373.76   8       2516999.0 ms cross
rand   	success		6349.86   6801.44   7       2519604.0 ms cross
ab
ab6	4
fail		6349.86   7009.90   7       2524721.0 ms
fail		6312.06   6914.80   7       2530290.0 ms
cross iterater89
bad   	fail		6423.90   9639.81   8       2536234.0 ms cross
rand   	fail		6825.49   9718.42   8       2542740.0 ms cross
bad   	success		6400.36   6778.66   7       2547950.0 ms cross
rand   	
ab
ab6	5
fail		6400.36   6923.96   7       2556639.0 ms
fail		6262.76   6798.94   7       2560711.0 ms
cross iterater90
ab
ab6	1
fail		6400.36   6923.96   7       2565438.0 ms
cross iterater91
bad   	success		6286.00   6695.94   7       2565438.0 ms cross
rand   	
bad   	
rand   	fail		6652.53   9412.51   8       2581459.0 ms cross
ab
ab6	2
ab7	0
fail		6384.28   6858.65   7       2585562.0 ms
fail		6312.06   6914.80   7       2590180.0 ms
cross iterater92
ab
ab6	2
ab7	3
cross iterater93
bad   	
rand   	
bad   	
rand   	
ab
ab6	5
ab7	2
fail		6474.83   6922.78   7       2613159.0 ms
fail		6425.12   6858.65   7       2616888.0 ms
fail		6286.00   6789.24   7       2622145.0 ms
fail		6460.53   6924.04   7       2626654.0 ms
cross iterater94
bad   	
rand   	
bad   	
rand   	
ab
ab7	5
fail		6610.46   7009.48   7       2646965.0 ms
fail		6425.12   6858.65   7       2651099.0 ms
cross iterater95
bad   	success		6167.13   6803.10   7       2653814.0 ms cross
rand   	
bad   	success		6432.49   6880.41   7       2657558.0 ms cross
rand   	
ab
ab6	1
fail		6432.49   6953.09   7       2666684.0 ms
fail		6425.12   6858.65   7       2671738.0 ms
fail		6624.75   7008.23   7       2676060.0 ms
cross iterater96
ab
ab7	4
ab6	5
fail		6425.12   6858.65   7       2680163.0 ms
fail		6425.12   6858.65   7       2684515.0 ms
cross iterater97
bad   	fail		6593.48   9664.83   8       2689819.0 ms cross
rand   	fail		6581.58   9411.61   8       2694967.0 ms cross
bad   	success		6355.34   6812.63   7       2694983.0 ms cross
rand   	
ab
ab7	3
fail		6355.34   6885.31   7       2703579.0 ms
cross iterater98
bad   	
rand   	
bad   	
rand   	
ab
ab7	5
fail		6338.86   6930.80   7       2725091.0 ms
fail		6355.34   6885.31   7       2729085.0 ms
fail		6433.05   6934.61   7       2733126.0 ms
cross iterater99
bad   	
rand   	
bad   	
rand   	
ab
ab7	5
fail		6355.34   6885.31   7       2753390.0 ms
fail		6433.05   6934.61   7       2757431.0 ms

R.size:7

1		90	42	153	59	93	2	138	143	25	118	12	139	32	50	96	141	173	108	6	158	101	190	91	44	146	83	148	128	145	126	
2		196	35	104	164	192	140	115	18	57	113	26	131	169	27	53	185	180	37	81	94	82	7	165	95	129	36	62	188	
3		137	157	166	177	102	76	98	97	8	191	75	189	155	89	168	66	201	80	106	54	156	4	79	21	23	3	47	200	
4		100	67	110	14	186	29	122	142	28	152	132	133	30	193	20	71	5	194	161	197	144	167	40	170	49	58	52	160	174	114	
5		107	136	19	11	65	179	175	116	15	195	199	48	127	150	22	134	69	31	123	121	163	147	187	159	184	64	119	43	
6		99	171	63	17	38	85	111	162	60	33	13	73	183	9	103	24	92	130	112	120	125	149	109	55	34	105	87	41	
7		178	78	198	46	86	10	182	45	74	77	72	61	16	84	56	151	172	181	202	124	117	70	88	154	51	39	1	176	135	68	

data1/pdp200/LC2_2_3.txt
total_cost 5868.349890

