success		1       0       1       65      1       0       42717.17  100     16.0     ms
success		1       1       1       37      1       0       42595.85  99      16.0     ms
success		1       2       1       79      1       0       42604.51  98      16.0     ms
success		1       3       1       70      1       0       41251.38  97      16.0     ms
success		1       4       1       16      1       0       40670.11  96      16.0     ms
success		1       5       1       39      1       0       40770.68  95      16.0     ms
success		1       6       1       28      1       0       40844.25  94      16.0     ms
success		1       7       2       24      2       0       40985.59  93      16.0     ms
success		1       8       1       58      1       0       41191.82  92      16.0     ms
success		1       9       1       39      1       0       41111.14  91      16.0     ms
success		1       10      1       60      1       0       41163.80  90      16.0     ms
success		1       11      1       35      1       0       41305.35  89      16.0     ms
success		1       12      1       52      1       0       41527.00  88      16.0     ms
success		1       13      1       66      1       0       41637.83  87      16.0     ms
success		1       14      1       20      1       0       41864.47  86      16.0     ms
success		1       15      1       62      1       0       41904.75  85      16.0     ms
success		1       16      2       75      2       0       42038.00  84      16.0     ms
success		1       17      1       41      1       0       42092.10  83      16.0     ms
success		1       18      2       2       2       0       42076.35  82      16.0     ms
success		1       19      1       52      1       0       42209.34  81      16.0     ms
success		1       20      1       63      1       0       42247.92  80      16.0     ms
success		1       21      2       69      2       0       42606.21  79      16.0     ms
success		1       22      2       28      2       0       42320.30  78      16.0     ms
success		1       23      1       0       1       0       41306.55  77      32.0     ms
success		1       24      1       32      1       0       40233.51  76      32.0     ms
success		1       25      3       67      3       0       40224.56  75      32.0     ms
success		1       26      1       26      1       0       40183.02  74      32.0     ms
success		1       27      3       57      3       0       40071.21  73      32.0     ms
success		1       28      1       57      1       0       40249.74  72      32.0     ms
success		1       29      1       24      1       0       40319.20  71      32.0     ms
success		1       30      2       14      2       0       40609.63  70      32.0     ms
success		1       31      3       10      3       0       40667.46  69      32.0     ms
success		1       32      1       17      1       0       40588.45  68      32.0     ms
success		1       33      1       20      1       0       39778.76  67      32.0     ms
success		1       34      1       27      1       0       39892.44  66      32.0     ms
success		1       35      2       9       2       0       40104.08  65      32.0     ms
success		1       36      1       41      1       0       40001.12  64      32.0     ms
success		1       37      1       50      1       0       40274.97  63      32.0     ms
success		1       38      4       26      4       0       40644.72  62      32.0     ms
success		1       39      1       59      1       0       40528.54  61      32.0     ms
success		1       40      2       16      2       0       40406.88  60      32.0     ms
success		1       41      1       41      1       0       40462.35  59      32.0     ms
success		1       42      1       28      1       0       40423.77  58      32.0     ms
success		1       43      1       9       1       0       40460.12  57      32.0     ms
success		1       44      2       24      2       0       40268.40  56      32.0     ms
success		1       45      2       35      2       0       40527.25  55      32.0     ms
success		1       46      1       5       1       0       40565.64  54      32.0     ms
success		1       47      1       38      1       0       40267.95  53      32.0     ms
success		1       48      1       49      1       0       40371.45  52      32.0     ms
success		1       49      2       4       2       0       40198.77  51      32.0     ms
success		1       50      2       17      2       0       40219.04  50      32.0     ms
success		1       51      1       42      1       0       40422.29  49      32.0     ms
success		1       52      1       36      1       0       40592.72  48      32.0     ms
success		1       53      3       10      3       0       39024.79  47      32.0     ms
success		1       54      3       25      3       0       38854.16  46      32.0     ms
success		1       55      2       35      2       0       38948.90  45      32.0     ms
success		1       56      2       8       2       0       38432.69  44      32.0     ms
success		1       57      1       39      1       0       37309.46  43      32.0     ms
success		1       58      3       40      3       0       35699.60  42      32.0     ms
success		1       59      4       40      4       0       35459.79  41      32.0     ms
success		1       60      3       1       3       0       34320.35  40      32.0     ms
success		1       61      1       12      1       0       33575.81  39      32.0     ms
success		1       62      3       14      3       0       33611.88  38      47.0     ms
success		1       63      1       1       1       0       33642.83  37      47.0     ms
success		1       64      2       28      2       0       32107.73  36      47.0     ms
success		1       65      8       14      8       0       31906.25  35      47.0     ms
success		1       66      1       7       1       0       31990.12  34      47.0     ms
success		1       67      2       23      2       0       32119.79  33      47.0     ms
success		1       68      5       17      5       0       32187.45  32      47.0     ms
success		1       69      2       29      2       0       32146.06  31      47.0     ms
success		1       70      4       11      4       0       33924.02  30      47.0     ms
success		1       71      5       17      5       0       33786.49  29      47.0     ms
success		1       72      1       22      1       0       33776.83  28      47.0     ms
success		1       73      4       0       4       0       33368.99  27      47.0     ms
success		1       74      4       2       4       0       32245.72  26      47.0     ms
success		1       75      2       0       2       0       30990.05  25      47.0     ms
success		1       76      4       24      4       0       29696.59  24      47.0     ms
success		1       77      3       7       3       0       29169.10  23      47.0     ms
success		1       78      1       4       1       0       29198.24  22      47.0     ms
success		1       79      9       12      9       0       27724.34  21      47.0     ms
success		1       80      6       0       6       0       27164.97  20      47.0     ms
success		1       81      7       1       7       0       25639.16  19      47.0     ms
success		1       82      3       15      3       0       25217.22  18      47.0     ms
success		1       83      7       11      7       0       24296.37  17      63.0     ms
success		1       84      11      9       11      0       25588.19  16      63.0     ms
success		1       85      6       4       6       0       24498.06  15      63.0     ms
success		1       86      2       4       2       0       22865.12  14      63.0     ms
success		1       87      8       12      8       0       21196.47  13      63.0     ms
success		1       88      11      8       11      0       20872.83  12      63.0     ms
success		1       89      8       7       8       0       19696.25  11      63.0     ms
success		1       90      14      1       14      0       17884.06  10      63.0     ms
success		1       91      12      6       12      0       16017.49  9       63.0     ms
success		1       92      13      7       13      0       14377.55  8       63.0     ms
success		1       93      21      1       20      0       14305.10  7       94.0     ms
success		1       94      14      1       13      0       11760.58  6       110.0    ms
success		1       95      23      4       17      0       9875.78   5       250.0    ms
success		1       96      526     1       21      0       7795.29   4       23135.0  ms
success		1       0       1       79      1       0       58107.59  100     166184.0 ms
success		1       1       1       90      1       0       57819.81  99      166184.0 ms
success		1       2       1       17      1       0       57697.16  98      166184.0 ms
success		1       3       1       7       1       0       57555.61  97      166184.0 ms
success		1       4       1       71      1       0       57135.88  96      166184.0 ms
success		1       5       1       56      1       0       56907.85  95      166184.0 ms
success		1       6       1       22      1       0       56752.12  94      166184.0 ms
success		1       7       1       0       1       0       56598.93  93      166184.0 ms
success		1       8       1       90      1       0       56295.36  92      166184.0 ms
success		1       9       1       77      1       0       56194.87  91      166184.0 ms
success		1       10      1       57      1       0       56050.94  90      166184.0 ms
success		1       11      1       52      1       0       55964.26  89      166184.0 ms
success		1       12      2       88      2       0       55580.92  88      166184.0 ms
success		1       13      1       59      1       0       55320.43  87      166184.0 ms
success		1       14      1       48      1       0       55235.11  86      166184.0 ms
success		1       15      1       67      1       0       55100.22  85      166184.0 ms
success		1       16      1       1       1       0       53769.36  84      166184.0 ms
success		1       17      1       80      1       0       53506.51  83      166184.0 ms
success		1       18      1       42      1       0       53259.11  82      166184.0 ms
success		1       19      1       15      1       0       52898.93  81      166184.0 ms
success		1       20      1       63      1       0       52921.51  80      166184.0 ms
success		1       21      1       9       1       0       52551.39  79      166184.0 ms
success		1       22      1       11      1       0       52315.91  78      166184.0 ms
success		1       23      1       70      1       0       52030.03  77      166184.0 ms
success		1       24      1       18      1       0       51829.14  76      166184.0 ms
success		1       25      1       57      1       0       50156.52  75      166184.0 ms
success		1       26      1       41      1       0       50071.32  74      166184.0 ms
success		1       27      2       0       2       0       49953.79  73      166184.0 ms
success		1       28      1       53      1       0       49981.77  72      166184.0 ms
success		1       29      1       17      1       0       50017.38  71      166184.0 ms
success		1       30      1       54      1       0       49873.61  70      166184.0 ms
success		1       31      1       55      1       0       49718.17  69      166184.0 ms
success		1       32      1       28      1       0       49026.61  68      166184.0 ms
success		1       33      1       17      1       0       48820.94  67      166184.0 ms
success		1       34      2       29      2       0       47087.69  66      166184.0 ms
success		1       35      1       59      1       0       46739.49  65      166184.0 ms
success		1       36      4       29      4       0       46827.87  64      166184.0 ms
success		1       37      2       34      2       0       46486.87  63      166184.0 ms
success		1       38      1       36      1       0       45941.62  62      166184.0 ms
success		1       39      1       58      1       0       45209.03  61      166184.0 ms
success		1       40      2       55      2       0       44989.52  60      166184.0 ms
success		1       41      1       47      1       0       45074.42  59      166184.0 ms
success		1       42      1       2       1       0       44826.81  58      166184.0 ms
success		1       43      2       9       2       0       44442.15  57      166184.0 ms
success		1       44      1       11      1       0       44406.34  56      166184.0 ms
success		1       45      1       12      1       0       44267.37  55      166184.0 ms
success		1       46      4       40      4       0       44054.44  54      166184.0 ms
success		1       47      2       3       2       0       43830.05  53      166184.0 ms
success		1       48      4       11      4       0       42984.40  52      166184.0 ms
success		1       49      1       50      1       0       42805.88  51      166184.0 ms
success		1       50      2       8       2       0       42963.38  50      166184.0 ms
success		1       51      4       47      4       0       42616.04  49      166184.0 ms
success		1       52      1       24      1       0       42464.71  48      166184.0 ms
success		1       53      3       2       3       0       42491.27  47      166184.0 ms
success		1       54      2       14      2       0       42539.94  46      166200.0 ms
success		1       55      2       27      2       0       41967.80  45      166200.0 ms
success		1       56      2       0       2       0       41718.75  44      166200.0 ms
success		1       57      2       4       2       0       40204.57  43      166200.0 ms
success		1       58      5       21      5       0       39943.62  42      166200.0 ms
success		1       59      1       23      1       0       39615.89  41      166200.0 ms
success		1       60      2       35      2       0       39786.53  40      166200.0 ms
success		1       61      9       3       9       0       39265.75  39      166200.0 ms
success		1       62      1       30      1       0       38192.34  38      166200.0 ms
success		1       63      3       3       3       0       37596.09  37      166200.0 ms
success		1       64      3       19      3       0       36834.17  36      166200.0 ms
success		1       65      2       21      2       0       36016.84  35      166200.0 ms
success		1       66      3       22      3       0       35575.27  34      166200.0 ms
success		1       67      1       20      1       0       35265.97  33      166200.0 ms
success		1       68      1       11      1       0       34745.43  32      166200.0 ms
success		1       69      2       23      2       0       33358.63  31      166200.0 ms
success		1       70      3       9       3       0       33274.33  30      166200.0 ms
success		1       71      2       28      2       0       33233.66  29      166200.0 ms
success		1       72      4       14      4       0       32599.19  28      166200.0 ms
success		1       73      3       13      3       0       32343.96  27      166200.0 ms
success		1       74      7       21      7       0       33389.48  26      166200.0 ms
success		1       75      3       7       3       0       32981.41  25      166200.0 ms
success		1       76      5       14      5       0       32535.65  24      166200.0 ms
success		1       77      4       3       4       0       30911.67  23      166200.0 ms
success		1       78      5       13      5       0       29346.07  22      166200.0 ms
success		1       79      3       21      3       0       27873.14  21      166200.0 ms
success		1       80      5       16      5       0       27108.18  20      166200.0 ms
success		1       81      3       6       3       0       26870.27  19      166200.0 ms
success		1       82      8       17      8       0       25680.62  18      166200.0 ms
success		1       83      6       12      6       0       23905.80  17      166200.0 ms
success		1       84      4       12      4       0       23339.11  16      166200.0 ms
success		1       85      8       5       8       0       22248.09  15      166200.0 ms
success		1       86      6       6       6       0       20979.58  14      166200.0 ms
success		1       87      3       9       3       0       19947.02  13      166200.0 ms
success		1       88      10      2       10      0       18318.42  12      166200.0 ms
success		1       89      1       10      1       0       17179.16  11      166200.0 ms
success		1       90      4       1       4       0       15946.85  10      166200.0 ms
success		1       91      9       8       9       0       14960.48  9       166200.0 ms
success		1       92      10      5       9       0       14253.20  8       166215.0 ms
success		1       93      14      5       12      0       13899.46  7       166246.0 ms
success		1       94      18      4       18      0       12244.53  6       166246.0 ms
success		1       95      24      5       18      0       10097.06  5       166324.0 ms
success		1       96      56      3       19      0       7909.54   4       167541.0 ms
success		1       0       1       96      1       0       58120.45  100     324459.0 ms
success		1       1       1       1       1       0       58023.78  99      324459.0 ms
success		1       2       1       30      1       0       56527.98  98      324459.0 ms
success		1       3       1       75      1       0       56342.48  97      324459.0 ms
success		1       4       1       82      1       0       55997.36  96      324459.0 ms
success		1       5       1       27      1       0       55775.75  95      324459.0 ms
success		1       6       1       41      1       0       55578.02  94      324459.0 ms
success		1       7       1       64      1       0       55380.27  93      324459.0 ms
success		1       8       1       25      1       0       55197.03  92      324459.0 ms
success		1       9       1       89      1       0       54960.65  91      324459.0 ms
success		1       10      1       25      1       0       54819.45  90      324459.0 ms
success		1       11      1       77      1       0       54696.19  89      324459.0 ms
success		1       12      1       27      1       0       54478.18  88      324459.0 ms
success		1       13      1       25      1       0       54398.37  87      324459.0 ms
success		1       14      1       46      1       0       54070.46  86      324459.0 ms
success		1       15      1       37      1       0       52961.50  85      324459.0 ms
success		1       16      1       61      1       0       52924.20  84      324459.0 ms
success		1       17      1       65      1       0       52583.70  83      324459.0 ms
success		1       18      1       32      1       0       51999.89  82      324459.0 ms
success		1       19      1       38      1       0       51885.73  81      324459.0 ms
success		1       20      1       78      1       0       51756.79  80      324459.0 ms
success		1       21      1       7       1       0       51495.13  79      324459.0 ms
success		1       22      1       60      1       0       51409.34  78      324459.0 ms
success		1       23      1       50      1       0       51243.75  77      324459.0 ms
success		1       24      1       26      1       0       51210.01  76      324459.0 ms
success		1       25      3       16      3       0       51322.62  75      324459.0 ms
success		1       26      1       7       1       0       51022.69  74      324459.0 ms
success		1       27      2       52      2       0       50958.56  73      324459.0 ms
success		1       28      1       18      1       0       50798.48  72      324459.0 ms
success		1       29      2       43      2       0       50720.35  71      324459.0 ms
success		1       30      1       30      1       0       50741.86  70      324459.0 ms
success		1       31      1       57      1       0       50893.12  69      324459.0 ms
success		1       32      4       66      4       0       50635.15  68      324459.0 ms
success		1       33      1       4       1       0       50444.52  67      324459.0 ms
success		1       34      2       50      2       0       49792.05  66      324459.0 ms
success		1       35      1       61      1       0       49790.00  65      324459.0 ms
success		1       36      1       1       1       0       49561.24  64      324459.0 ms
success		1       37      1       59      1       0       49404.37  63      324459.0 ms
success		1       38      1       43      1       0       49254.31  62      324459.0 ms
success		1       39      1       38      1       0       49143.48  61      324459.0 ms
success		1       40      2       16      2       0       48132.25  60      324459.0 ms
success		1       41      2       42      2       0       48013.45  59      324459.0 ms
success		1       42      3       14      3       0       46959.40  58      324459.0 ms
success		1       43      1       22      1       0       46855.81  57      324459.0 ms
success		1       44      1       28      1       0       46297.36  56      324459.0 ms
success		1       45      2       39      2       0       46080.34  55      324459.0 ms
success		1       46      1       2       1       0       45872.54  54      324459.0 ms
success		1       47      2       18      2       0       45913.14  53      324459.0 ms
success		1       48      2       40      2       0       45796.50  52      324459.0 ms
success		1       49      1       44      1       0       45711.24  51      324459.0 ms
success		1       50      2       13      2       0       45684.24  50      324459.0 ms
success		1       51      1       10      1       0       45157.13  49      324459.0 ms
success		1       52      1       36      1       0       44562.59  48      324459.0 ms
success		1       53      2       4       2       0       44631.81  47      324459.0 ms
success		1       54      6       27      6       0       43658.20  46      324459.0 ms
success		1       55      2       16      2       0       43495.82  45      324459.0 ms
success		1       56      4       21      4       0       41982.08  44      324459.0 ms
success		1       57      4       22      4       0       40534.11  43      324459.0 ms
success		1       58      1       12      1       0       40119.23  42      324459.0 ms
success		1       59      1       7       1       0       40064.32  41      324459.0 ms
success		1       60      7       34      7       0       41031.47  40      324459.0 ms
success		1       61      4       35      4       0       42150.73  39      324459.0 ms
success		1       62      2       7       2       0       41411.84  38      324459.0 ms
success		1       63      4       33      4       0       40842.77  37      324459.0 ms
success		1       64      2       2       2       0       40284.55  36      324459.0 ms
success		1       65      3       21      3       0       40098.51  35      324459.0 ms
success		1       66      4       33      4       0       40495.63  34      324459.0 ms
success		1       67      1       7       1       0       40519.54  33      324459.0 ms
success		1       68      2       31      2       0       39275.15  32      324459.0 ms
success		1       69      4       30      4       0       38308.83  31      324459.0 ms
success		1       70      1       11      1       0       38092.57  30      324459.0 ms
success		1       71      5       21      5       0       37353.26  29      324459.0 ms
success		1       72      2       16      2       0       36158.52  28      324459.0 ms
success		1       73      2       17      2       0       34726.42  27      324459.0 ms
success		1       74      6       14      6       0       33772.01  26      324459.0 ms
success		1       75      1       2       1       0       33684.23  25      324459.0 ms
success		1       76      1       15      1       0       33595.60  24      324459.0 ms
success		1       77      4       12      4       0       33485.63  23      324459.0 ms
success		1       78      3       6       3       0       33077.84  22      324459.0 ms
success		1       79      5       16      5       0       31777.57  21      324459.0 ms
success		1       80      5       6       5       0       30080.26  20      324459.0 ms
success		1       81      1       0       1       0       28988.70  19      324459.0 ms
success		1       82      5       2       5       0       27672.90  18      324459.0 ms
success		1       83      5       16      5       0       26457.34  17      324459.0 ms
success		1       84      10      6       10      0       25049.81  16      324459.0 ms
success		1       85      4       3       4       0       23433.07  15      324459.0 ms
success		1       86      6       0       6       0       22117.22  14      324474.0 ms
success		1       87      3       2       3       0       22181.88  13      324474.0 ms
success		1       88      4       10      4       0       20842.50  12      324474.0 ms
success		1       89      14      7       14      0       19517.71  11      324474.0 ms
success		1       90      11      2       11      0       18429.64  10      324474.0 ms
success		1       91      8       5       8       0       17105.54  9       324474.0 ms
success		1       92      8       7       8       0       15900.44  8       324474.0 ms
success		1       93      16      2       13      0       14504.26  7       324474.0 ms
success		1       94      16      5       14      0       12062.54  6       324490.0 ms
success		1       95      28      5       16      0       10430.84  5       324630.0 ms
success		1       96      464     4       18      0       7903.61   4       335503.0 ms
success		1       0       1       54      1       0       58139.03  100     493138.0 ms
success		1       1       1       1       1       0       57963.73  99      493138.0 ms
success		1       2       1       1       1       0       57718.50  98      493138.0 ms
success		1       3       1       62      1       0       57530.33  97      493138.0 ms
success		1       4       1       9       1       0       57267.29  96      493138.0 ms
success		1       5       1       44      1       0       57005.51  95      493138.0 ms
success		1       6       1       46      1       0       56650.33  94      493138.0 ms
success		1       7       1       54      1       0       56447.08  93      493138.0 ms
success		1       8       1       28      1       0       56289.52  92      493138.0 ms
success		1       9       1       54      1       0       56145.58  91      493138.0 ms
success		1       10      2       62      2       0       56045.55  90      493138.0 ms
success		1       11      1       75      1       0       55685.90  89      493138.0 ms
success		1       12      1       43      1       0       55571.74  88      493138.0 ms
success		1       13      2       12      2       0       55443.65  87      493138.0 ms
success		1       14      1       67      1       0       55266.74  86      493138.0 ms
success		1       15      2       20      2       0       55111.01  85      493138.0 ms
success		1       16      1       50      1       0       54943.97  84      493138.0 ms
success		1       17      1       65      1       0       54265.02  83      493138.0 ms
success		1       18      1       55      1       0       54167.04  82      493138.0 ms
success		1       19      1       2       1       0       53858.32  81      493138.0 ms
success		1       20      1       58      1       0       53576.29  80      493138.0 ms
success		1       21      2       69      2       0       53420.43  79      493138.0 ms
success		1       22      2       54      2       0       53496.46  78      493138.0 ms
success		1       23      1       15      1       0       53272.33  77      493138.0 ms
success		1       24      1       67      1       0       53056.71  76      493138.0 ms
success		1       25      1       69      1       0       53097.56  75      493138.0 ms
success		1       26      1       33      1       0       52916.83  74      493138.0 ms
success		1       27      1       40      1       0       52656.78  73      493138.0 ms
success		1       28      1       25      1       0       52261.02  72      493138.0 ms
success		1       29      1       59      1       0       52107.07  71      493138.0 ms
success		1       30      1       30      1       0       52031.68  70      493138.0 ms
success		1       31      1       4       1       0       50610.98  69      493138.0 ms
success		1       32      3       51      3       0       50180.26  68      493138.0 ms
success		1       33      2       42      2       0       49655.37  67      493138.0 ms
success		1       34      1       55      1       0       49451.69  66      493138.0 ms
success		1       35      2       21      2       0       49483.95  65      493138.0 ms
success		1       36      1       49      1       0       49376.60  64      493138.0 ms
success		1       37      3       43      3       0       48172.50  63      493138.0 ms
success		1       38      1       40      1       0       48179.77  62      493138.0 ms
success		1       39      1       24      1       0       47929.38  61      493138.0 ms
success		1       40      1       55      1       0       47451.09  60      493138.0 ms
success		1       41      1       22      1       0       47333.55  59      493138.0 ms
success		1       42      1       31      1       0       47302.19  58      493138.0 ms
success		1       43      1       20      1       0       47103.40  57      493138.0 ms
success		1       44      1       46      1       0       47040.26  56      493138.0 ms
success		1       45      2       4       2       0       46785.41  55      493138.0 ms
success		1       46      2       43      2       0       46659.92  54      493138.0 ms
success		1       47      2       16      2       0       46548.03  53      493138.0 ms
success		1       48      3       0       3       0       46380.38  52      493138.0 ms
success		1       49      1       45      1       0       46246.18  51      493138.0 ms
success		1       50      2       9       2       0       45394.08  50      493138.0 ms
success		1       51      2       10      2       0       45138.04  49      493138.0 ms
success		1       52      5       7       5       0       44055.51  48      493138.0 ms
success		1       53      1       34      1       0       43948.34  47      493138.0 ms
success		1       54      1       27      1       0       43595.23  46      493138.0 ms
success		1       55      3       37      3       0       43249.57  45      493138.0 ms
success		1       56      1       12      1       0       43138.74  44      493138.0 ms
success		1       57      2       15      2       0       43184.22  43      493138.0 ms
success		1       58      2       12      2       0       43040.26  42      493138.0 ms
success		1       59      3       28      3       0       42982.49  41      493138.0 ms
success		1       60      2       5       2       0       42453.61  40      493138.0 ms
success		1       61      1       36      1       0       42214.31  39      493138.0 ms
success		1       62      2       17      2       0       42181.82  38      493138.0 ms
success		1       63      3       10      3       0       41839.85  37      493154.0 ms
success		1       64      2       34      2       0       41567.74  36      493154.0 ms
success		1       65      2       8       2       0       41645.22  35      493154.0 ms
success		1       66      2       29      2       0       41165.47  34      493154.0 ms
success		1       67      7       29      7       0       39790.19  33      493154.0 ms
success		1       68      5       22      5       0       38629.95  32      493154.0 ms
success		1       69      1       23      1       0       38459.06  31      493154.0 ms
success		1       70      2       0       2       0       37204.19  30      493154.0 ms
success		1       71      2       0       2       0       35448.10  29      493154.0 ms
success		1       72      4       15      4       0       35046.06  28      493154.0 ms
success		1       73      2       23      2       0       34747.85  27      493154.0 ms
success		1       74      4       15      4       0       34111.80  26      493154.0 ms
success		1       75      5       25      5       0       32255.18  25      493154.0 ms
success		1       76      8       15      8       0       32497.46  24      493154.0 ms
success		1       77      3       16      3       0       31350.23  23      493154.0 ms
success		1       78      1       18      1       0       30538.10  22      493154.0 ms
success		1       79      3       11      3       0       30277.38  21      493154.0 ms
success		1       80      6       8       6       0       31169.71  20      493154.0 ms
success		1       81      1       4       1       0       30445.10  19      493154.0 ms
success		1       82      8       1       8       0       29240.70  18      493154.0 ms
success		1       83      4       6       4       0       27940.37  17      493154.0 ms
success		1       84      4       10      4       0       26705.13  16      493154.0 ms
success		1       85      12      15      12      0       25876.90  15      493154.0 ms
success		1       86      7       14      7       0       24458.71  14      493154.0 ms
success		1       87      4       12      4       0       22545.63  13      493154.0 ms
success		1       88      8       7       8       0       20390.71  12      493154.0 ms
success		1       89      11      6       11      0       18767.05  11      493154.0 ms
success		1       90      9       9       9       0       17506.01  10      493154.0 ms
success		1       91      13      6       11      0       15985.42  9       493169.0 ms
success		1       92      7       0       7       0       14745.89  8       493169.0 ms
success		1       93      16      7       16      0       14146.22  7       493169.0 ms
success		1       94      24      0       20      0       12838.77  6       493185.0 ms
success		1       95      31      4       19      0       10062.48  5       493310.0 ms
success		1       96      77      4       21      0       7835.97   4       494511.0 ms
success		1       0       1       52      1       0       58081.36  100     638808.0 ms
success		1       1       1       17      1       0       57958.71  99      638808.0 ms
success		1       2       1       50      1       0       57632.95  98      638808.0 ms
success		1       3       1       59      1       0       57489.01  97      638808.0 ms
success		1       4       1       19      1       0       57264.88  96      638808.0 ms
success		1       5       1       26      1       0       57141.68  95      638808.0 ms
success		1       6       1       49      1       0       56826.33  94      638808.0 ms
success		1       7       1       52      1       0       56715.49  93      638808.0 ms
success		1       8       1       54      1       0       56540.32  92      638808.0 ms
success		1       9       1       24      1       0       56281.59  91      638808.0 ms
success		1       10      1       2       1       0       55975.52  90      638808.0 ms
success		1       11      1       22      1       0       55561.07  89      638808.0 ms
success		1       12      1       69      1       0       55354.91  88      638808.0 ms
success		1       13      1       37      1       0       55281.34  87      638808.0 ms
success		1       14      1       5       1       0       54949.42  86      638808.0 ms
success		1       15      1       76      1       0       54752.64  85      638808.0 ms
success		1       16      1       79      1       0       54489.79  84      638808.0 ms
success		1       17      1       22      1       0       54293.16  83      638808.0 ms
success		1       18      1       9       1       0       54127.79  82      638808.0 ms
success		1       19      1       30      1       0       53860.26  81      638808.0 ms
success		1       20      1       28      1       0       53281.97  80      638808.0 ms
success		1       21      2       28      2       0       52151.40  79      638808.0 ms
success		1       22      1       28      1       0       51991.84  78      638808.0 ms
success		1       23      2       19      2       0       51995.57  77      638808.0 ms
success		1       24      1       21      1       0       51255.14  76      638824.0 ms
success		1       25      1       17      1       0       51300.62  75      638824.0 ms
success		1       26      1       8       1       0       51015.61  74      638824.0 ms
success		1       27      1       63      1       0       50936.05  73      638824.0 ms
success		1       28      2       33      2       0       50752.67  72      638824.0 ms
success		1       29      2       68      2       0       50895.30  71      638824.0 ms
success		1       30      2       45      2       0       50439.62  70      638824.0 ms
success		1       31      1       19      1       0       50208.97  69      638824.0 ms
success		1       32      1       0       1       0       49892.17  68      638824.0 ms
success		1       33      1       12      1       0       49906.89  67      638824.0 ms
success		1       34      3       49      3       0       49811.43  66      638824.0 ms
success		1       35      2       23      2       0       49366.56  65      638824.0 ms
success		1       36      1       0       1       0       49124.31  64      638824.0 ms
success		1       37      1       8       1       0       48960.74  63      638824.0 ms
success		1       38      5       13      5       0       49168.72  62      638824.0 ms
success		1       39      3       16      3       0       49044.42  61      638824.0 ms
success		1       40      1       31      1       0       48852.53  60      638824.0 ms
success		1       41      1       46      1       0       48798.43  59      638824.0 ms
success		1       42      1       20      1       0       48699.62  58      638824.0 ms
success		1       43      2       36      2       0       48848.19  57      638824.0 ms
success		1       44      2       56      2       0       48277.96  56      638824.0 ms
success		1       45      1       24      1       0       47776.59  55      638824.0 ms
success		1       46      1       22      1       0       47813.65  54      638824.0 ms
success		1       47      3       33      3       0       47484.69  53      638824.0 ms
success		1       48      4       40      4       0       47437.97  52      638824.0 ms
success		1       49      1       14      1       0       47473.30  51      638824.0 ms
success		1       50      3       23      3       0       46798.86  50      638824.0 ms
success		1       51      2       45      2       0       46351.63  49      638824.0 ms
success		1       52      3       19      3       0       46518.67  48      638824.0 ms
success		1       53      1       0       1       0       46268.49  47      638824.0 ms
success		1       54      2       31      2       0       46069.93  46      638824.0 ms
success		1       55      4       30      4       0       45980.50  45      638824.0 ms
success		1       56      1       38      1       0       45908.29  44      638824.0 ms
success		1       57      2       21      2       0       45901.94  43      638824.0 ms
success		1       58      3       6       3       0       45967.97  42      638824.0 ms
success		1       59      2       31      2       0       45797.40  41      638824.0 ms
success		1       60      3       4       3       0       45453.06  40      638824.0 ms
success		1       61      1       38      1       0       44411.49  39      638824.0 ms
success		1       62      3       5       3       0       42977.79  38      638824.0 ms
success		1       63      3       4       3       0       41843.07  37      638824.0 ms
success		1       64      1       10      1       0       41608.32  36      638824.0 ms
success		1       65      6       10      6       0       41332.85  35      638824.0 ms
success		1       66      1       3       1       0       41257.26  34      638824.0 ms
success		1       67      2       14      2       0       39207.36  33      638824.0 ms
success		1       68      1       28      1       0       38095.83  32      638824.0 ms
success		1       69      2       17      2       0       38291.36  31      638824.0 ms
success		1       70      5       25      5       0       36909.12  30      638824.0 ms
success		1       71      5       22      5       0       36817.46  29      638824.0 ms
success		1       72      1       28      1       0       36712.92  28      638824.0 ms
success		1       73      2       14      2       0       36448.38  27      638824.0 ms
success		1       74      1       21      1       0       35280.50  26      638824.0 ms
success		1       75      4       0       4       0       34254.92  25      638824.0 ms
success		1       76      4       14      4       0       33788.49  24      638824.0 ms
success		1       77      7       8       7       0       32614.27  23      638824.0 ms
success		1       78      5       6       5       0       31200.84  22      638824.0 ms
success		1       79      2       12      2       0       30356.20  21      638824.0 ms
success		1       80      9       18      9       0       29461.61  20      638824.0 ms
success		1       81      1       2       1       0       28748.79  19      638824.0 ms
success		1       82      3       4       3       0       27388.82  18      638824.0 ms
success		1       83      5       4       5       0       26817.05  17      638824.0 ms
success		1       84      5       5       5       0       25802.32  16      638824.0 ms
success		1       85      7       7       7       0       24505.34  15      638824.0 ms
success		1       86      9       11      9       0       23074.90  14      638824.0 ms
success		1       87      6       9       6       0       22076.96  13      638824.0 ms
success		1       88      4       11      4       0       20671.83  12      638824.0 ms
success		1       89      11      1       11      0       19852.80  11      638824.0 ms
success		1       90      11      0       11      0       17925.45  10      638824.0 ms
success		1       91      14      4       14      0       16563.87  9       638824.0 ms
success		1       92      13      1       13      0       16475.19  8       638824.0 ms
success		1       93      14      3       14      0       14278.51  7       638824.0 ms
success		1       94      24      4       19      0       12246.76  6       638855.0 ms
success		1       95      24      4       18      0       10184.78  5       638933.0 ms
success		1       96      236     4       22      0       8047.59   4       643706.0 ms
success		1       0       1       88      1       0       58102.22  100     797145.0 ms
success		1       1       1       76      1       0       57975.64  99      797145.0 ms
success		1       2       1       52      1       0       57764.19  98      797145.0 ms
success		1       3       1       23      1       0       57625.22  97      797145.0 ms
success		1       4       1       94      1       0       57244.97  96      797145.0 ms
success		1       5       1       52      1       0       57091.20  95      797145.0 ms
success		1       6       1       26      1       0       56950.00  94      797145.0 ms
success		1       7       1       18      1       0       56884.10  93      797145.0 ms
success		1       8       1       71      1       0       56636.62  92      797145.0 ms
success		1       9       1       8       1       0       56431.25  91      797145.0 ms
success		1       10      2       64      2       0       56214.55  90      797145.0 ms
success		1       11      2       44      2       0       56213.90  89      797145.0 ms
success		1       12      1       77      1       0       56017.50  88      797145.0 ms
success		1       13      1       37      1       0       55896.36  87      797145.0 ms
success		1       14      1       34      1       0       55879.03  86      797145.0 ms
success		1       15      1       66      1       0       55651.48  85      797145.0 ms
success		1       16      1       30      1       0       55504.07  84      797145.0 ms
success		1       17      1       19      1       0       55408.26  83      797145.0 ms
success		1       18      1       42      1       0       55222.15  82      797145.0 ms
success		1       19      1       13      1       0       54997.35  81      797145.0 ms
success		1       20      1       79      1       0       54819.48  80      797145.0 ms
success		1       21      1       36      1       0       54462.53  79      797145.0 ms
success		1       22      1       32      1       0       54368.57  78      797145.0 ms
success		1       23      1       77      1       0       54395.54  77      797145.0 ms
success		1       24      1       31      1       0       54164.14  76      797145.0 ms
success		1       25      1       73      1       0       54041.31  75      797161.0 ms
success		1       26      1       44      1       0       53838.07  74      797161.0 ms
success		1       27      1       65      1       0       53646.90  73      797161.0 ms
success		1       28      1       29      1       0       53604.62  72      797161.0 ms
success		1       29      2       53      2       0       53315.77  71      797161.0 ms
success		1       30      1       68      1       0       53266.76  70      797161.0 ms
success		1       31      1       64      1       0       52910.68  69      797161.0 ms
success		1       32      1       5       1       0       52763.61  68      797161.0 ms
success		1       33      4       20      4       0       52272.94  67      797161.0 ms
success		1       34      1       55      1       0       50781.02  66      797161.0 ms
success		1       35      1       55      1       0       49889.35  65      797161.0 ms
success		1       36      1       41      1       0       49714.18  64      797161.0 ms
success		1       37      1       10      1       0       49320.81  63      797161.0 ms
success		1       38      1       32      1       0       49086.60  62      797161.0 ms
success		1       39      1       20      1       0       49006.79  61      797161.0 ms
success		1       40      2       29      2       0       49001.96  60      797161.0 ms
success		1       41      1       24      1       0       49040.58  59      797161.0 ms
success		1       42      1       19      1       0       48066.88  58      797161.0 ms
success		1       43      1       17      1       0       47852.48  57      797161.0 ms
success		1       44      1       2       1       0       47808.96  56      797161.0 ms
success		1       45      2       4       2       0       47725.06  55      797161.0 ms
success		1       46      3       43      3       0       47305.96  54      797161.0 ms
success		1       47      1       27      1       0       46892.11  53      797161.0 ms
success		1       48      3       43      3       0       47043.81  52      797161.0 ms
success		1       49      1       34      1       0       47006.75  51      797161.0 ms
success		1       50      1       14      1       0       47015.11  50      797161.0 ms
success		1       51      3       21      3       0       46670.85  49      797161.0 ms
success		1       52      5       18      5       0       46102.02  48      797161.0 ms
success		1       53      1       28      1       0       46064.32  47      797161.0 ms
success		1       54      5       24      5       0       45200.75  46      797161.0 ms
success		1       55      2       33      2       0       45182.10  45      797161.0 ms
success		1       56      1       18      1       0       43793.07  44      797161.0 ms
success		1       57      2       37      2       0       41945.80  43      797161.0 ms
success		1       58      2       4       2       0       40481.12  42      797161.0 ms
success		1       59      1       35      1       0       40478.16  41      797161.0 ms
success		1       60      3       38      3       0       40223.00  40      797161.0 ms
success		1       61      2       8       2       0       40278.12  39      797161.0 ms
success		1       62      2       16      2       0       39895.82  38      797161.0 ms
success		1       63      3       25      3       0       39489.59  37      797161.0 ms
success		1       64      10      31      10      0       38605.29  36      797161.0 ms
success		1       65      2       17      2       0       38405.23  35      797161.0 ms
success		1       66      3       29      3       0       38337.72  34      797161.0 ms
success		1       67      3       24      3       0       38500.40  33      797161.0 ms
success		1       68      3       11      3       0       37310.71  32      797161.0 ms
success		1       69      1       5       1       0       37032.69  31      797161.0 ms
success		1       70      1       15      1       0       36442.87  30      797161.0 ms
success		1       71      11      20      11      0       36148.10  29      797161.0 ms
success		1       72      2       27      2       0       34529.73  28      797161.0 ms
success		1       73      1       6       1       0       34558.73  27      797161.0 ms
success		1       74      8       11      8       0       33433.44  26      797161.0 ms
success		1       75      1       18      1       0       32260.77  25      797161.0 ms
success		1       76      1       22      1       0       30678.27  24      797161.0 ms
success		1       77      3       8       3       0       30225.44  23      797161.0 ms
success		1       78      2       8       2       0       30206.50  22      797161.0 ms
success		1       79      13      1       13      0       29474.53  21      797161.0 ms
success		1       80      4       17      4       0       28847.02  20      797176.0 ms
success		1       81      4       12      4       0       27874.73  19      797176.0 ms
success		1       82      1       5       1       0       26996.29  18      797176.0 ms
success		1       83      6       8       6       0       25344.66  17      797176.0 ms
success		1       84      6       15      6       0       24380.02  16      797176.0 ms
success		1       85      4       6       4       0       24853.04  15      797176.0 ms
success		1       86      1       0       1       0       23252.00  14      797176.0 ms
success		1       87      7       12      7       0       22259.74  13      797176.0 ms
success		1       88      5       7       5       0       21555.44  12      797176.0 ms
success		1       89      9       3       9       0       19785.81  11      797176.0 ms
success		1       90      9       9       9       0       18928.85  10      797176.0 ms
success		1       91      9       2       9       0       16974.31  9       797176.0 ms
success		1       92      8       0       8       0       15499.89  8       797176.0 ms
success		1       93      10      5       8       0       14558.63  7       797192.0 ms
success		1       94      19      2       17      0       11911.79  6       797208.0 ms
success		1       95      31      3       17      0       10037.74  5       797410.0 ms
success		1       96      379     1       21      0       7760.44   4       812511.0 ms
cross iterater0
ab
ab6	4
fail		7768.80   8026.28   4       1078330.0 ms
cross iterater1
bad   	success		7547.82   8020.40   4       1087222.0 ms cross
rand   	
bad   	success		7879.52   7951.97   4       1264387.0 ms cross
rand   	
ab
ab6	1
fail		7814.74   8070.04   4       1488103.0 ms
fail		7879.52   8067.42   4       1602807.0 ms
cross iterater2
ab
ab7	0
fail		7768.80   8026.28   4       1753953.0 ms
fail		7868.17   8044.86   4       1868704.0 ms
cross iterater3
bad   	success		7666.24   7860.43   4       1873946.0 ms cross
rand   	
bad   	success		7630.94   7980.94   4       2045418.0 ms cross
rand   	
ab
fail		7768.80   8026.28   4       2439466.0 ms
fail		7630.94   8064.23   4       2600486.0 ms
cross iterater4
bad   	success		7708.06   7929.34   4       2607865.0 ms cross
rand   	
bad   	success		7522.89   8108.38   4       2801005.0 ms cross
rand   	
ab
ab6	4
fail		5754.30   6819.26   4       3090114.0 ms
cross iterater5
bad   	success		7963.18   7868.25   4       3095636.0 ms cross
rand   	
bad   	success		7649.25   7612.28   4       3216081.0 ms cross
rand   	
ab
ab6	3
ab7	0
fail		7718.93   7958.11   4       3511743.0 ms
fail		5754.30   6819.26   4       3622703.0 ms
cross iterater6

R.size:4

1		111	168	151	8	55	78	181	84	70	94	108	177	188	35	28	179	162	117	197	27	95	26	50	166	66	126	79	133	85	105	123	130	17	153	110	182	16	98	113	104	106	63	82	2	202	76	134	3	109	170	30	10	11	142	64	174	148	53	86	67	102	159	68	178	146	193	32	114	90	58	89	154	169	163	
2		18	131	41	115	152	119	61	125	116	29	155	88	51	143	184	185	127	6	40	44	201	145	200	31	72	65	59	81	37	147	15	9	186	191	71	7	128	187	173	156	22	73	121	20	164	171	99	83	165	183	5	25	135	43	19	167	122	138	38	157	
3		144	87	74	62	97	36	33	192	149	137	80	13	21	57	161	150	56	47	23	96	196	107	136	24	45	141	91	176	14	12	4	34	158	60	101	132	160	139	195	92	129	140	120	49	77	112	48	42	75	52	199	39	103	175	1	172	190	100	54	180	189	93	46	198	
4		118	194	124	69	

data1/pdp200/LR2_2_4.txt
total_cost 5754.300094

