success		1       0       1       39      1       0       99470.92  99      16.0     ms
success		1       1       1       36      1       0       98148.45  98      16.0     ms
success		1       2       1       23      1       0       97663.77  97      16.0     ms
success		1       3       2       0       2       0       96389.93  96      16.0     ms
success		1       4       1       6       1       0       96179.31  95      16.0     ms
success		1       5       1       5       1       0       95632.39  94      16.0     ms
success		1       6       1       29      1       0       95359.71  93      16.0     ms
success		1       7       1       92      1       0       94907.41  92      16.0     ms
success		1       8       1       39      1       0       94349.74  91      16.0     ms
success		1       9       1       55      1       0       93826.68  90      32.0     ms
success		1       10      1       25      1       0       93385.21  89      32.0     ms
success		1       11      1       40      1       0       92413.89  88      32.0     ms
success		1       12      1       20      1       0       91845.41  87      32.0     ms
success		1       13      2       12      2       0       91269.88  86      32.0     ms
success		1       14      1       8       1       0       90750.04  85      32.0     ms
success		1       15      1       10      1       0       89814.29  84      32.0     ms
success		1       16      1       11      1       0       89874.26  83      32.0     ms
success		1       17      1       79      1       0       88886.26  82      32.0     ms
success		1       18      2       31      2       0       88291.74  81      32.0     ms
success		1       19      1       63      1       0       87742.16  80      32.0     ms
success		1       20      1       69      1       0       87704.51  79      32.0     ms
success		1       21      1       51      1       0       86774.39  78      32.0     ms
success		1       22      2       75      2       0       85813.59  77      32.0     ms
success		1       23      1       47      1       0       84999.04  76      32.0     ms
success		1       24      1       28      1       0       83750.26  75      32.0     ms
success		1       25      2       15      2       0       82821.20  74      32.0     ms
success		1       26      1       20      1       0       81661.76  73      32.0     ms
success		1       27      2       59      2       0       80254.33  72      32.0     ms
success		1       28      1       50      1       0       79609.62  71      32.0     ms
success		1       29      2       22      2       0       78731.31  70      32.0     ms
success		1       30      1       52      1       0       77576.80  69      32.0     ms
success		1       31      1       28      1       0       76199.02  68      32.0     ms
success		1       32      2       27      2       0       74730.21  67      32.0     ms
success		1       33      1       3       1       0       73069.27  66      32.0     ms
success		1       34      1       1       1       0       73047.55  65      32.0     ms
success		1       35      1       32      1       0       72214.67  64      32.0     ms
success		1       36      1       13      1       0       72258.19  63      32.0     ms
success		1       37      1       56      1       0       70886.40  62      32.0     ms
success		1       38      2       0       2       0       69395.88  61      32.0     ms
success		1       39      2       12      2       0       68951.75  60      32.0     ms
success		1       40      2       7       2       0       67774.28  59      32.0     ms
success		1       41      2       51      2       0       67065.36  58      32.0     ms
success		1       42      2       7       2       0       66684.33  57      32.0     ms
success		1       43      3       32      3       0       66758.87  56      32.0     ms
success		1       44      1       41      1       0       66782.43  55      32.0     ms
success		1       45      1       48      1       0       66236.98  54      32.0     ms
success		1       46      1       46      1       0       64865.15  53      32.0     ms
success		1       47      2       8       2       0       63971.30  52      32.0     ms
success		1       48      1       42      1       0       63856.58  51      32.0     ms
success		1       49      3       19      3       0       63099.06  50      32.0     ms
success		1       50      1       4       1       0       62033.97  49      32.0     ms
success		1       51      2       17      2       0       61637.81  48      47.0     ms
success		1       52      4       8       4       0       62608.51  47      47.0     ms
success		1       53      3       5       3       0       60969.85  46      47.0     ms
success		1       54      4       6       4       0       59429.47  45      47.0     ms
success		1       55      2       22      2       0       58093.36  44      47.0     ms
success		1       56      1       4       1       0       57849.83  43      47.0     ms
success		1       57      4       6       4       0       57404.76  42      47.0     ms
success		1       58      2       11      2       0       56408.68  41      47.0     ms
success		1       59      1       35      1       0       55909.84  40      47.0     ms
success		1       60      1       32      1       0       54906.76  39      47.0     ms
success		1       61      2       17      2       0       54628.84  38      47.0     ms
success		1       62      3       25      3       0       53450.14  37      47.0     ms
success		1       63      4       23      4       0       52180.46  36      47.0     ms
success		1       64      3       25      3       0       50816.81  35      47.0     ms
success		1       65      2       16      2       0       49328.20  34      47.0     ms
success		1       66      2       30      2       0       48247.34  33      47.0     ms
success		1       67      1       13      1       0       46478.26  32      47.0     ms
success		1       68      2       4       2       0       46309.30  31      47.0     ms
success		1       69      4       25      4       0       45045.55  30      47.0     ms
success		1       70      3       14      3       0       43662.46  29      47.0     ms
success		1       71      1       12      1       0       42034.60  28      47.0     ms
success		1       72      2       0       2       0       40781.84  27      47.0     ms
success		1       73      4       23      4       0       39764.28  26      47.0     ms
success		1       74      6       18      6       0       38302.09  25      47.0     ms
success		1       75      6       23      6       0       37170.87  24      47.0     ms
success		1       76      2       14      2       0       35729.96  23      47.0     ms
success		1       77      7       0       7       0       33831.45  22      47.0     ms
success		1       78      6       9       6       0       32573.45  21      47.0     ms
success		1       79      2       16      2       0       31780.08  20      47.0     ms
success		1       80      1       13      1       0       30966.79  19      47.0     ms
success		1       81      6       0       6       0       29595.25  18      47.0     ms
success		1       82      5       11      5       0       28217.32  17      47.0     ms
success		1       83      4       7       4       0       27120.34  16      47.0     ms
success		1       84      6       13      6       0       25181.11  15      63.0     ms
success		1       85      7       2       7       0       24049.11  14      63.0     ms
success		1       86      8       7       8       0       22108.85  13      63.0     ms
success		1       87      12      7       12      0       20778.99  12      63.0     ms
success		1       88      6       2       6       0       18634.97  11      63.0     ms
success		1       89      10      6       9       0       17472.89  10      63.0     ms
success		1       90      8       1       8       0       15555.61  9       63.0     ms
success		1       91      18      3       16      0       14204.26  8       63.0     ms
success		1       92      15      2       11      0       12953.22  7       94.0     ms
success		1       93      32      5       18      0       10760.05  6       250.0    ms
success		1       0       1       37      1       0       115861.61 99      47767.0  ms
success		1       1       1       98      1       0       114982.73 98      47767.0  ms
success		1       2       1       61      1       0       113667.55 97      47767.0  ms
success		1       3       1       88      1       0       112011.39 96      47767.0  ms
success		1       4       1       9       1       0       111392.41 95      47767.0  ms
success		1       5       1       26      1       0       110868.51 94      47767.0  ms
success		1       6       2       22      2       0       109365.49 93      47767.0  ms
success		1       7       1       57      1       0       107851.30 92      47767.0  ms
success		1       8       1       0       1       0       106389.38 91      47767.0  ms
success		1       9       2       66      2       0       105451.25 90      47767.0  ms
success		1       10      1       7       1       0       104070.82 89      47767.0  ms
success		1       11      1       37      1       0       103820.53 88      47767.0  ms
success		1       12      1       87      1       0       103653.68 87      47767.0  ms
success		1       13      1       48      1       0       102217.56 86      47767.0  ms
success		1       14      1       8       1       0       101573.76 85      47767.0  ms
success		1       15      1       57      1       0       99599.50  84      47767.0  ms
success		1       16      2       75      2       0       98006.09  83      47767.0  ms
success		1       17      1       48      1       0       96703.23  82      47767.0  ms
success		1       18      2       65      2       0       95179.25  81      47767.0  ms
success		1       19      1       38      1       0       94320.16  80      47767.0  ms
success		1       20      2       4       2       0       92746.61  79      47767.0  ms
success		1       21      1       16      1       0       91046.47  78      47767.0  ms
success		1       22      2       53      2       0       91058.10  77      47767.0  ms
success		1       23      1       27      1       0       90227.62  76      47767.0  ms
success		1       24      1       15      1       0       89992.10  75      47767.0  ms
success		1       25      2       16      2       0       89154.67  74      47767.0  ms
success		1       26      1       3       1       0       88249.38  73      47767.0  ms
success		1       27      1       65      1       0       87655.76  72      47767.0  ms
success		1       28      1       57      1       0       86913.10  71      47767.0  ms
success		1       29      1       4       1       0       86118.89  70      47767.0  ms
success		1       30      1       36      1       0       84236.94  69      47767.0  ms
success		1       31      2       20      2       0       82635.25  68      47767.0  ms
success		1       32      2       8       2       0       81630.03  67      47767.0  ms
success		1       33      2       21      2       0       80626.63  66      47767.0  ms
success		1       34      2       57      2       0       79844.48  65      47767.0  ms
success		1       35      3       60      3       0       78122.85  64      47767.0  ms
success		1       36      1       37      1       0       76824.23  63      47767.0  ms
success		1       37      1       53      1       0       75784.85  62      47767.0  ms
success		1       38      1       60      1       0       74916.40  61      47767.0  ms
success		1       39      1       42      1       0       73531.03  60      47767.0  ms
success		1       40      2       23      2       0       72160.16  59      47767.0  ms
success		1       41      2       18      2       0       70541.42  58      47767.0  ms
success		1       42      2       46      2       0       69964.68  57      47767.0  ms
success		1       43      2       17      2       0       69312.55  56      47767.0  ms
success		1       44      1       31      1       0       67360.86  55      47767.0  ms
success		1       45      3       44      3       0       66961.59  54      47767.0  ms
success		1       46      1       44      1       0       66836.29  53      47767.0  ms
success		1       47      3       4       3       0       67448.36  52      47767.0  ms
success		1       48      1       10      1       0       67094.80  51      47767.0  ms
success		1       49      1       12      1       0       65369.87  50      47767.0  ms
success		1       50      1       37      1       0       63893.13  49      47767.0  ms
success		1       51      2       42      2       0       62478.04  48      47767.0  ms
success		1       52      2       7       2       0       61002.76  47      47767.0  ms
success		1       53      4       7       4       0       59583.95  46      47767.0  ms
success		1       54      1       7       1       0       58961.27  45      47767.0  ms
success		1       55      2       0       2       0       57977.26  44      47767.0  ms
success		1       56      2       30      2       0       55976.75  43      47767.0  ms
success		1       57      2       28      2       0       54415.19  42      47767.0  ms
success		1       58      2       26      2       0       54273.11  41      47767.0  ms
success		1       59      2       36      2       0       53564.17  40      47767.0  ms
success		1       60      2       28      2       0       52034.23  39      47767.0  ms
success		1       61      3       6       3       0       51506.10  38      47767.0  ms
success		1       62      6       20      6       0       50750.18  37      47767.0  ms
success		1       63      2       6       2       0       50604.41  36      47767.0  ms
success		1       64      3       21      3       0       49328.50  35      47767.0  ms
success		1       65      2       31      2       0       47664.11  34      47767.0  ms
success		1       66      3       12      3       0       47341.48  33      47767.0  ms
success		1       67      2       9       2       0       46017.14  32      47767.0  ms
success		1       68      2       19      2       0       44549.32  31      47767.0  ms
success		1       69      2       2       2       0       43062.79  30      47767.0  ms
success		1       70      5       25      5       0       41310.97  29      47767.0  ms
success		1       71      4       18      4       0       40707.57  28      47767.0  ms
success		1       72      5       16      5       0       39700.38  27      47767.0  ms
success		1       73      5       5       5       0       38676.80  26      47767.0  ms
success		1       74      4       8       4       0       37089.18  25      47767.0  ms
success		1       75      5       22      5       0       36705.86  24      47782.0  ms
success		1       76      4       5       4       0       36051.06  23      47782.0  ms
success		1       77      6       3       6       0       34303.92  22      47782.0  ms
success		1       78      1       5       1       0       32724.67  21      47782.0  ms
success		1       79      6       8       6       0       31272.83  20      47782.0  ms
success		1       80      3       15      3       0       30320.72  19      47782.0  ms
success		1       81      10      7       10      0       29173.44  18      47782.0  ms
success		1       82      5       13      5       0       27647.98  17      47782.0  ms
success		1       83      7       1       7       0       26191.06  16      47782.0  ms
success		1       84      6       12      6       0       24844.03  15      47782.0  ms
success		1       85      3       0       3       0       23094.37  14      47782.0  ms
success		1       86      4       10      4       0       22136.80  13      47782.0  ms
success		1       87      7       7       7       0       20895.82  12      47782.0  ms
success		1       88      7       9       7       0       18876.05  11      47782.0  ms
success		1       89      9       6       9       0       16936.65  10      47782.0  ms
success		1       90      17      8       13      0       16361.09  9       47798.0  ms
success		1       91      15      1       13      0       14683.03  8       47814.0  ms
success		1       92      25      3       13      0       12480.84  7       47938.0  ms
success		1       93      53      3       14      0       10820.84  6       48718.0  ms
success		1       94      475     3       18      0       9017.74   5       58577.0  ms
success		1       0       1       76      1       0       115386.50 99      87780.0  ms
success		1       1       1       25      1       0       115122.67 98      87780.0  ms
success		1       2       1       5       1       0       114787.45 97      87780.0  ms
success		1       3       1       28      1       0       114183.81 96      87780.0  ms
success		1       4       1       11      1       0       113614.85 95      87780.0  ms
success		1       5       1       7       1       0       112018.19 94      87780.0  ms
success		1       6       1       78      1       0       110356.06 93      87780.0  ms
success		1       7       1       50      1       0       109572.78 92      87780.0  ms
success		1       8       1       58      1       0       108344.51 91      87780.0  ms
success		1       9       1       16      1       0       107973.57 90      87780.0  ms
success		1       10      1       72      1       0       107956.09 89      87780.0  ms
success		1       11      1       41      1       0       106188.26 88      87780.0  ms
success		1       12      1       62      1       0       105195.27 87      87780.0  ms
success		1       13      1       70      1       0       103579.53 86      87780.0  ms
success		1       14      1       16      1       0       103514.56 85      87780.0  ms
success		1       15      1       3       1       0       102291.22 84      87780.0  ms
success		1       16      1       46      1       0       101626.23 83      87780.0  ms
success		1       17      1       37      1       0       100570.95 82      87780.0  ms
success		1       18      1       38      1       0       100389.68 81      87780.0  ms
success		1       19      2       57      2       0       99196.20  80      87780.0  ms
success		1       20      1       54      1       0       97389.06  79      87780.0  ms
success		1       21      2       17      2       0       96392.53  78      87780.0  ms
success		1       22      1       22      1       0       95135.27  77      87780.0  ms
success		1       23      1       44      1       0       94116.53  76      87780.0  ms
success		1       24      1       5       1       0       93202.22  75      87780.0  ms
success		1       25      2       1       2       0       92892.25  74      87780.0  ms
success		1       26      1       10      1       0       91484.55  73      87780.0  ms
success		1       27      1       47      1       0       89737.80  72      87780.0  ms
success		1       28      2       6       2       0       88470.64  71      87780.0  ms
success		1       29      1       58      1       0       87966.14  70      87780.0  ms
success		1       30      1       50      1       0       87320.55  69      87796.0  ms
success		1       31      2       45      2       0       86832.04  68      87796.0  ms
success		1       32      1       34      1       0       85928.49  67      87796.0  ms
success		1       33      1       42      1       0       85367.40  66      87796.0  ms
success		1       34      1       51      1       0       84269.89  65      87796.0  ms
success		1       35      1       11      1       0       83750.10  64      87796.0  ms
success		1       36      2       16      2       0       83161.93  63      87796.0  ms
success		1       37      2       28      2       0       82146.84  62      87796.0  ms
success		1       38      1       29      1       0       81022.73  61      87796.0  ms
success		1       39      1       3       1       0       79939.16  60      87796.0  ms
success		1       40      2       6       2       0       78457.84  59      87796.0  ms
success		1       41      2       39      2       0       77454.00  58      87796.0  ms
success		1       42      1       47      1       0       76689.43  57      87796.0  ms
success		1       43      2       15      2       0       76059.04  56      87796.0  ms
success		1       44      1       28      1       0       75529.34  55      87796.0  ms
success		1       45      4       21      4       0       74133.33  54      87796.0  ms
success		1       46      1       44      1       0       72614.88  53      87796.0  ms
success		1       47      2       1       2       0       71302.03  52      87796.0  ms
success		1       48      2       34      2       0       69994.17  51      87796.0  ms
success		1       49      2       12      2       0       69302.60  50      87796.0  ms
success		1       50      1       14      1       0       68469.31  49      87796.0  ms
success		1       51      3       47      3       0       67092.62  48      87796.0  ms
success		1       52      1       8       1       0       65760.63  47      87796.0  ms
success		1       53      1       22      1       0       64572.04  46      87796.0  ms
success		1       54      1       42      1       0       63428.82  45      87796.0  ms
success		1       55      4       3       4       0       62154.03  44      87796.0  ms
success		1       56      1       42      1       0       61587.61  43      87796.0  ms
success		1       57      1       4       1       0       60698.16  42      87796.0  ms
success		1       58      2       36      2       0       59795.24  41      87796.0  ms
success		1       59      3       15      3       0       59040.38  40      87796.0  ms
success		1       60      3       7       3       0       57674.61  39      87796.0  ms
success		1       61      2       20      2       0       56386.93  38      87796.0  ms
success		1       62      4       14      4       0       55118.41  37      87796.0  ms
success		1       63      4       30      4       0       53277.99  36      87796.0  ms
success		1       64      4       9       4       0       51906.20  35      87796.0  ms
success		1       65      4       33      4       0       49983.85  34      87796.0  ms
success		1       66      1       32      1       0       49307.42  33      87796.0  ms
success		1       67      1       3       1       0       48621.37  32      87796.0  ms
success		1       68      3       8       3       0       47991.20  31      87796.0  ms
success		1       69      2       1       2       0       46494.04  30      87796.0  ms
success		1       70      3       23      3       0       45098.94  29      87796.0  ms
success		1       71      6       21      6       0       43246.24  28      87796.0  ms
success		1       72      5       1       5       0       41993.71  27      87796.0  ms
success		1       73      5       5       5       0       40428.36  26      87796.0  ms
success		1       74      4       19      4       0       39348.81  25      87796.0  ms
success		1       75      2       22      2       0       37726.91  24      87796.0  ms
success		1       76      4       23      4       0       35886.10  23      87796.0  ms
success		1       77      5       3       5       0       34934.15  22      87796.0  ms
success		1       78      4       10      4       0       33515.73  21      87796.0  ms
success		1       79      6       5       6       0       31992.22  20      87796.0  ms
success		1       80      4       9       4       0       31270.83  19      87796.0  ms
success		1       81      4       15      4       0       29726.91  18      87796.0  ms
success		1       82      5       13      5       0       28311.88  17      87796.0  ms
success		1       83      5       13      5       0       26578.66  16      87796.0  ms
success		1       84      5       5       5       0       25209.74  15      87796.0  ms
success		1       85      11      5       11      0       23576.94  14      87796.0  ms
success		1       86      7       0       7       0       22281.25  13      87796.0  ms
success		1       87      12      11      12      0       20896.93  12      87796.0  ms
success		1       88      9       3       9       0       19184.88  11      87796.0  ms
success		1       89      9       10      9       0       17750.84  10      87796.0  ms
success		1       90      12      5       10      0       16543.05  9       87811.0  ms
success		1       91      14      7       12      0       14477.31  8       87811.0  ms
success		1       92      26      1       13      0       13060.37  7       87936.0  ms
success		1       93      45      3       16      0       10411.79  6       88435.0  ms
success		1       94      210     2       15      0       9356.61   5       93146.0  ms
success		1       0       1       54      1       0       115082.57 99      122131.0 ms
success		1       1       1       14      1       0       114557.06 98      122131.0 ms
success		1       2       1       20      1       0       113859.72 97      122131.0 ms
success		1       3       1       89      1       0       113329.40 96      122131.0 ms
success		1       4       1       11      1       0       112487.44 95      122146.0 ms
success		1       5       1       76      1       0       111627.92 94      122146.0 ms
success		1       6       1       7       1       0       111290.47 93      122146.0 ms
success		1       7       1       43      1       0       110761.25 92      122146.0 ms
success		1       8       1       9       1       0       109389.03 91      122146.0 ms
success		1       9       2       27      2       0       107826.88 90      122146.0 ms
success		1       10      1       14      1       0       107452.25 89      122146.0 ms
success		1       11      1       67      1       0       106073.25 88      122146.0 ms
success		1       12      1       52      1       0       104753.90 87      122146.0 ms
success		1       13      1       43      1       0       103422.17 86      122146.0 ms
success		1       14      2       36      2       0       102889.55 85      122146.0 ms
success		1       15      1       61      1       0       101598.73 84      122146.0 ms
success		1       16      2       49      2       0       100598.87 83      122146.0 ms
success		1       17      1       60      1       0       98900.82  82      122146.0 ms
success		1       18      1       69      1       0       97927.72  81      122146.0 ms
success		1       19      1       46      1       0       96884.26  80      122146.0 ms
success		1       20      1       11      1       0       96107.99  79      122146.0 ms
success		1       21      2       28      2       0       94979.71  78      122146.0 ms
success		1       22      1       63      1       0       93094.49  77      122146.0 ms
success		1       23      1       63      1       0       91612.36  76      122146.0 ms
success		1       24      1       38      1       0       90437.52  75      122146.0 ms
success		1       25      1       14      1       0       90160.09  74      122146.0 ms
success		1       26      1       34      1       0       89209.06  73      122146.0 ms
success		1       27      1       10      1       0       88567.49  72      122146.0 ms
success		1       28      1       29      1       0       87709.46  71      122146.0 ms
success		1       29      1       3       1       0       86508.99  70      122146.0 ms
success		1       30      1       17      1       0       84478.31  69      122146.0 ms
success		1       31      1       26      1       0       84061.85  68      122146.0 ms
success		1       32      1       29      1       0       83139.96  67      122146.0 ms
success		1       33      2       11      2       0       81613.39  66      122146.0 ms
success		1       34      1       6       1       0       80961.55  65      122146.0 ms
success		1       35      3       1       3       0       79717.86  64      122146.0 ms
success		1       36      2       3       2       0       79233.31  63      122146.0 ms
success		1       37      1       13      1       0       78462.73  62      122146.0 ms
success		1       38      1       56      1       0       77681.30  61      122146.0 ms
success		1       39      1       21      1       0       76664.11  60      122146.0 ms
success		1       40      1       56      1       0       75709.79  59      122146.0 ms
success		1       41      2       4       2       0       75027.37  58      122146.0 ms
success		1       42      2       24      2       0       73418.27  57      122146.0 ms
success		1       43      4       13      4       0       73908.25  56      122146.0 ms
success		1       44      1       2       1       0       72015.11  55      122146.0 ms
success		1       45      2       16      2       0       72009.49  54      122146.0 ms
success		1       46      1       18      1       0       70686.87  53      122146.0 ms
success		1       47      3       52      3       0       70424.27  52      122146.0 ms
success		1       48      1       2       1       0       69409.39  51      122146.0 ms
success		1       49      1       1       1       0       67983.67  50      122146.0 ms
success		1       50      3       45      3       0       67152.55  49      122146.0 ms
success		1       51      2       6       2       0       65872.16  48      122146.0 ms
success		1       52      2       42      2       0       65357.89  47      122146.0 ms
success		1       53      1       7       1       0       63441.87  46      122146.0 ms
success		1       54      4       39      4       0       62133.71  45      122146.0 ms
success		1       55      4       13      4       0       60689.51  44      122146.0 ms
success		1       56      1       15      1       0       59296.26  43      122146.0 ms
success		1       57      3       33      3       0       59897.55  42      122146.0 ms
success		1       58      2       6       2       0       59203.38  41      122146.0 ms
success		1       59      4       35      4       0       58014.72  40      122146.0 ms
success		1       60      1       31      1       0       57004.91  39      122146.0 ms
success		1       61      4       27      4       0       55677.37  38      122146.0 ms
success		1       62      1       15      1       0       54845.33  37      122146.0 ms
success		1       63      3       10      3       0       53915.88  36      122146.0 ms
success		1       64      2       18      2       0       52909.85  35      122146.0 ms
success		1       65      3       23      3       0       52005.31  34      122146.0 ms
success		1       66      3       22      3       0       50746.31  33      122146.0 ms
success		1       67      5       25      5       0       49538.86  32      122146.0 ms
success		1       68      7       31      7       0       47980.83  31      122146.0 ms
success		1       69      3       14      3       0       47041.49  30      122146.0 ms
success		1       70      4       24      4       0       46582.40  29      122146.0 ms
success		1       71      2       21      2       0       45036.45  28      122146.0 ms
success		1       72      3       11      3       0       43456.83  27      122146.0 ms
success		1       73      5       25      5       0       42135.42  26      122146.0 ms
success		1       74      4       25      4       0       40159.62  25      122146.0 ms
success		1       75      6       24      6       0       38428.62  24      122146.0 ms
success		1       76      4       1       4       0       36996.89  23      122146.0 ms
success		1       77      3       5       3       0       35513.32  22      122146.0 ms
success		1       78      7       7       7       0       34265.32  21      122146.0 ms
success		1       79      8       6       8       0       33066.09  20      122146.0 ms
success		1       80      4       3       4       0       31801.57  19      122146.0 ms
success		1       81      5       11      5       0       29949.26  18      122146.0 ms
success		1       82      4       10      4       0       28476.94  17      122146.0 ms
success		1       83      6       12      6       0       26715.33  16      122146.0 ms
success		1       84      7       7       7       0       25244.25  15      122146.0 ms
success		1       85      9       8       9       0       23073.80  14      122146.0 ms
success		1       86      8       13      8       0       21857.23  13      122146.0 ms
success		1       87      10      11      10      0       20064.98  12      122146.0 ms
success		1       88      7       6       7       0       18844.42  11      122146.0 ms
success		1       89      10      5       9       0       16667.81  10      122162.0 ms
success		1       90      8       6       8       0       15542.02  9       122162.0 ms
success		1       91      15      7       13      0       14361.18  8       122162.0 ms
success		1       92      19      4       14      0       12428.17  7       122209.0 ms
success		1       93      35      1       13      0       10814.46  6       122583.0 ms
success		1       94      162     3       17      0       8940.18   5       125547.0 ms
success		1       0       1       97      1       0       114941.14 99      166605.0 ms
success		1       1       1       46      1       0       114363.30 98      166605.0 ms
success		1       2       1       93      1       0       113585.30 97      166605.0 ms
success		1       3       1       90      1       0       112952.79 96      166605.0 ms
success		1       4       1       27      1       0       112677.61 95      166605.0 ms
success		1       5       1       26      1       0       112336.93 94      166605.0 ms
success		1       6       1       40      1       0       111185.17 93      166605.0 ms
success		1       7       1       54      1       0       109971.41 92      166605.0 ms
success		1       8       2       79      2       0       109060.43 91      166605.0 ms
success		1       9       1       33      1       0       108285.64 90      166605.0 ms
success		1       10      1       72      1       0       107589.07 89      166605.0 ms
success		1       11      1       1       1       0       106357.65 88      166605.0 ms
success		1       12      1       54      1       0       105810.06 87      166605.0 ms
success		1       13      1       81      1       0       104022.51 86      166605.0 ms
success		1       14      1       84      1       0       103939.48 85      166605.0 ms
success		1       15      1       53      1       0       103401.84 84      166605.0 ms
success		1       16      1       29      1       0       102950.40 83      166605.0 ms
success		1       17      1       62      1       0       101707.72 82      166605.0 ms
success		1       18      1       70      1       0       100164.91 81      166605.0 ms
success		1       19      2       46      2       0       99392.60  80      166605.0 ms
success		1       20      1       4       1       0       98181.84  79      166605.0 ms
success		1       21      1       27      1       0       96905.56  78      166605.0 ms
success		1       22      1       27      1       0       96451.84  77      166605.0 ms
success		1       23      1       64      1       0       95869.86  76      166605.0 ms
success		1       24      2       0       2       0       93845.90  75      166605.0 ms
success		1       25      2       65      2       0       93017.22  74      166605.0 ms
success		1       26      1       24      1       0       92223.30  73      166605.0 ms
success		1       27      1       40      1       0       90595.51  72      166605.0 ms
success		1       28      2       0       2       0       89532.60  71      166605.0 ms
success		1       29      1       50      1       0       88164.04  70      166605.0 ms
success		1       30      1       16      1       0       88021.38  69      166605.0 ms
success		1       31      1       18      1       0       87161.78  68      166605.0 ms
success		1       32      1       13      1       0       86834.36  67      166605.0 ms
success		1       33      2       13      2       0       86390.73  66      166605.0 ms
success		1       34      2       17      2       0       86062.65  65      166605.0 ms
success		1       35      1       44      1       0       84773.01  64      166605.0 ms
success		1       36      2       57      2       0       83685.54  63      166605.0 ms
success		1       37      2       54      2       0       83179.91  62      166605.0 ms
success		1       38      2       34      2       0       81966.88  61      166605.0 ms
success		1       39      1       40      1       0       80845.69  60      166605.0 ms
success		1       40      2       25      2       0       80112.23  59      166605.0 ms
success		1       41      1       9       1       0       79350.79  58      166605.0 ms
success		1       42      1       3       1       0       78763.33  57      166605.0 ms
success		1       43      1       11      1       0       78491.46  56      166605.0 ms
success		1       44      1       44      1       0       76761.99  55      166605.0 ms
success		1       45      3       44      3       0       75215.43  54      166605.0 ms
success		1       46      1       49      1       0       74326.47  53      166605.0 ms
success		1       47      2       33      2       0       73041.69  52      166605.0 ms
success		1       48      4       44      4       0       71095.12  51      166605.0 ms
success		1       49      2       31      2       0       70305.21  50      166605.0 ms
success		1       50      2       13      2       0       68876.21  49      166605.0 ms
success		1       51      2       30      2       0       68455.73  48      166605.0 ms
success		1       52      4       4       4       0       66732.10  47      166605.0 ms
success		1       53      6       29      6       0       65226.61  46      166605.0 ms
success		1       54      1       20      1       0       64816.58  45      166605.0 ms
success		1       55      2       17      2       0       63937.78  44      166605.0 ms
success		1       56      3       38      3       0       62605.64  43      166605.0 ms
success		1       57      1       25      1       0       61318.87  42      166605.0 ms
success		1       58      4       0       4       0       59901.88  41      166605.0 ms
success		1       59      2       31      2       0       58570.66  40      166605.0 ms
success		1       60      5       28      5       0       57125.18  39      166605.0 ms
success		1       61      3       24      3       0       55917.51  38      166605.0 ms
success		1       62      4       32      4       0       54945.99  37      166605.0 ms
success		1       63      4       20      4       0       53425.96  36      166605.0 ms
success		1       64      2       9       2       0       52273.28  35      166605.0 ms
success		1       65      5       7       5       0       51077.93  34      166605.0 ms
success		1       66      2       26      2       0       49396.69  33      166605.0 ms
success		1       67      2       23      2       0       48181.90  32      166605.0 ms
success		1       68      3       24      3       0       46648.90  31      166605.0 ms
success		1       69      3       25      3       0       46023.02  30      166605.0 ms
success		1       70      5       26      5       0       44410.17  29      166605.0 ms
success		1       71      6       13      6       0       43253.49  28      166605.0 ms
success		1       72      1       2       1       0       41457.58  27      166605.0 ms
success		1       73      3       11      3       0       39959.24  26      166605.0 ms
success		1       74      3       17      3       0       39230.63  25      166605.0 ms
success		1       75      2       18      2       0       37549.74  24      166605.0 ms
success		1       76      7       9       7       0       35426.40  23      166605.0 ms
success		1       77      4       13      4       0       33689.11  22      166605.0 ms
success		1       78      5       5       5       0       32584.94  21      166605.0 ms
success		1       79      5       12      5       0       31470.89  20      166605.0 ms
success		1       80      6       1       6       0       29791.58  19      166605.0 ms
success		1       81      7       6       7       0       28049.95  18      166605.0 ms
success		1       82      5       3       5       0       26284.49  17      166605.0 ms
success		1       83      5       12      5       0       25790.19  16      166605.0 ms
success		1       84      6       5       6       0       24712.02  15      166605.0 ms
success		1       85      7       4       7       0       22965.89  14      166621.0 ms
success		1       86      8       2       8       0       22007.38  13      166621.0 ms
success		1       87      4       5       4       0       20618.41  12      166621.0 ms
success		1       88      10      7       8       0       19484.97  11      166621.0 ms
success		1       89      6       8       6       0       17429.18  10      166621.0 ms
success		1       90      10      7       10      0       15579.89  9       166621.0 ms
success		1       91      16      4       14      0       13931.12  8       166636.0 ms
success		1       92      25      3       14      0       12534.04  7       166777.0 ms
success		1       93      41      2       14      0       10651.93  6       167136.0 ms
success		1       94      456     1       18      0       8980.44   5       178477.0 ms
success		1       0       1       35      1       0       115919.06 99      231750.0 ms
success		1       1       1       15      1       0       115065.28 98      231750.0 ms
success		1       2       1       59      1       0       113956.26 97      231750.0 ms
success		1       3       1       76      1       0       112553.51 96      231750.0 ms
success		1       4       1       7       1       0       111802.95 95      231750.0 ms
success		1       5       1       47      1       0       111057.69 94      231750.0 ms
success		1       6       1       72      1       0       110448.08 93      231750.0 ms
success		1       7       1       69      1       0       108887.59 92      231750.0 ms
success		1       8       1       61      1       0       108550.30 91      231750.0 ms
success		1       9       1       29      1       0       107458.36 90      231750.0 ms
success		1       10      1       36      1       0       105943.89 89      231750.0 ms
success		1       11      1       62      1       0       105324.46 88      231750.0 ms
success		1       12      1       69      1       0       105193.94 87      231750.0 ms
success		1       13      1       64      1       0       103678.24 86      231750.0 ms
success		1       14      1       57      1       0       102691.72 85      231750.0 ms
success		1       15      1       13      1       0       102330.84 84      231750.0 ms
success		1       16      1       74      1       0       100657.26 83      231750.0 ms
success		1       17      1       48      1       0       99457.93  82      231750.0 ms
success		1       18      1       67      1       0       98000.79  81      231750.0 ms
success		1       19      1       5       1       0       96334.35  80      231750.0 ms
success		1       20      1       41      1       0       95974.81  79      231750.0 ms
success		1       21      1       66      1       0       94961.13  78      231750.0 ms
success		1       22      1       4       1       0       93044.94  77      231750.0 ms
success		1       23      1       67      1       0       92306.18  76      231750.0 ms
success		1       24      2       75      2       0       91491.66  75      231750.0 ms
success		1       25      1       73      1       0       89697.71  74      231750.0 ms
success		1       26      1       49      1       0       89139.37  73      231750.0 ms
success		1       27      1       25      1       0       88568.53  72      231750.0 ms
success		1       28      1       60      1       0       86858.28  71      231750.0 ms
success		1       29      2       17      2       0       86678.31  70      231750.0 ms
success		1       30      1       58      1       0       86018.87  69      231750.0 ms
success		1       31      1       58      1       0       85097.54  68      231750.0 ms
success		1       32      1       46      1       0       83795.34  67      231750.0 ms
success		1       33      3       20      3       0       82139.28  66      231750.0 ms
success		1       34      1       56      1       0       80583.20  65      231750.0 ms
success		1       35      1       22      1       0       79724.68  64      231750.0 ms
success		1       36      1       16      1       0       78606.28  63      231750.0 ms
success		1       37      1       51      1       0       77159.43  62      231750.0 ms
success		1       38      1       43      1       0       75150.28  61      231750.0 ms
success		1       39      1       9       1       0       74593.25  60      231750.0 ms
success		1       40      1       51      1       0       74157.88  59      231750.0 ms
success		1       41      1       3       1       0       73298.11  58      231750.0 ms
success		1       42      1       25      1       0       71704.74  57      231750.0 ms
success		1       43      2       36      2       0       70846.24  56      231750.0 ms
success		1       44      1       49      1       0       70346.86  55      231750.0 ms
success		1       45      1       27      1       0       69951.84  54      231750.0 ms
success		1       46      3       27      3       0       69155.66  53      231750.0 ms
success		1       47      1       3       1       0       67984.38  52      231750.0 ms
success		1       48      2       3       2       0       67392.17  51      231750.0 ms
success		1       49      1       1       1       0       66102.43  50      231750.0 ms
success		1       50      3       41      3       0       64963.58  49      231750.0 ms
success		1       51      4       23      4       0       63875.39  48      231750.0 ms
success		1       52      1       33      1       0       63281.47  47      231750.0 ms
success		1       53      1       2       1       0       62800.84  46      231750.0 ms
success		1       54      1       11      1       0       61871.19  45      231750.0 ms
success		1       55      1       7       1       0       61402.88  44      231750.0 ms
success		1       56      3       25      3       0       59781.87  43      231750.0 ms
success		1       57      2       23      2       0       58085.12  42      231750.0 ms
success		1       58      2       12      2       0       57270.25  41      231750.0 ms
success		1       59      4       30      4       0       55600.74  40      231750.0 ms
success		1       60      1       22      1       0       54392.68  39      231750.0 ms
success		1       61      3       22      3       0       53893.78  38      231750.0 ms
success		1       62      4       11      4       0       52355.89  37      231750.0 ms
success		1       63      5       0       5       0       51453.82  36      231750.0 ms
success		1       64      2       25      2       0       50263.19  35      231750.0 ms
success		1       65      1       13      1       0       48998.97  34      231750.0 ms
success		1       66      4       0       4       0       47389.11  33      231765.0 ms
success		1       67      3       30      3       0       46247.69  32      231765.0 ms
success		1       68      2       8       2       0       44952.60  31      231765.0 ms
success		1       69      1       6       1       0       44715.38  30      231765.0 ms
success		1       70      4       28      4       0       43911.53  29      231765.0 ms
success		1       71      5       1       5       0       42725.03  28      231765.0 ms
success		1       72      8       25      8       0       41237.24  27      231765.0 ms
success		1       73      3       18      3       0       40197.18  26      231765.0 ms
success		1       74      4       11      4       0       38881.34  25      231765.0 ms
success		1       75      4       5       4       0       37551.20  24      231765.0 ms
success		1       76      4       23      4       0       35931.06  23      231765.0 ms
success		1       77      2       13      2       0       34484.47  22      231765.0 ms
success		1       78      1       5       1       0       34203.74  21      231765.0 ms
success		1       79      6       11      6       0       32729.23  20      231765.0 ms
success		1       80      2       13      2       0       30887.98  19      231765.0 ms
success		1       81      4       14      4       0       29843.68  18      231765.0 ms
success		1       82      5       8       5       0       28342.91  17      231765.0 ms
success		1       83      3       10      3       0       27054.69  16      231765.0 ms
success		1       84      8       5       8       0       25292.58  15      231765.0 ms
success		1       85      3       5       3       0       23997.86  14      231765.0 ms
success		1       86      6       4       6       0       22365.08  13      231765.0 ms
success		1       87      8       5       8       0       20540.27  12      231765.0 ms
success		1       88      12      8       12      0       18720.84  11      231765.0 ms
success		1       89      10      9       10      0       17156.04  10      231765.0 ms
success		1       90      10      2       7       0       16448.46  9       231765.0 ms
success		1       91      11      2       11      0       14048.32  8       231765.0 ms
success		1       92      23      4       13      0       12331.49  7       231843.0 ms
success		1       93      19      1       17      0       10232.32  6       231859.0 ms
success		1       94      773     1       17      0       8981.08   5       243949.0 ms
cross iterater0
bad   	success		10014.79  10805.29  6       287394.0 ms cross
rand   	success		8462.43   8772.34   5       289079.0 ms cross
bad   	success		8327.59   8887.33   5       301402.0 ms cross
rand   	
ab
ab7	2
fail		8635.67   9139.48   5       357374.0 ms
cross iterater1
bad   	success		8356.48   8637.49   5       362896.0 ms cross
rand   	fail		7617.53   8819.61   5       423813.0 ms cross
bad   	success		8266.94   8913.60   5       425092.0 ms cross
rand   	
ab
ab6	1
cross iterater2
bad   	success		8348.12   8748.92   5       488287.0 ms cross
rand   	
bad   	success		8104.14   8758.46   5       530640.0 ms cross
rand   	
ab
ab7	2
ab6	4
fail		8252.90   8859.37   5       642490.0 ms
cross iterater3
bad   	success		8553.06   9012.99   5       648620.0 ms cross
rand   	
bad   	success		8438.89   8779.68   5       715403.0 ms cross
rand   	
ab
ab7	1
ab6	5
fail		8354.21   8809.24   5       830139.0 ms
cross iterater4
bad   	success		8293.19   9122.46   5       833711.0 ms cross
rand   	
bad   	success		8244.08   8619.53   5       878763.0 ms cross
rand   	
ab
ab7	5
ab6	0
fail		8354.21   8809.24   5       939492.0 ms
cross iterater5
bad   	success		8308.37   8849.32   5       971285.0 ms cross
rand   	
bad   	success		8173.93   9024.17   5       1001439.0 ms cross
rand   	
ab
ab7	4
ab6	5
fail		8214.02   8837.36   5       1086629.0 ms
cross iterater6
bad   	fail		8203.90   10281.87  6       1110325.0 ms cross
rand   	success		8329.35   8701.23   5       1112259.0 ms cross
bad   	success		8343.29   8750.08   5       1118749.0 ms cross
rand   	
ab
ab7	5
fail		8329.35   8931.06   5       1197667.0 ms
cross iterater7
ab
ab7	3
fail		8462.43   9067.26   5       1227666.0 ms
cross iterater8
bad   	success		8337.40   8867.36   5       1227681.0 ms cross
rand   	
bad   	success		8085.27   8881.68   5       1302653.0 ms cross
rand   	
ab
ab7	1
ab6	2
fail		7977.13   8707.59   5       1446888.0 ms
fail		8085.27   8803.72   5       1511315.0 ms
cross iterater9
bad   	success		8247.54   8814.01   5       1511315.0 ms cross
rand   	
bad   	success		8326.98   8793.80   5       1557506.0 ms cross
rand   	
ab
ab6	4
ab7	1
fail		8175.75   8903.66   5       1661228.0 ms
cross iterater10
bad   	
rand   	
bad   	success		7948.16   8726.58   5       1796509.0 ms cross
rand   	
ab
ab6	4
ab7	3
fail		8505.52   9032.24   5       1909794.0 ms
cross iterater11
bad   	success		8054.42   9029.28   5       1931337.0 ms cross
rand   	
bad   	fail		8339.87   9787.60   6       2027681.0 ms cross
rand   	success		8349.10   8855.84   5       2056431.0 ms cross
ab
ab7	0
fail		8388.13   8921.19   5       2110281.0 ms
cross iterater12
ab
ab7	4
cross iterater13
bad   	success		8317.36   8715.03   5       2110312.0 ms cross
rand   	
bad   	success		8319.74   8980.64   5       2182695.0 ms cross
rand   	
ab
ab7	5
fail		8457.72   8916.72   5       2289225.0 ms
cross iterater14
bad   	success		8321.64   8709.04   5       2289849.0 ms cross
rand   	
bad   	success		8473.25   8782.05   5       2337709.0 ms cross
rand   	
ab
ab7	2
ab6	1
fail		8544.98   9034.07   5       2405583.0 ms
fail		8457.72   8916.72   5       2422447.0 ms
cross iterater15
ab
ab6	1
fail		8349.10   8987.74   5       2446252.0 ms
fail		8317.36   8839.53   5       2484034.0 ms
cross iterater16
ab
ab6	3
fail		8429.09   8954.10   5       2511724.0 ms
cross iterater17
bad   	success		8188.28   8590.08   5       2512270.0 ms cross
rand   	
bad   	success		8565.07   8765.85   5       2538196.0 ms cross
rand   	
ab
ab6	2
ab7	5
fail		8518.24   8915.56   5       2592624.0 ms
cross iterater18
bad   	
rand   	
bad   	success		8553.80   9158.89   5       2687408.0 ms cross
rand   	fail		7777.08   9074.91   5       2720885.0 ms cross
ab
ab6	1
fail		8188.28   8871.90   5       2779586.0 ms
cross iterater19
ab
ab6	2
ab7	3
cross iterater20
bad   	success		8099.10   8840.12   5       2779602.0 ms cross
rand   	
bad   	success		8051.44   8782.38   5       2846275.0 ms cross
rand   	
ab
ab6	5
ab7	2
fail		8317.36   8839.53   5       2922807.0 ms
cross iterater21
bad   	success		8129.09   8647.03   5       2922838.0 ms cross
rand   	
bad   	success		8455.33   8843.92   5       2975612.0 ms cross
rand   	
ab
ab6	4
fail		8235.17   8777.43   5       3066324.0 ms
fail		8129.09   8846.99   5       3102328.0 ms
cross iterater22
bad   	success		8004.09   8905.34   5       3102453.0 ms cross
rand   	
bad   	success		8551.68   8797.92   5       3149362.0 ms cross
rand   	
ab
ab7	5
ab6	2
fail		8323.40   8865.21   5       3257779.0 ms
cross iterater23
ab
ab7	4
fail		8235.17   8777.43   5       3298541.0 ms
cross iterater24
ab
ab7	2
fail		8051.44   8844.89   5       3333875.0 ms
cross iterater25
bad   	success		8374.40   9228.42   5       3334000.0 ms cross
rand   	fail		7802.00   8757.82   5       3384402.0 ms cross
bad   	success		8049.51   9065.46   5       3384418.0 ms cross
rand   	
ab
ab7	3
fail		8274.17   8911.27   5       3450405.0 ms
cross iterater26
bad   	
rand   	
bad   	success		8288.26   8743.85   5       3605169.0 ms cross
rand   	
ab
ab7	2
cross iterater27

R.size:5

1		18	164	34	62	181	45	91	26	161	197	167	44	151	32	21	78	104	3	90	193	124	196	102	122	22	64	166	16	84	141	157	113	96	156	114	187	112	155	80	154	99	190	115	52	97	163	
2		8	60	48	143	119	71	61	65	118	168	67	88	152	103	43	191	27	146	38	150	57	158	59	49	144	125	29	160	147	37	9	129	159	101	138	7	136	127	24	148	50	30	
3		131	116	41	199	74	192	79	73	183	6	40	128	194	95	94	75	184	200	178	13	68	14	11	142	130	105	180	70	58	83	98	93	121	20	149	76	188	108	82	28	2	12	87	169	10	85	53	39	72	140	
4		23	56	47	36	4	100	33	179	35	177	162	137	117	134	19	31	195	132	15	172	120	81	63	165	170	133	17	66	123	176	189	198	69	89	174	5	173	55	109	110	111	54	182	25	153	46	175	1	126	171	
5		139	77	135	51	92	145	186	107	185	106	42	86	

data1/pdp200/LR2_2_9.txt
total_cost 7617.533191

