success		1       0       1       32      1       0       14347.73  104     0.0      ms
success		1       1       1       20      1       0       14054.48  103     0.0      ms
success		1       2       1       62      1       0       14051.15  102     0.0      ms
success		1       3       2       70      2       0       14089.87  101     0.0      ms
success		1       4       1       28      1       0       14208.81  100     0.0      ms
success		1       5       1       51      1       0       14250.58  99      0.0      ms
success		1       6       1       98      1       0       14225.93  98      0.0      ms
success		1       7       1       19      1       0       14293.50  97      0.0      ms
success		1       8       2       95      2       0       13954.02  96      0.0      ms
success		1       9       1       60      1       0       13920.49  95      15.0     ms
success		1       10      1       83      1       0       13721.06  94      15.0     ms
success		1       11      2       87      2       0       13735.33  93      15.0     ms
success		1       12      1       73      1       0       13635.92  92      15.0     ms
success		1       13      1       39      1       0       13592.62  91      15.0     ms
success		1       14      1       12      1       0       13479.53  90      15.0     ms
success		1       15      1       73      1       0       13572.97  89      15.0     ms
success		1       16      1       18      1       0       13575.81  88      15.0     ms
success		1       17      1       48      1       0       13601.33  87      15.0     ms
success		1       18      1       30      1       0       13550.30  86      15.0     ms
success		1       19      2       21      2       0       13380.51  85      15.0     ms
success		1       20      1       51      1       0       13376.73  84      15.0     ms
success		1       21      1       35      1       0       13367.23  83      15.0     ms
success		1       22      1       47      1       0       13323.43  82      15.0     ms
success		1       23      2       14      2       0       13421.71  81      15.0     ms
success		1       24      2       71      2       0       13030.07  80      15.0     ms
success		1       25      1       23      1       0       13065.37  79      15.0     ms
success		1       26      1       27      1       0       13086.51  78      15.0     ms
success		1       27      1       55      1       0       12674.63  77      15.0     ms
success		1       28      1       48      1       0       12674.98  76      15.0     ms
success		1       29      1       62      1       0       12686.69  75      15.0     ms
success		1       30      1       8       1       0       12678.89  74      15.0     ms
success		1       31      1       2       1       0       12792.94  73      15.0     ms
success		1       32      1       35      1       0       12520.34  72      15.0     ms
success		1       33      1       24      1       0       12673.16  71      15.0     ms
success		1       34      1       50      1       0       12623.14  70      15.0     ms
success		1       35      1       36      1       0       12703.52  69      15.0     ms
success		1       36      2       58      2       0       12607.17  68      15.0     ms
success		1       37      2       28      2       0       12734.57  67      15.0     ms
success		1       38      2       33      2       0       12578.97  66      15.0     ms
success		1       39      2       23      2       0       12429.04  65      15.0     ms
success		1       40      1       49      1       0       12173.47  64      15.0     ms
success		1       41      1       53      1       0       12183.64  63      15.0     ms
success		1       42      1       39      1       0       12199.86  62      15.0     ms
success		1       43      2       55      2       0       12152.16  61      15.0     ms
success		1       44      1       31      1       0       11826.02  60      15.0     ms
success		1       45      3       36      3       0       12039.95  59      15.0     ms
success		1       46      2       18      2       0       11747.97  58      15.0     ms
success		1       47      2       9       2       0       11690.55  57      15.0     ms
success		1       48      2       32      2       0       11264.10  56      15.0     ms
success		1       49      2       18      2       0       11312.09  55      15.0     ms
success		1       50      2       38      2       0       11319.92  54      15.0     ms
success		1       51      2       3       2       0       11341.20  53      15.0     ms
success		1       52      3       50      3       0       11360.26  52      15.0     ms
success		1       53      4       45      4       0       11585.06  51      31.0     ms
success		1       54      2       9       2       0       11487.27  50      31.0     ms
success		1       55      2       36      2       0       11517.36  49      31.0     ms
success		1       56      3       38      3       0       11214.44  48      31.0     ms
success		1       57      1       41      1       0       11195.56  47      31.0     ms
success		1       58      3       33      3       0       11364.22  46      31.0     ms
success		1       59      3       34      3       0       11169.73  45      31.0     ms
success		1       60      3       11      3       0       11004.74  44      31.0     ms
success		1       61      3       18      3       0       11011.54  43      31.0     ms
success		1       62      2       0       2       0       10817.70  42      31.0     ms
success		1       63      4       17      2       0       12712.72  40      31.0     ms
success		1       64      2       26      2       0       12445.85  39      31.0     ms
success		1       65      3       26      3       0       12120.45  38      31.0     ms
success		1       66      4       15      4       0       11565.11  37      31.0     ms
success		1       67      4       35      2       0       11868.35  35      31.0     ms
success		1       68      3       5       3       0       11403.59  34      31.0     ms
success		1       69      5       27      3       0       10986.40  33      31.0     ms
success		1       70      6       1       4       0       10981.64  32      47.0     ms
success		1       71      4       6       3       0       10545.69  30      47.0     ms
success		1       72      6       6       4       0       10098.49  29      47.0     ms
success		1       73      6       15      2       0       10544.97  28      47.0     ms
success		1       74      5       9       5       0       9996.81   27      47.0     ms
success		1       75      9       11      5       0       9656.64   26      62.0     ms
success		1       76      6       24      5       0       8752.17   25      62.0     ms
success		1       77      12      15      3       0       8079.37   23      93.0     ms
success		1       78      68      8       3       0       7431.47   22      234.0    ms
success		1       79      28      18      6       0       8136.51   21      265.0    ms
success		1       80      32      10      4       0       7304.37   20      296.0    ms
success		1       0       1       15      1       0       26844.86  104     1154.0   ms
success		1       1       1       39      1       0       26397.19  103     1154.0   ms
success		1       2       1       8       1       0       26166.40  102     1154.0   ms
success		1       3       1       43      1       0       25751.73  101     1154.0   ms
success		1       4       1       99      1       0       25381.69  100     1154.0   ms
success		1       5       1       80      1       0       25237.02  99      1154.0   ms
success		1       6       2       0       2       0       25048.73  98      1154.0   ms
success		1       7       1       75      1       0       24843.11  97      1154.0   ms
success		1       8       1       85      1       0       24660.31  96      1154.0   ms
success		1       9       1       1       1       0       24513.84  95      1154.0   ms
success		1       10      1       59      1       0       24281.06  94      1154.0   ms
success		1       11      1       58      1       0       24006.90  93      1154.0   ms
success		1       12      1       42      1       0       23800.69  92      1154.0   ms
success		1       13      2       42      2       0       23507.39  91      1154.0   ms
success		1       14      1       2       1       0       23403.25  90      1154.0   ms
success		1       15      2       4       2       0       23245.80  89      1154.0   ms
success		1       16      1       62      1       0       23028.99  88      1154.0   ms
success		1       17      1       65      1       0       22748.06  87      1154.0   ms
success		1       18      1       6       1       0       22619.39  86      1154.0   ms
success		1       19      1       28      1       0       22454.39  85      1154.0   ms
success		1       20      1       25      1       0       22280.11  84      1154.0   ms
success		1       21      1       79      1       0       22161.76  83      1154.0   ms
success		1       22      2       36      2       0       22010.32  82      1154.0   ms
success		1       23      2       1       2       0       21758.56  81      1154.0   ms
success		1       24      1       53      1       0       21506.75  80      1154.0   ms
success		1       25      1       8       1       0       21004.69  79      1154.0   ms
success		1       26      2       10      2       0       20864.53  78      1154.0   ms
success		1       27      3       35      3       0       20090.54  77      1154.0   ms
success		1       28      2       47      2       0       19951.01  76      1154.0   ms
success		1       29      1       72      1       0       19757.51  75      1154.0   ms
success		1       30      2       42      2       0       19401.53  74      1154.0   ms
success		1       31      2       28      2       0       19208.32  73      1154.0   ms
success		1       32      2       26      2       0       18915.12  72      1154.0   ms
success		1       33      3       45      3       0       18508.68  71      1154.0   ms
success		1       34      1       58      1       0       18262.35  70      1154.0   ms
success		1       35      1       56      1       0       18160.80  69      1154.0   ms
success		1       36      2       30      2       0       17878.97  68      1154.0   ms
success		1       37      1       66      1       0       17511.97  67      1154.0   ms
success		1       38      1       61      1       0       17380.73  66      1154.0   ms
success		1       39      1       44      1       0       17152.17  65      1154.0   ms
success		1       40      2       27      2       0       16954.03  64      1154.0   ms
success		1       41      1       39      1       0       16703.49  63      1154.0   ms
success		1       42      2       27      2       0       16579.48  62      1154.0   ms
success		1       43      2       11      2       0       16372.14  61      1154.0   ms
success		1       44      1       17      1       0       16209.22  60      1154.0   ms
success		1       45      4       41      4       0       15931.53  59      1154.0   ms
success		1       46      3       45      3       0       15839.95  58      1154.0   ms
success		1       47      2       7       2       0       15874.62  57      1154.0   ms
success		1       48      2       43      2       0       15695.71  56      1154.0   ms
success		1       49      1       24      1       0       15247.89  55      1154.0   ms
success		1       50      1       29      1       0       14871.40  54      1154.0   ms
success		1       51      1       50      1       0       14517.45  53      1154.0   ms
success		1       52      2       43      2       0       14341.25  52      1154.0   ms
success		1       53      3       7       3       0       13901.36  51      1154.0   ms
success		1       54      4       23      4       0       13424.38  50      1154.0   ms
success		1       55      1       44      1       0       13225.37  49      1154.0   ms
success		1       56      2       16      2       0       13225.82  48      1154.0   ms
success		1       57      3       35      3       0       13140.74  47      1154.0   ms
success		1       58      4       8       4       0       13110.24  46      1154.0   ms
success		1       59      5       40      5       0       12985.33  45      1154.0   ms
success		1       60      2       30      2       0       12835.15  44      1154.0   ms
success		1       61      2       38      2       0       12582.59  43      1154.0   ms
success		1       62      2       34      2       0       12236.74  42      1154.0   ms
success		1       63      3       29      3       0       12253.94  41      1154.0   ms
success		1       64      3       32      3       0       11953.22  40      1154.0   ms
success		1       65      5       38      4       0       12805.68  38      1154.0   ms
success		1       66      4       9       4       0       12179.23  37      1154.0   ms
success		1       67      6       11      4       0       11333.38  35      1154.0   ms
success		1       68      2       19      2       0       10761.26  34      1154.0   ms
success		1       69      3       29      2       0       10654.28  33      1154.0   ms
success		1       70      3       21      3       0       10431.79  32      1154.0   ms
success		1       71      3       9       3       0       10289.43  31      1154.0   ms
success		1       72      2       1       2       0       10015.77  30      1154.0   ms
success		1       73      6       20      5       0       9943.38   29      1154.0   ms
success		1       74      4       27      4       0       9503.61   28      1154.0   ms
success		1       75      13      12      4       0       9439.53   27      1154.0   ms
success		1       76      8       26      6       0       9567.73   26      1154.0   ms
success		1       77      10      4       6       0       9171.98   25      1170.0   ms
success		1       78      20      17      3       0       7866.17   23      1170.0   ms
success		1       79      15      18      3       0       7742.63   22      1185.0   ms
success		1       80      73      5       5       0       8050.60   21      1232.0   ms
success		1       0       1       52      1       0       26866.03  104     1716.0   ms
success		1       1       1       92      1       0       26400.07  103     1716.0   ms
success		1       2       1       66      1       0       26234.70  102     1716.0   ms
success		1       3       1       71      1       0       25825.30  101     1731.0   ms
success		1       4       1       62      1       0       25633.43  100     1731.0   ms
success		1       5       1       7       1       0       25508.87  99      1731.0   ms
success		1       6       1       69      1       0       25287.61  98      1731.0   ms
success		1       7       1       78      1       0       25118.31  97      1731.0   ms
success		1       8       1       78      1       0       24948.51  96      1731.0   ms
success		1       9       1       24      1       0       24759.88  95      1731.0   ms
success		1       10      1       5       1       0       24401.03  94      1731.0   ms
success		1       11      1       26      1       0       24012.08  93      1731.0   ms
success		1       12      1       89      1       0       23803.90  92      1731.0   ms
success		1       13      1       15      1       0       23606.67  91      1731.0   ms
success		1       14      1       69      1       0       23371.09  90      1731.0   ms
success		1       15      1       81      1       0       23090.51  89      1731.0   ms
success		1       16      1       41      1       0       22863.04  88      1731.0   ms
success		1       17      1       9       1       0       22732.22  87      1731.0   ms
success		1       18      1       57      1       0       22517.87  86      1731.0   ms
success		1       19      1       34      1       0       21969.06  85      1731.0   ms
success		1       20      2       31      2       0       21315.71  84      1731.0   ms
success		1       21      1       34      1       0       21056.67  83      1731.0   ms
success		1       22      1       4       1       0       20959.99  82      1731.0   ms
success		1       23      1       25      1       0       20745.46  81      1731.0   ms
success		1       24      1       79      1       0       20431.41  80      1731.0   ms
success		1       25      1       79      1       0       20218.10  79      1731.0   ms
success		1       26      2       57      2       0       20132.50  78      1731.0   ms
success		1       27      1       69      1       0       19827.59  77      1731.0   ms
success		1       28      1       3       1       0       19353.71  76      1731.0   ms
success		1       29      2       70      2       0       19036.10  75      1731.0   ms
success		1       30      2       69      2       0       18933.84  74      1731.0   ms
success		1       31      2       39      2       0       18721.41  73      1731.0   ms
success		1       32      1       19      1       0       18190.05  72      1731.0   ms
success		1       33      1       13      1       0       17880.97  71      1731.0   ms
success		1       34      1       22      1       0       17516.43  70      1731.0   ms
success		1       35      2       16      2       0       17278.35  69      1731.0   ms
success		1       36      1       48      1       0       17003.13  68      1731.0   ms
success		1       37      2       6       2       0       17001.67  67      1731.0   ms
success		1       38      3       17      3       0       16739.64  66      1731.0   ms
success		1       39      2       53      2       0       16651.42  65      1731.0   ms
success		1       40      1       55      1       0       16171.03  64      1731.0   ms
success		1       41      2       25      2       0       15905.78  63      1731.0   ms
success		1       42      2       40      2       0       15592.42  62      1731.0   ms
success		1       43      1       54      1       0       15457.64  61      1731.0   ms
success		1       44      1       19      1       0       15152.12  60      1731.0   ms
success		1       45      1       16      1       0       14948.91  59      1731.0   ms
success		1       46      2       34      2       0       14554.88  58      1731.0   ms
success		1       47      2       9       2       0       14624.99  57      1731.0   ms
success		1       48      1       35      1       0       14475.49  56      1731.0   ms
success		1       49      1       23      1       0       14314.93  55      1731.0   ms
success		1       50      2       6       2       0       14030.97  54      1731.0   ms
success		1       51      1       37      1       0       13433.66  53      1731.0   ms
success		1       52      1       46      1       0       13122.37  52      1731.0   ms
success		1       53      1       11      1       0       13053.18  51      1731.0   ms
success		1       54      3       17      3       0       12806.35  50      1731.0   ms
success		1       55      2       23      2       0       12597.84  49      1731.0   ms
success		1       56      1       24      1       0       12276.56  48      1731.0   ms
success		1       57      2       40      2       0       12130.07  47      1731.0   ms
success		1       58      2       32      2       0       11900.66  46      1731.0   ms
success		1       59      4       0       4       0       11816.72  45      1731.0   ms
success		1       60      2       28      2       0       11676.58  44      1731.0   ms
success		1       61      4       9       4       0       11536.37  43      1731.0   ms
success		1       62      4       35      2       0       14345.38  41      1731.0   ms
success		1       63      3       34      3       0       13615.67  40      1731.0   ms
success		1       64      5       9       5       0       12966.76  39      1731.0   ms
success		1       65      4       27      4       0       12191.85  38      1731.0   ms
success		1       66      3       36      3       0       12023.45  37      1731.0   ms
success		1       67      2       21      2       0       11748.45  36      1731.0   ms
success		1       68      3       14      3       0       11429.61  35      1731.0   ms
success		1       69      4       23      4       0       11095.38  34      1731.0   ms
success		1       70      4       19      3       0       11978.59  33      1731.0   ms
success		1       71      3       5       3       0       11315.79  32      1731.0   ms
success		1       72      3       29      3       0       10855.53  31      1731.0   ms
success		1       73      7       2       4       0       10744.79  30      1731.0   ms
success		1       74      3       21      3       0       10661.75  29      1731.0   ms
success		1       75      11      16      5       0       9564.61   28      1731.0   ms
success		1       76      7       19      4       0       9099.95   27      1731.0   ms
success		1       77      10      16      4       0       9988.35   26      1731.0   ms
success		1       78      29      15      5       0       8999.63   24      1747.0   ms
success		1       79      19      17      5       0       8483.39   23      1763.0   ms
success		1       80      82      11      6       0       8335.89   22      1809.0   ms
success		1       81      41      19      6       0       7798.92   21      1825.0   ms
success		1       82      329     15      5       0       7953.93   20      2246.0   ms
success		1       0       1       11      1       0       26999.39  104     3057.0   ms
success		1       1       1       47      1       0       26815.31  103     3057.0   ms
success		1       2       1       85      1       0       26376.14  102     3057.0   ms
success		1       3       1       8       1       0       26158.61  101     3057.0   ms
success		1       4       1       36      1       0       25616.55  100     3057.0   ms
success		1       5       1       25      1       0       25326.66  99      3057.0   ms
success		1       6       1       50      1       0       25016.77  98      3057.0   ms
success		1       7       2       18      2       0       24686.70  97      3057.0   ms
success		1       8       1       33      1       0       24345.35  96      3057.0   ms
success		1       9       1       43      1       0       23881.47  95      3057.0   ms
success		1       10      1       91      1       0       23673.29  94      3057.0   ms
success		1       11      1       79      1       0       23505.12  93      3057.0   ms
success		1       12      2       71      2       0       23429.73  92      3057.0   ms
success		1       13      1       14      1       0       23217.19  91      3057.0   ms
success		1       14      1       56      1       0       23013.88  90      3057.0   ms
success		1       15      1       54      1       0       22627.84  89      3057.0   ms
success		1       16      1       82      1       0       22412.54  88      3057.0   ms
success		1       17      1       86      1       0       22098.49  87      3057.0   ms
success		1       18      1       47      1       0       21887.09  86      3057.0   ms
success		1       19      1       76      1       0       21704.30  85      3057.0   ms
success		1       20      1       76      1       0       21505.52  84      3057.0   ms
success		1       21      1       60      1       0       21311.77  83      3057.0   ms
success		1       22      1       46      1       0       21110.97  82      3057.0   ms
success		1       23      2       15      2       0       20776.10  81      3057.0   ms
success		1       24      2       8       2       0       20353.44  80      3057.0   ms
success		1       25      2       13      2       0       20055.01  79      3057.0   ms
success		1       26      1       9       1       0       19575.32  78      3057.0   ms
success		1       27      1       32      1       0       19152.28  77      3057.0   ms
success		1       28      1       70      1       0       18825.52  76      3057.0   ms
success		1       29      2       49      2       0       18700.04  75      3057.0   ms
success		1       30      1       35      1       0       18547.73  74      3057.0   ms
success		1       31      2       55      2       0       18211.50  73      3057.0   ms
success		1       32      2       8       2       0       17954.18  72      3057.0   ms
success		1       33      1       39      1       0       17683.01  71      3057.0   ms
success		1       34      1       18      1       0       17545.01  70      3057.0   ms
success		1       35      3       21      3       0       17280.03  69      3057.0   ms
success		1       36      1       40      1       0       16944.52  68      3057.0   ms
success		1       37      1       14      1       0       16716.50  67      3057.0   ms
success		1       38      2       13      2       0       16383.37  66      3057.0   ms
success		1       39      2       33      2       0       16223.02  65      3057.0   ms
success		1       40      2       11      2       0       16073.84  64      3057.0   ms
success		1       41      2       29      2       0       15894.24  63      3057.0   ms
success		1       42      3       13      3       0       15664.56  62      3057.0   ms
success		1       43      3       13      3       0       15578.79  61      3057.0   ms
success		1       44      1       28      1       0       15276.14  60      3073.0   ms
success		1       45      1       49      1       0       15161.42  59      3073.0   ms
success		1       46      3       35      3       0       14914.52  58      3073.0   ms
success		1       47      2       37      2       0       14714.84  57      3073.0   ms
success		1       48      3       24      3       0       14529.13  56      3073.0   ms
success		1       49      3       41      3       0       14389.07  55      3073.0   ms
success		1       50      2       3       2       0       13986.13  54      3073.0   ms
success		1       51      1       16      1       0       13739.76  53      3073.0   ms
success		1       52      2       14      2       0       13591.20  52      3073.0   ms
success		1       53      1       17      1       0       13346.01  51      3073.0   ms
success		1       54      1       36      1       0       13279.88  50      3073.0   ms
success		1       55      1       21      1       0       13092.48  49      3073.0   ms
success		1       56      1       25      1       0       12862.88  48      3073.0   ms
success		1       57      4       45      4       0       12462.56  47      3073.0   ms
success		1       58      3       12      3       0       12401.27  46      3073.0   ms
success		1       59      4       39      4       0       12079.01  45      3073.0   ms
success		1       60      3       44      3       0       11762.32  44      3073.0   ms
success		1       61      2       8       2       0       11689.31  43      3073.0   ms
success		1       62      4       38      4       0       11578.39  42      3073.0   ms
success		1       63      2       19      2       0       11457.33  41      3073.0   ms
success		1       64      2       36      2       0       11200.45  40      3073.0   ms
success		1       65      1       12      1       0       10853.11  39      3073.0   ms
success		1       66      2       9       2       0       10823.11  38      3073.0   ms
success		1       67      3       3       3       0       10706.53  37      3073.0   ms
success		1       68      3       6       3       0       10583.68  36      3073.0   ms
success		1       69      2       29      2       0       10441.86  35      3073.0   ms
success		1       70      2       9       2       0       10378.38  34      3073.0   ms
success		1       71      5       18      5       0       10213.69  33      3073.0   ms
success		1       72      2       3       2       0       9975.46   32      3073.0   ms
success		1       73      5       16      4       0       10334.01  31      3073.0   ms
success		1       74      3       1       3       0       9979.89   30      3073.0   ms
success		1       75      5       27      5       0       9488.82   29      3073.0   ms
success		1       76      7       16      3       0       9476.00   28      3073.0   ms
success		1       77      2       13      2       0       9309.77   27      3073.0   ms
success		1       78      13      24      4       0       9347.69   26      3089.0   ms
success		1       79      16      12      3       0       8819.75   25      3104.0   ms
success		1       80      5       5       4       0       8142.13   24      3104.0   ms
success		1       81      42      16      3       0       8242.11   23      3151.0   ms
success		1       82      17      9       6       0       8052.16   22      3167.0   ms
success		1       83      66      11      4       0       7807.23   21      3260.0   ms
success		1       84      216     17      6       0       7405.36   20      3588.0   ms
success		1       0       1       22      1       0       26938.96  104     4446.0   ms
success		1       1       1       1       1       0       26786.83  103     4446.0   ms
success		1       2       1       11      1       0       26552.32  102     4446.0   ms
success		1       3       1       31      1       0       26340.62  101     4446.0   ms
success		1       4       1       39      1       0       26018.18  100     4446.0   ms
success		1       5       1       60      1       0       25782.73  99      4446.0   ms
success		1       6       1       10      1       0       25680.36  98      4446.0   ms
success		1       7       1       1       1       0       25581.53  97      4446.0   ms
success		1       8       1       66      1       0       25339.51  96      4446.0   ms
success		1       9       1       58      1       0       24911.05  95      4446.0   ms
success		1       10      1       2       1       0       24791.73  94      4446.0   ms
success		1       11      1       68      1       0       24565.95  93      4446.0   ms
success		1       12      1       51      1       0       24169.75  92      4446.0   ms
success		1       13      1       2       1       0       24046.39  91      4446.0   ms
success		1       14      2       8       2       0       23648.31  90      4446.0   ms
success		1       15      1       4       1       0       23445.94  89      4446.0   ms
success		1       16      2       70      2       0       23161.37  88      4446.0   ms
success		1       17      2       26      2       0       23039.99  87      4446.0   ms
success		1       18      1       62      1       0       22717.74  86      4446.0   ms
success		1       19      2       20      2       0       22557.54  85      4446.0   ms
success		1       20      1       68      1       0       22277.99  84      4446.0   ms
success		1       21      2       77      2       0       22081.36  83      4446.0   ms
success		1       22      2       3       2       0       21916.34  82      4446.0   ms
success		1       23      2       32      2       0       21873.42  81      4446.0   ms
success		1       24      1       40      1       0       21690.18  80      4446.0   ms
success		1       25      1       2       1       0       21435.24  79      4446.0   ms
success		1       26      1       57      1       0       21101.29  78      4446.0   ms
success		1       27      1       35      1       0       20868.98  77      4446.0   ms
success		1       28      2       61      2       0       20688.27  76      4446.0   ms
success		1       29      1       2       1       0       20316.58  75      4446.0   ms
success		1       30      1       72      1       0       19912.16  74      4446.0   ms
success		1       31      2       33      2       0       19942.75  73      4446.0   ms
success		1       32      2       65      2       0       19633.67  72      4446.0   ms
success		1       33      2       38      2       0       19386.06  71      4446.0   ms
success		1       34      1       9       1       0       18963.62  70      4446.0   ms
success		1       35      1       52      1       0       18649.46  69      4446.0   ms
success		1       36      1       63      1       0       18472.65  68      4446.0   ms
success		1       37      1       55      1       0       18212.03  67      4446.0   ms
success		1       38      2       23      2       0       17926.11  66      4446.0   ms
success		1       39      2       44      2       0       17564.84  65      4446.0   ms
success		1       40      1       46      1       0       17381.90  64      4446.0   ms
success		1       41      1       37      1       0       17266.07  63      4446.0   ms
success		1       42      2       30      2       0       16759.91  62      4446.0   ms
success		1       43      2       13      2       0       16678.15  61      4446.0   ms
success		1       44      2       13      2       0       16303.53  60      4446.0   ms
success		1       45      1       23      1       0       15987.09  59      4446.0   ms
success		1       46      1       4       1       0       15758.69  58      4446.0   ms
success		1       47      1       38      1       0       15338.97  57      4446.0   ms
success		1       48      1       15      1       0       15225.63  56      4446.0   ms
success		1       49      1       6       1       0       15015.83  55      4446.0   ms
success		1       50      1       41      1       0       14810.13  54      4446.0   ms
success		1       51      3       48      3       0       14709.35  53      4446.0   ms
success		1       52      2       49      2       0       14521.59  52      4446.0   ms
success		1       53      1       38      1       0       14347.31  51      4446.0   ms
success		1       54      2       34      2       0       14172.42  50      4446.0   ms
success		1       55      2       6       2       0       13942.33  49      4446.0   ms
success		1       56      1       47      1       0       13661.05  48      4446.0   ms
success		1       57      3       16      3       0       13163.80  47      4446.0   ms
success		1       58      1       39      1       0       12973.64  46      4446.0   ms
success		1       59      2       35      2       0       12666.15  45      4446.0   ms
success		1       60      2       35      2       0       12614.68  44      4446.0   ms
success		1       61      3       20      3       0       12369.81  43      4446.0   ms
success		1       62      2       14      2       0       12256.40  42      4446.0   ms
success		1       63      3       27      3       0       11922.62  41      4446.0   ms
success		1       64      1       1       1       0       11650.81  40      4461.0   ms
success		1       65      5       6       4       0       11893.15  37      4461.0   ms
success		1       66      4       36      4       0       11515.37  36      4461.0   ms
success		1       67      2       17      2       0       11285.91  35      4461.0   ms
success		1       68      2       11      2       0       10887.81  34      4461.0   ms
success		1       69      5       8       3       0       11066.67  33      4461.0   ms
success		1       70      5       25      4       0       11267.81  32      4461.0   ms
success		1       71      4       26      3       0       10438.96  31      4461.0   ms
success		1       72      4       19      4       0       10095.00  30      4461.0   ms
success		1       73      9       24      5       0       9986.97   29      4461.0   ms
success		1       74      2       18      2       0       9872.31   28      4461.0   ms
success		1       75      7       21      3       0       9462.06   27      4461.0   ms
success		1       76      11      11      4       0       9220.19   26      4461.0   ms
success		1       77      7       25      4       0       8445.33   25      4477.0   ms
success		1       78      8       23      5       0       8595.20   24      4477.0   ms
success		1       79      29      4       4       0       8407.39   23      4508.0   ms
success		1       80      28      18      3       0       8574.79   22      4539.0   ms
success		1       81      54      15      7       0       8170.72   21      4602.0   ms
success		1       82      156     0       5       0       7270.61   20      4867.0   ms
success		1       0       1       91      1       0       26877.60  104     5850.0   ms
success		1       1       1       32      1       0       26752.43  103     5850.0   ms
success		1       2       1       80      1       0       26317.63  102     5850.0   ms
success		1       3       1       29      1       0       26110.93  101     5850.0   ms
success		1       4       1       58      1       0       25862.76  100     5850.0   ms
success		1       5       1       22      1       0       25610.22  99      5850.0   ms
success		1       6       1       77      1       0       25579.63  98      5850.0   ms
success		1       7       1       30      1       0       25183.32  97      5850.0   ms
success		1       8       1       49      1       0       25022.15  96      5850.0   ms
success		1       9       1       54      1       0       24774.26  95      5850.0   ms
success		1       10      1       55      1       0       24370.44  94      5850.0   ms
success		1       11      2       22      2       0       23901.03  93      5850.0   ms
success		1       12      1       31      1       0       23847.47  92      5850.0   ms
success		1       13      1       63      1       0       23407.88  91      5850.0   ms
success		1       14      1       67      1       0       23153.20  90      5850.0   ms
success		1       15      1       56      1       0       22868.47  89      5850.0   ms
success		1       16      1       60      1       0       22695.36  88      5850.0   ms
success		1       17      1       38      1       0       22351.14  87      5850.0   ms
success		1       18      1       1       1       0       21740.08  86      5850.0   ms
success		1       19      1       59      1       0       21435.69  85      5850.0   ms
success		1       20      1       2       1       0       21194.16  84      5850.0   ms
success		1       21      1       15      1       0       21007.39  83      5850.0   ms
success		1       22      1       65      1       0       20882.27  82      5850.0   ms
success		1       23      1       34      1       0       20602.52  81      5850.0   ms
success		1       24      1       55      1       0       20364.74  80      5850.0   ms
success		1       25      1       56      1       0       20181.66  79      5850.0   ms
success		1       26      1       21      1       0       19964.44  78      5850.0   ms
success		1       27      2       57      2       0       19713.41  77      5850.0   ms
success		1       28      1       39      1       0       19493.42  76      5850.0   ms
success		1       29      1       48      1       0       19347.56  75      5850.0   ms
success		1       30      1       44      1       0       19081.38  74      5850.0   ms
success		1       31      1       3       1       0       18733.58  73      5850.0   ms
success		1       32      1       20      1       0       18490.24  72      5850.0   ms
success		1       33      2       63      2       0       18285.22  71      5865.0   ms
success		1       34      1       53      1       0       18265.71  70      5865.0   ms
success		1       35      3       7       3       0       17965.66  69      5865.0   ms
success		1       36      3       44      3       0       17685.09  68      5865.0   ms
success		1       37      2       33      2       0       17392.51  67      5865.0   ms
success		1       38      1       38      1       0       17218.31  66      5865.0   ms
success		1       39      2       53      2       0       17047.88  65      5865.0   ms
success		1       40      1       23      1       0       16794.36  64      5865.0   ms
success		1       41      1       53      1       0       16560.73  63      5865.0   ms
success		1       42      1       12      1       0       16072.85  62      5865.0   ms
success		1       43      1       6       1       0       15837.51  61      5865.0   ms
success		1       44      3       2       3       0       15516.79  60      5865.0   ms
success		1       45      2       14      2       0       15404.60  59      5865.0   ms
success		1       46      2       35      2       0       15189.90  58      5865.0   ms
success		1       47      2       24      2       0       14800.83  57      5865.0   ms
success		1       48      3       8       3       0       14648.44  56      5865.0   ms
success		1       49      3       27      3       0       14589.84  55      5865.0   ms
success		1       50      3       47      3       0       14255.32  54      5865.0   ms
success		1       51      2       44      2       0       13962.27  53      5865.0   ms
success		1       52      1       32      1       0       13745.55  52      5865.0   ms
success		1       53      2       26      2       0       13503.56  51      5865.0   ms
success		1       54      2       47      2       0       13395.08  50      5865.0   ms
success		1       55      3       17      3       0       13364.89  49      5865.0   ms
success		1       56      1       40      1       0       13165.14  48      5865.0   ms
success		1       57      3       14      3       0       13168.52  47      5865.0   ms
success		1       58      1       27      1       0       12998.71  46      5865.0   ms
success		1       59      1       19      1       0       12639.26  45      5865.0   ms
success		1       60      3       21      3       0       12295.57  44      5865.0   ms
success		1       61      2       8       2       0       11980.99  43      5865.0   ms
success		1       62      3       27      3       0       11611.14  42      5865.0   ms
success		1       63      2       7       2       0       11478.52  41      5865.0   ms
success		1       64      1       3       1       0       11289.33  40      5865.0   ms
success		1       65      2       25      2       0       11227.00  39      5865.0   ms
success		1       66      4       21      4       0       10991.32  38      5865.0   ms
success		1       67      4       35      4       0       10678.34  37      5865.0   ms
success		1       68      4       16      4       0       10157.21  36      5865.0   ms
success		1       69      3       20      3       0       10082.82  35      5865.0   ms
success		1       70      4       26      3       0       11380.70  34      5865.0   ms
success		1       71      3       0       3       0       10920.21  33      5865.0   ms
success		1       72      3       17      3       0       10624.66  32      5865.0   ms
success		1       73      1       29      1       0       10167.99  31      5865.0   ms
success		1       74      5       17      3       0       9833.25   30      5865.0   ms
success		1       75      5       26      3       0       10418.97  29      5865.0   ms
success		1       76      2       16      2       0       9917.48   28      5865.0   ms
success		1       77      6       6       2       0       9733.84   27      5865.0   ms
success		1       78      4       21      4       0       9227.17   26      5865.0   ms
success		1       79      25      15      3       0       9519.86   25      5881.0   ms
success		1       80      11      24      5       0       8507.40   24      5881.0   ms
success		1       81      12      0       5       0       8407.49   23      5897.0   ms
success		1       82      12      16      5       0       7569.78   22      5897.0   ms
success		1       83      234     9       5       0       7657.02   21      6240.0   ms
success		1       84      121     16      6       0       6801.50   20      6411.0   ms
cross iterater0
bad   	success		5911.07   7923.20   21      7301.0   ms cross
rand   	fail		5622.25   7686.02   21      8127.0   ms cross
bad   	success		5867.16   7502.78   21      8190.0   ms cross
rand   	success		5936.77   7600.89   20      8611.0   ms cross
bad   	
rand   	fail		5325.26   7334.28   20      10779.0  ms cross
bad   	success		5368.98   6839.39   19      11154.0  ms cross
rand   	
ab
ab6	1
fail		5483.69   7461.34   20      13229.0  ms
fail		5461.96   7203.62   20      14367.0  ms
cross iterater1
bad   	success		5693.49   7554.32   21      14367.0  ms cross
rand   	success		5683.41   7513.94   20      14523.0  ms cross
bad   	
rand   	fail		5361.42   7292.80   20      16348.0  ms cross
bad   	fail		5549.80   7466.66   20      17425.0  ms cross
rand   	
bad   	success		6180.23   7355.05   21      18376.0  ms cross
rand   	success		5456.50   7392.73   20      18486.0  ms cross
bad   	
rand   	
bad   	fail		5673.05   7359.06   20      20217.0  ms cross
rand   	success		5290.79   6657.26   19      20467.0  ms cross
ab
ab6	3
fail		5447.01   7277.91   20      21543.0  ms
cross iterater2
bad   	success		5523.77   6717.50   20      21762.0  ms cross
rand   	fail		5339.43   7280.76   20      22635.0  ms cross
bad   	success		5766.07   6827.16   20      22947.0  ms cross
rand   	fail		5342.08   7447.54   20      23930.0  ms cross
bad   	success		5253.48   7299.98   19      24741.0  ms cross
rand   	
bad   	
rand   	
ab
ab7	0
fail		5625.39   7247.81   20      28594.0  ms
fail		5290.79   6915.50   19      29530.0  ms
cross iterater3
bad   	success		5343.36   7101.36   20      29530.0  ms cross
rand   	fail		5332.95   7360.55   20      30529.0  ms cross
bad   	success		5352.74   6844.66   19      30700.0  ms cross
rand   	
bad   	
rand   	
bad   	success		5497.48   7290.35   20      33758.0  ms cross
rand   	success		5339.54   6816.81   19      34397.0  ms cross
ab
ab7	5
ab6	3
cross iterater4
bad   	success		5436.09   7647.97   20      34553.0  ms cross
rand   	fail		5637.45   7257.25   20      35443.0  ms cross
bad   	success		5464.21   7132.94   19      35443.0  ms cross
rand   	
ab
ab7	3
fail		5620.69   7349.26   20      37689.0  ms
fail		5205.27   6853.09   19      38765.0  ms
fail		5550.34   7070.01   19      39873.0  ms
fail		5205.44   7272.96   20      40715.0  ms
cross iterater5
bad   	success		5218.07   6692.03   19      40715.0  ms cross
rand   	
bad   	success		5507.13   7340.40   20      41308.0  ms cross
rand   	fail		5541.25   7081.95   20      41885.0  ms cross
ab
ab7	5
fail		5580.96   7168.78   19      42697.0  ms
cross iterater6
bad   	success		5802.63   7373.46   20      42884.0  ms cross
rand   	success		5182.17   6915.49   19      43539.0  ms cross
bad   	success		5415.71   6816.51   19      43648.0  ms cross
rand   	
ab
ab7	5
fail		5415.71   7083.07   19      45036.0  ms
cross iterater7
bad   	
rand   	
bad   	success		5156.14   7233.91   19      46487.0  ms cross
rand   	
ab
ab6	1
fail		5205.27   6853.09   19      47907.0  ms
fail		5329.83   7010.57   19      48624.0  ms
cross iterater8
ab
ab7	3
ab6	5
fail		5205.27   6853.09   19      49670.0  ms
cross iterater9
bad   	success		5206.78   6758.06   19      49670.0  ms cross
rand   	
bad   	success		5401.32   6878.83   19      50824.0  ms cross
rand   	fail		5312.02   7050.16   19      51978.0  ms cross
ab
ab7	4
ab6	1
cross iterater10
bad   	success		5233.91   7080.85   19      51978.0  ms cross
rand   	
bad   	fail		5626.61   7348.54   20      54240.0  ms cross
rand   	fail		5957.42   6954.57   20      55083.0  ms cross
ab
ab6	4
ab7	2
fail		5338.46   6763.44   19      56300.0  ms
fail		5252.60   6939.18   19      57579.0  ms
cross iterater11
ab
ab7	2
ab6	5
fail		5475.43   6834.31   19      58718.0  ms
fail		5225.13   6938.59   19      60028.0  ms
cross iterater12
ab
ab6	1
fail		5327.25   6961.82   19      60964.0  ms
cross iterater13
bad   	
rand   	fail		5393.40   6954.67   19      63226.0  ms cross
bad   	success		5237.90   6488.53   19      63226.0  ms cross
rand   	
ab
ab7	0
cross iterater14
bad   	success		5425.68   6837.12   19      64489.0  ms cross
rand   	
bad   	success		5213.69   6690.63   19      65675.0  ms cross
rand   	
ab
ab6	3
ab7	5
fail		5408.56   7088.86   19      67984.0  ms
fail		5337.21   6912.00   19      69169.0  ms
fail		5475.43   6834.31   19      70371.0  ms
fail		5482.00   6760.40   19      71697.0  ms
cross iterater15
ab
ab6	1
fail		5213.69   6765.91   19      72929.0  ms
fail		5482.00   6760.40   19      73959.0  ms
cross iterater16
bad   	success		5475.43   6784.24   19      73959.0  ms cross
rand   	
bad   	success		5270.66   6888.23   19      74629.0  ms cross
rand   	fail		5559.49   6721.85   19      75363.0  ms cross
ab
ab6	2
fail		5292.26   6599.93   19      75987.0  ms
fail		5426.71   6933.93   19      76610.0  ms
fail		5213.69   6765.91   19      77359.0  ms
cross iterater17
bad   	success		5479.25   6525.82   19      77359.0  ms cross
rand   	
bad   	success		5157.38   6777.53   19      78592.0  ms cross
rand   	
ab
ab6	0
ab7	2
fail		5499.92   6859.83   19      80807.0  ms
fail		5475.43   6834.31   19      81556.0  ms
cross iterater18
bad   	success		5381.93   6874.09   19      81556.0  ms cross
rand   	
bad   	success		5236.73   6985.84   19      82882.0  ms cross
rand   	
ab
ab6	0
ab7	3
fail		5253.69   6777.03   19      84379.0  ms
fail		5157.38   6788.86   19      85050.0  ms
cross iterater19
ab
ab6	2
fail		5253.69   6777.03   19      85752.0  ms
cross iterater20
bad   	
rand   	
bad   	
rand   	
ab
ab6	1
cross iterater21
bad   	
rand   	
bad   	success		5271.61   6494.47   19      89683.0  ms cross
rand   	
ab
ab6	4
ab7	1
fail		5336.40   6768.11   19      90916.0  ms
fail		5292.26   6599.93   19      91524.0  ms
fail		5271.61   6579.94   19      92132.0  ms
cross iterater22
bad   	
rand   	
bad   	fail		5498.75   7516.28   20      94285.0  ms cross
rand   	success		5343.20   6863.59   19      94722.0  ms cross
ab
ab6	4
fail		5562.85   7032.58   19      95299.0  ms
fail		5292.26   6599.93   19      95939.0  ms
cross iterater23
bad   	success		5362.34   6800.19   19      95939.0  ms cross
rand   	fail		5385.97   6897.58   19      96625.0  ms cross
bad   	success		5236.80   7129.99   19      96625.0  ms cross
rand   	
ab
ab7	0
fail		5420.84   6972.29   19      98013.0  ms
cross iterater24
bad   	success		5267.37   6738.36   19      98013.0  ms cross
rand   	
bad   	success		5365.10   6939.40   19      99651.0  ms cross
rand   	
ab
ab7	3
fail		5267.37   6952.05   19      101726.0 ms
fail		5236.80   6873.01   19      102912.0 ms
cross iterater25
bad   	success		5205.69   6744.84   19      102912.0 ms cross
rand   	
bad   	success		5417.42   6603.12   19      103973.0 ms cross
rand   	fail		5186.69   6928.59   19      104877.0 ms cross
ab
ab7	0
fail		5236.80   6873.01   19      105907.0 ms
cross iterater26
bad   	success		5056.11   7421.33   19      105907.0 ms cross
rand   	fail		5450.11   6809.75   19      106999.0 ms cross
bad   	success		5445.58   6918.51   19      106999.0 ms cross
rand   	fail		5270.14   7205.40   19      107997.0 ms cross
ab
ab7	0
fail		5205.69   6859.54   19      109074.0 ms
fail		5493.21   7093.71   19      110181.0 ms
cross iterater27
bad   	success		5402.08   6920.56   19      110181.0 ms cross
rand   	
bad   	
rand   	
ab
ab6	2
ab7	1
fail		5289.35   6664.09   19      114690.0 ms
cross iterater28
bad   	success		5660.17   7014.96   19      114690.0 ms cross
rand   	
bad   	success		4972.47   6797.42   19      115657.0 ms cross
rand   	
ab
ab6	3
fail		5328.31   6989.04   19      117778.0 ms
fail		5289.35   6664.09   19      118980.0 ms
cross iterater29
bad   	success		5044.38   6797.31   19      118980.0 ms cross
rand   	
bad   	
rand   	
ab
ab7	0
fail		4972.47   6846.50   19      123472.0 ms
cross iterater30
bad   	fail		5268.81   7311.30   20      124533.0 ms cross
rand   	fail		5569.75   7180.15   20      125485.0 ms cross
bad   	success		5453.52   6901.02   19      125485.0 ms cross
rand   	fail		5664.38   7021.06   19      126530.0 ms cross
ab
ab6	5
ab7	2
fail		5092.20   6670.58   19      127466.0 ms
fail		5289.35   6664.09   19      128620.0 ms
cross iterater31
bad   	success		4972.47   6783.81   19      128620.0 ms cross
rand   	
bad   	success		5396.19   6773.54   19      130024.0 ms cross
rand   	fail		5344.37   7016.85   19      131069.0 ms cross
ab
ab7	2
ab6	4
fail		5226.83   6762.50   19      132364.0 ms
cross iterater32
bad   	success		5362.65   6629.90   19      132364.0 ms cross
rand   	
bad   	
rand   	success		5028.34   6628.54   19      134579.0 ms cross
ab
ab7	4
fail		5028.34   6880.26   19      135484.0 ms
cross iterater33
bad   	success		5439.97   7022.45   19      135500.0 ms cross
rand   	
bad   	success		5423.91   6865.29   19      136639.0 ms cross
rand   	
ab
ab7	3
ab6	0
cross iterater34
bad   	success		5283.41   6362.31   19      137684.0 ms cross
rand   	
bad   	fail		5265.60   7154.68   20      139587.0 ms cross
rand   	
ab
ab7	5
ab6	1
fail		4981.57   7050.68   19      141568.0 ms
cross iterater35
bad   	
rand   	
bad   	
rand   	
ab
ab6	1
ab7	3
fail		5283.41   6439.63   19      146856.0 ms
cross iterater36
bad   	fail		5562.32   6899.11   19      147980.0 ms cross
rand   	
bad   	
rand   	
ab
ab6	3
ab7	5
cross iterater37
bad   	success		5357.16   6641.70   19      151240.0 ms cross
rand   	
bad   	success		5190.70   6987.67   19      152379.0 ms cross
rand   	
ab
ab6	0
ab7	5
fail		5355.10   7081.58   19      154422.0 ms
fail		5640.05   6846.04   19      155561.0 ms
cross iterater38
bad   	success		5334.86   6855.42   19      155561.0 ms cross
rand   	
bad   	success		5272.52   7028.98   19      156653.0 ms cross
rand   	
ab
ab6	4
fail		5103.52   7053.50   19      158759.0 ms
cross iterater39
bad   	success		5388.83   6723.38   19      158759.0 ms cross
rand   	fail		5376.65   6937.11   19      159898.0 ms cross
bad   	success		5298.20   6819.52   19      159898.0 ms cross
rand   	fail		5407.28   6915.16   19      161005.0 ms cross
ab
fail		5376.65   6937.11   19      161957.0 ms
fail		5467.05   6860.34   19      162909.0 ms
cross iterater40
bad   	success		5332.01   6896.96   19      162909.0 ms cross
rand   	
bad   	success		5310.69   6909.23   19      163954.0 ms cross
rand   	
ab
ab7	0
fail		5332.01   6927.47   19      165904.0 ms
fail		5467.05   6860.34   19      166996.0 ms
cross iterater41
bad   	success		5385.61   6852.81   19      167011.0 ms cross
rand   	
bad   	success		5228.22   6754.98   19      167963.0 ms cross
rand   	
ab
ab6	3
cross iterater42
ab
fail		5228.22   6818.89   19      170100.0 ms
cross iterater43
bad   	success		5198.89   6815.63   19      170100.0 ms cross
rand   	
bad   	success		5376.32   6718.91   19      171130.0 ms cross
rand   	
ab
fail		5407.28   6915.16   19      173204.0 ms
fail		5069.45   6832.30   19      174187.0 ms
cross iterater44
bad   	success		5097.89   6655.10   19      174187.0 ms cross
rand   	
bad   	success		5305.69   6932.98   19      175170.0 ms cross
rand   	
ab
ab6	0
fail		5286.33   6871.21   19      176434.0 ms
cross iterater45
bad   	success		5431.15   6651.08   19      176434.0 ms cross
rand   	fail		5125.96   6895.08   19      177058.0 ms cross
bad   	success		5216.28   7032.45   19      177058.0 ms cross
rand   	
ab
ab6	1
cross iterater46
bad   	success		5215.01   6696.93   19      177666.0 ms cross
rand   	
bad   	fail		5242.88   7233.67   20      179023.0 ms cross
rand   	fail		5490.45   7133.71   20      179725.0 ms cross
ab
ab6	1
cross iterater47
bad   	fail		5429.69   7192.47   20      180692.0 ms cross
rand   	fail		5939.86   7662.18   20      181831.0 ms cross
bad   	fail		5135.51   6907.20   19      182845.0 ms cross
rand   	
ab
ab6	3
ab7	5
cross iterater48
bad   	success		5493.15   7064.88   19      183968.0 ms cross
rand   	
bad   	success		5323.73   7195.76   19      185107.0 ms cross
rand   	fail		5212.17   6941.58   19      186043.0 ms cross
ab
ab6	1
ab7	3
fail		5405.72   6897.25   19      187041.0 ms
fail		5248.19   7349.23   19      188133.0 ms
cross iterater49
bad   	success		5141.12   6855.14   19      188133.0 ms cross
rand   	fail		5502.53   6997.65   19      189350.0 ms cross
bad   	
rand   	
ab
ab6	1
fail		5249.79   6863.31   19      192455.0 ms
cross iterater50
bad   	success		5292.78   6910.80   19      192455.0 ms cross
rand   	
bad   	success		5162.71   6872.50   19      193593.0 ms cross
rand   	
ab
ab7	5
ab6	3
cross iterater51
bad   	success		5361.08   6994.74   19      194576.0 ms cross
rand   	fail		5512.36   6952.13   19      195684.0 ms cross
bad   	success		5082.92   6597.39   19      195684.0 ms cross
rand   	
ab
ab7	1
cross iterater52
bad   	success		5078.33   6755.07   19      196604.0 ms cross
rand   	fail		5191.19   6801.09   19      197618.0 ms cross
bad   	fail		5365.39   6921.86   19      198773.0 ms cross
rand   	fail		5076.85   6581.77   19      199974.0 ms cross
ab
ab7	0
cross iterater53
bad   	
rand   	
bad   	
rand   	
ab
ab7	3
ab6	0
fail		5478.06   7000.09   19      205246.0 ms
fail		5076.85   6581.77   19      206182.0 ms
cross iterater54
ab
ab7	0
cross iterater55
bad   	success		5168.94   6798.41   19      206182.0 ms cross
rand   	
bad   	success		5065.69   6722.61   19      207399.0 ms cross
rand   	
ab
ab6	2
ab7	5
fail		5090.97   7010.37   19      209521.0 ms
fail		5148.20   6907.70   19      210784.0 ms
cross iterater56
bad   	success		5278.56   6942.02   19      210784.0 ms cross
rand   	
bad   	success		5006.74   6581.48   19      211861.0 ms cross
rand   	fail		5515.94   7148.75   19      213031.0 ms cross
ab
ab7	0
ab6	3
cross iterater57
ab
ab6	2
ab7	3
fail		5385.46   7150.83   19      214232.0 ms
fail		5163.30   6800.78   19      215262.0 ms
cross iterater58
bad   	
rand   	fail		5469.70   7022.91   19      217461.0 ms cross
bad   	success		5218.19   7008.15   19      217461.0 ms cross
rand   	
ab
ab6	2
ab7	1
cross iterater59
bad   	success		5208.96   7275.97   19      218506.0 ms cross
rand   	
bad   	success		5413.40   6989.68   19      220066.0 ms cross
rand   	
ab
ab6	4
ab7	1
fail		5484.12   6673.26   19      222328.0 ms
fail		5291.51   6975.67   19      223327.0 ms
fail		5413.40   6793.00   19      224512.0 ms
cross iterater60
ab
ab6	5
ab7	4
fail		5436.49   7348.83   19      225542.0 ms
cross iterater61
bad   	success		5596.06   6945.56   19      225542.0 ms cross
rand   	
bad   	success		5326.12   6879.24   19      226571.0 ms cross
rand   	
ab
ab6	1
ab7	3
fail		5370.11   6972.00   19      228709.0 ms
fail		5311.71   6996.87   19      229723.0 ms
fail		5484.12   6673.26   19      230768.0 ms
cross iterater62
bad   	success		5219.64   6708.58   19      230768.0 ms cross
rand   	
bad   	success		5319.39   6909.67   19      231782.0 ms cross
rand   	fail		5533.40   6980.09   19      232952.0 ms cross
ab
ab6	2
ab7	5
fail		5363.34   6941.75   19      233966.0 ms
fail		5174.22   6683.98   19      235089.0 ms
fail		5370.11   6972.00   19      236118.0 ms
cross iterater63
bad   	success		5451.04   6879.66   19      236118.0 ms cross
rand   	
bad   	
rand   	
ab
ab6	0
ab7	1
fail		5219.64   6797.82   19      241001.0 ms
cross iterater64
bad   	success		5325.43   6604.40   19      241017.0 ms cross
rand   	
bad   	fail		5653.89   7207.02   20      243154.0 ms cross
rand   	fail		5649.07   7437.59   20      244074.0 ms cross
ab
ab6	5
ab7	0
fail		5578.70   6971.75   19      245182.0 ms
cross iterater65
bad   	success		5323.98   6621.43   19      245182.0 ms cross
rand   	
bad   	fail		5529.95   7271.13   20      247288.0 ms cross
rand   	fail		5691.69   7366.53   20      248239.0 ms cross
ab
ab6	1
fail		5484.12   6673.26   19      249269.0 ms
cross iterater66
ab
fail		5096.62   6688.26   19      250267.0 ms
cross iterater67
bad   	success		5396.49   6672.77   19      250267.0 ms cross
rand   	fail		5373.89   7229.69   19      251359.0 ms cross
bad   	success		5119.81   6349.44   19      251515.0 ms cross
rand   	
ab
ab6	4
fail		5406.46   6912.97   19      253684.0 ms
cross iterater68
bad   	
rand   	fail		5453.63   6907.00   19      255743.0 ms cross
bad   	success		5193.20   6570.79   19      255743.0 ms cross
rand   	
ab
fail		5193.20   6886.79   19      257755.0 ms
cross iterater69
ab
ab6	4
cross iterater70
bad   	success		5240.74   6842.46   19      257755.0 ms cross
rand   	fail		5161.52   6849.25   19      259097.0 ms cross
bad   	fail		5355.83   7394.45   20      259939.0 ms cross
rand   	fail		5485.89   7319.12   20      260891.0 ms cross
ab
ab6	1
fail		5235.52   7131.56   19      261983.0 ms
fail		5453.63   6907.00   19      262981.0 ms
fail		5420.27   6591.97   19      264510.0 ms
cross iterater71
ab
ab6	2
fail		5420.27   6591.97   19      265867.0 ms
cross iterater72
bad   	success		5221.47   7136.27   19      265867.0 ms cross
rand   	fail		5368.77   6975.49   19      266881.0 ms cross
bad   	
rand   	
ab
ab6	0
ab7	2
fail		5297.31   6952.39   19      270188.0 ms
fail		5420.27   6591.97   19      271358.0 ms
cross iterater73
bad   	success		5188.55   6490.88   19      271358.0 ms cross
rand   	fail		5396.73   6825.22   19      272435.0 ms cross
bad   	success		5597.91   7199.71   19      272435.0 ms cross
rand   	fail		5065.64   6784.25   19      273402.0 ms cross
ab
ab6	4
cross iterater74
ab
ab7	4
fail		5736.35   7080.50   19      274447.0 ms
fail		5065.64   6784.25   19      275586.0 ms
cross iterater75
ab
ab7	2
fail		5535.97   6958.66   19      276725.0 ms
fail		5179.72   7114.60   19      277786.0 ms
cross iterater76
ab
ab7	2
fail		5396.73   6825.22   19      278815.0 ms
fail		5370.28   6972.86   19      280141.0 ms
cross iterater77
bad   	success		5162.11   7056.07   19      280141.0 ms cross
rand   	
bad   	success		5127.42   6836.48   19      281186.0 ms cross
rand   	
ab
ab7	5
ab6	1
fail		5096.44   7025.36   19      283230.0 ms
cross iterater78
bad   	fail		5391.28   7506.30   20      284337.0 ms cross
rand   	
bad   	success		5033.46   6842.13   19      285305.0 ms cross
rand   	
ab
ab6	2
ab7	1
cross iterater79
bad   	success		5396.03   6878.84   19      286475.0 ms cross
rand   	fail		5372.40   6866.74   19      287707.0 ms cross
bad   	success		5158.25   6846.23   19      287707.0 ms cross
rand   	
ab
cross iterater80
bad   	fail		5051.42   6878.92   19      289844.0 ms cross
rand   	fail		5265.75   6950.27   19      290967.0 ms cross
bad   	fail		5691.03   7524.15   20      291857.0 ms cross
rand   	fail		5421.40   7500.55   20      292793.0 ms cross
ab
ab7	3
fail		5159.42   7084.53   19      293931.0 ms
cross iterater81
ab
ab7	5
cross iterater82
bad   	success		5189.19   6851.49   19      293947.0 ms cross
rand   	fail		5461.29   6965.10   19      295117.0 ms cross
bad   	success		5186.36   6589.31   19      295117.0 ms cross
rand   	
ab
ab7	2
cross iterater83
bad   	success		5337.09   6859.58   19      296458.0 ms cross
rand   	
bad   	success		5428.90   6740.01   19      297457.0 ms cross
rand   	fail		5334.94   6908.35   19      298798.0 ms cross
ab
ab7	0
fail		5079.44   6928.71   19      299875.0 ms
fail		5334.94   6908.35   19      300889.0 ms
cross iterater84
bad   	success		5176.99   6668.77   19      300889.0 ms cross
rand   	
bad   	success		5072.53   6840.70   19      302121.0 ms cross
rand   	
ab
ab6	1
fail		5233.22   6758.22   19      304243.0 ms
fail		5334.94   6908.35   19      305272.0 ms
fail		5072.53   6907.97   19      306302.0 ms
cross iterater85
bad   	success		5217.10   6897.75   19      306302.0 ms cross
rand   	fail		5237.03   7204.83   19      307503.0 ms cross
bad   	success		5109.74   6854.18   19      307503.0 ms cross
rand   	
ab
ab7	2
ab6	1
cross iterater86
ab
ab6	3
fail		5332.88   6997.76   19      309750.0 ms
fail		5109.74   6856.29   19      310717.0 ms
cross iterater87
bad   	success		5173.92   6810.82   19      310717.0 ms cross
rand   	
bad   	success		5372.34   7192.51   19      312136.0 ms cross
rand   	
ab
ab6	1
fail		5224.52   6807.87   19      314117.0 ms
cross iterater88
bad   	success		4959.04   6856.63   19      314117.0 ms cross
rand   	fail		5177.23   6903.98   19      315131.0 ms cross
bad   	success		4986.41   6577.51   19      315131.0 ms cross
rand   	
ab
ab6	1
fail		5394.73   6878.46   19      316520.0 ms
cross iterater89
ab
ab7	0
fail		5206.68   6735.90   19      317253.0 ms
fail		5173.92   6842.53   19      317861.0 ms
cross iterater90
bad   	success		5145.80   6614.00   19      317877.0 ms cross
rand   	
bad   	success		5589.12   6685.66   19      318953.0 ms cross
rand   	
ab
ab6	3
ab7	2
fail		5206.68   6735.90   19      320342.0 ms
fail		5176.99   6702.70   19      321044.0 ms
cross iterater91
bad   	success		5092.86   7100.12   19      321044.0 ms cross
rand   	fail		5427.95   6835.75   19      321746.0 ms cross
bad   	success		5390.21   6972.70   19      321746.0 ms cross
rand   	
ab
ab6	2
ab7	0
cross iterater92
bad   	success		5214.39   6735.30   19      322339.0 ms cross
rand   	
bad   	success		5187.19   6967.31   19      323087.0 ms cross
rand   	
ab
ab6	0
fail		5242.59   6954.05   19      324351.0 ms
cross iterater93
bad   	success		5166.69   6574.85   19      324351.0 ms cross
rand   	fail		5030.20   6344.63   19      324975.0 ms cross
bad   	success		5373.78   7146.09   19      324975.0 ms cross
rand   	
ab
ab7	0
fail		5030.20   6344.63   19      326363.0 ms
cross iterater94
bad   	success		5212.58   6791.31   19      326363.0 ms cross
rand   	
bad   	
rand   	
ab
ab6	2
ab7	1
cross iterater95
bad   	success		5315.03   7620.98   19      328344.0 ms cross
rand   	
bad   	success		5200.20   6801.49   19      328922.0 ms cross
rand   	
ab
ab6	2
ab7	4
fail		5125.75   6846.08   19      330294.0 ms
fail		5325.82   7249.70   19      330965.0 ms
cross iterater96
bad   	success		4936.62   6211.84   19      330965.0 ms cross
rand   	
bad   	success		5080.93   6535.70   19      331667.0 ms cross
rand   	fail		5100.46   6404.72   19      332354.0 ms cross
ab
ab7	2
fail		5301.51   7136.34   19      333040.0 ms
cross iterater97
bad   	success		5491.25   7027.96   19      333227.0 ms cross
rand   	fail		5274.24   6775.72   19      333882.0 ms cross
bad   	success		5088.74   6701.59   19      333882.0 ms cross
rand   	
ab
ab7	3
fail		5274.24   6775.72   19      335115.0 ms
cross iterater98
bad   	success		5290.84   6933.53   19      335115.0 ms cross
rand   	
bad   	success		5522.98   6954.32   19      335645.0 ms cross
rand   	
ab
ab7	0
ab6	3
cross iterater99
bad   	success		5305.66   6603.61   19      336222.0 ms cross
rand   	
bad   	success		5590.22   7063.04   19      336878.0 ms cross
rand   	
ab
ab6	3
ab7	4
fail		5470.37   7084.32   19      337907.0 ms
fail		5100.46   6404.72   19      338562.0 ms

R.size:19

1		5	197	35	104	10	77	122	186	79	96	120	39	208	146	
2		47	103	43	27	44	90	
3		54	205	59	177	65	128	94	151	125	109	192	50	
4		100	37	85	99	168	160	112	189	101	157	
5		156	179	7	68	15	18	190	51	110	95	145	80	116	178	141	185	
6		195	31	56	108	38	117	204	86	114	107	70	154	97	64	
7		84	127	105	199	118	144	71	210	137	121	206	75	
8		9	12	143	173	188	29	21	166	139	129	55	82	
9		4	24	131	48	180	124	3	184	111	91	126	2	76	175	
10		89	69	176	191	113	87	123	11	
11		92	152	169	167	136	34	
12		200	149	63	62	26	159	138	135	73	83	148	36	
13		28	201	153	209	49	163	6	14	132	171	78	130	187	150	
14		140	155	88	58	134	17	13	8	60	1	
15		182	57	40	147	133	16	161	98	119	72	198	207	
16		162	42	181	164	25	20	46	93	19	193	
17		165	45	53	202	32	23	74	52	106	41	194	158	81	33	
18		142	102	183	196	61	22	115	174	66	203	30	67	
19		172	170	

data1/pdp200/LRC1_2_6.txt
total_cost 4936.617766

