success		1       0       1       21      1       0       70437.13  101     15.0     ms
success		1       1       1       3       1       0       70310.50  100     15.0     ms
success		1       2       1       10      1       0       69983.42  99      15.0     ms
success		1       3       1       18      1       0       69593.86  98      15.0     ms
success		1       4       1       3       1       0       68117.86  97      15.0     ms
success		1       5       1       47      1       0       67875.92  96      15.0     ms
success		1       6       1       37      1       0       67971.88  95      15.0     ms
success		1       7       1       65      1       0       67548.23  94      15.0     ms
success		1       8       1       53      1       0       66934.62  93      15.0     ms
success		1       9       1       55      1       0       66943.49  92      15.0     ms
success		1       10      1       48      1       0       66652.15  91      15.0     ms
success		1       11      1       21      1       0       66218.84  90      15.0     ms
success		1       12      1       34      1       0       65874.51  89      15.0     ms
success		1       13      1       43      1       0       64933.85  88      15.0     ms
success		1       14      1       29      1       0       64577.07  87      15.0     ms
success		1       15      1       9       1       0       64399.53  86      15.0     ms
success		1       16      1       76      1       0       64070.22  85      15.0     ms
success		1       17      1       50      1       0       63840.18  84      15.0     ms
success		1       18      1       3       1       0       63384.73  83      15.0     ms
success		1       19      1       8       1       0       62885.20  82      15.0     ms
success		1       20      1       15      1       0       62590.05  81      15.0     ms
success		1       21      1       42      1       0       62045.91  80      15.0     ms
success		1       22      1       35      1       0       61543.21  79      15.0     ms
success		1       23      1       11      1       0       61525.24  78      15.0     ms
success		1       24      1       3       1       0       61218.42  77      15.0     ms
success		1       25      1       60      1       0       61177.60  76      15.0     ms
success		1       26      1       74      1       0       61026.69  75      15.0     ms
success		1       27      1       44      1       0       60833.41  74      31.0     ms
success		1       28      2       63      2       0       60741.86  73      31.0     ms
success		1       29      2       43      2       0       59686.61  72      31.0     ms
success		1       30      1       9       1       0       59664.53  71      31.0     ms
success		1       31      1       56      1       0       58986.81  70      31.0     ms
success		1       32      3       51      3       0       58689.01  69      31.0     ms
success		1       33      1       3       1       0       58536.35  68      31.0     ms
success		1       34      2       29      2       0       57575.36  67      31.0     ms
success		1       35      1       63      1       0       56914.09  66      31.0     ms
success		1       36      1       56      1       0       56616.72  65      31.0     ms
success		1       37      2       53      2       0       55465.15  64      31.0     ms
success		1       38      3       3       3       0       55387.89  63      31.0     ms
success		1       39      1       60      1       0       54741.75  62      31.0     ms
success		1       40      2       45      2       0       54186.57  61      31.0     ms
success		1       41      1       41      1       0       54267.62  60      31.0     ms
success		1       42      2       52      2       0       53765.11  59      31.0     ms
success		1       43      3       51      3       0       53089.13  58      31.0     ms
success		1       44      2       54      2       0       52837.82  57      31.0     ms
success		1       45      3       39      3       0       52005.16  56      31.0     ms
success		1       46      1       33      1       0       50605.61  55      31.0     ms
success		1       47      3       21      3       0       50513.07  54      31.0     ms
success		1       48      3       50      3       0       49176.17  53      31.0     ms
success		1       49      2       4       2       0       48731.47  52      31.0     ms
success		1       50      3       12      3       0       48195.79  51      31.0     ms
success		1       51      2       32      2       0       47990.04  50      31.0     ms
success		1       52      2       5       2       0       47591.81  49      31.0     ms
success		1       53      1       17      1       0       47219.15  48      31.0     ms
success		1       54      2       37      2       0       47172.39  47      31.0     ms
success		1       55      2       29      2       0       46614.52  46      31.0     ms
success		1       56      3       16      3       0       46529.03  45      31.0     ms
success		1       57      2       37      2       0       46527.12  44      31.0     ms
success		1       58      4       14      4       0       45260.88  43      31.0     ms
success		1       59      3       39      3       0       44520.85  42      31.0     ms
success		1       60      1       12      1       0       44294.90  41      31.0     ms
success		1       61      1       32      1       0       44126.47  40      31.0     ms
success		1       62      1       37      1       0       43861.47  39      31.0     ms
success		1       63      4       31      4       0       42951.90  38      31.0     ms
success		1       64      3       12      3       0       41819.23  37      31.0     ms
success		1       65      5       19      5       0       40877.25  36      31.0     ms
success		1       66      6       16      6       0       41030.93  35      47.0     ms
success		1       67      5       17      5       0       40943.17  34      47.0     ms
success		1       68      2       10      2       0       40111.89  33      47.0     ms
success		1       69      4       2       4       0       39689.03  32      47.0     ms
success		1       70      2       9       2       0       38911.35  31      47.0     ms
success		1       71      1       28      1       0       37722.95  30      47.0     ms
success		1       72      6       4       6       0       36902.48  29      47.0     ms
success		1       73      4       0       4       0       35100.88  28      47.0     ms
success		1       74      2       0       2       0       35116.09  27      47.0     ms
success		1       75      4       9       4       0       34956.86  26      47.0     ms
success		1       76      5       23      5       0       34855.76  25      47.0     ms
success		1       77      6       19      6       0       33848.22  24      47.0     ms
success		1       78      4       15      4       0       32321.76  23      47.0     ms
success		1       79      3       2       3       0       31420.50  22      47.0     ms
success		1       80      5       7       5       0       29308.21  21      47.0     ms
success		1       81      2       2       2       0       28944.81  20      47.0     ms
success		1       82      7       6       7       0       28162.40  19      47.0     ms
success		1       83      5       18      5       0       26530.11  18      47.0     ms
success		1       84      5       3       5       0       24668.38  17      47.0     ms
success		1       85      8       8       7       0       24988.51  16      47.0     ms
success		1       86      7       1       7       0       23028.19  15      47.0     ms
success		1       87      6       10      6       0       20905.09  14      47.0     ms
success		1       88      9       8       9       0       19757.45  13      62.0     ms
success		1       89      7       6       6       0       19727.19  12      62.0     ms
success		1       90      14      8       8       0       17753.71  11      78.0     ms
success		1       91      7       3       6       0       16260.92  10      78.0     ms
success		1       92      16      5       13      0       14155.61  9       93.0     ms
success		1       93      175     0       9       0       13135.87  8       1014.0   ms
success		1       0       1       92      1       0       83683.37  101     10717.0  ms
success		1       1       1       6       1       0       83333.35  100     10717.0  ms
success		1       2       1       5       1       0       82384.61  99      10717.0  ms
success		1       3       1       95      1       0       81879.01  98      10717.0  ms
success		1       4       1       80      1       0       81343.10  97      10717.0  ms
success		1       5       1       45      1       0       80525.60  96      10717.0  ms
success		1       6       2       72      2       0       80065.02  95      10717.0  ms
success		1       7       1       68      1       0       79849.70  94      10717.0  ms
success		1       8       1       9       1       0       79164.05  93      10717.0  ms
success		1       9       1       79      1       0       78850.04  92      10717.0  ms
success		1       10      1       58      1       0       78517.50  91      10717.0  ms
success		1       11      1       46      1       0       77745.43  90      10717.0  ms
success		1       12      1       64      1       0       77710.21  89      10717.0  ms
success		1       13      1       58      1       0       77597.40  88      10717.0  ms
success		1       14      1       7       1       0       77310.06  87      10717.0  ms
success		1       15      2       11      2       0       76936.99  86      10717.0  ms
success		1       16      1       49      1       0       75155.70  85      10717.0  ms
success		1       17      1       72      1       0       74480.77  84      10717.0  ms
success		1       18      1       69      1       0       73792.44  83      10717.0  ms
success		1       19      2       14      2       0       72596.98  82      10717.0  ms
success		1       20      2       46      2       0       72166.59  81      10717.0  ms
success		1       21      1       5       1       0       71710.70  80      10717.0  ms
success		1       22      1       47      1       0       70818.83  79      10717.0  ms
success		1       23      1       21      1       0       70048.40  78      10717.0  ms
success		1       24      1       20      1       0       69609.88  77      10717.0  ms
success		1       25      1       61      1       0       69103.29  76      10717.0  ms
success		1       26      1       45      1       0       68537.43  75      10717.0  ms
success		1       27      1       23      1       0       68070.58  74      10717.0  ms
success		1       28      1       51      1       0       66301.49  73      10717.0  ms
success		1       29      1       17      1       0       65780.99  72      10717.0  ms
success		1       30      1       9       1       0       65365.98  71      10717.0  ms
success		1       31      1       68      1       0       64708.98  70      10717.0  ms
success		1       32      2       18      2       0       64260.96  69      10717.0  ms
success		1       33      2       6       2       0       63158.34  68      10717.0  ms
success		1       34      1       8       1       0       63013.12  67      10717.0  ms
success		1       35      2       30      2       0       62316.45  66      10717.0  ms
success		1       36      1       33      1       0       61162.97  65      10717.0  ms
success		1       37      1       6       1       0       60773.29  64      10717.0  ms
success		1       38      2       4       2       0       59008.89  63      10717.0  ms
success		1       39      3       42      3       0       57443.74  62      10717.0  ms
success		1       40      2       45      2       0       57262.00  61      10717.0  ms
success		1       41      2       36      2       0       56556.97  60      10717.0  ms
success		1       42      1       52      1       0       55009.99  59      10717.0  ms
success		1       43      1       56      1       0       54882.60  58      10717.0  ms
success		1       44      1       34      1       0       53470.82  57      10717.0  ms
success		1       45      1       35      1       0       53289.07  56      10717.0  ms
success		1       46      3       12      3       0       52793.57  55      10717.0  ms
success		1       47      1       43      1       0       52349.41  54      10717.0  ms
success		1       48      2       42      2       0       51801.16  53      10717.0  ms
success		1       49      3       25      3       0       51403.97  52      10717.0  ms
success		1       50      1       41      1       0       51079.31  51      10717.0  ms
success		1       51      3       26      3       0       50802.67  50      10717.0  ms
success		1       52      1       42      1       0       50266.27  49      10717.0  ms
success		1       53      3       17      3       0       50130.22  48      10717.0  ms
success		1       54      1       33      1       0       49913.46  47      10717.0  ms
success		1       55      1       14      1       0       49220.56  46      10717.0  ms
success		1       56      2       20      2       0       48683.57  45      10717.0  ms
success		1       57      2       31      2       0       47276.94  44      10717.0  ms
success		1       58      2       23      2       0       45971.74  43      10717.0  ms
success		1       59      2       37      2       0       45727.94  42      10717.0  ms
success		1       60      4       38      4       0       45338.16  41      10717.0  ms
success		1       61      1       26      1       0       44863.77  40      10717.0  ms
success		1       62      2       15      2       0       44566.53  39      10717.0  ms
success		1       63      3       33      3       0       43278.30  38      10717.0  ms
success		1       64      4       33      4       0       43255.16  37      10717.0  ms
success		1       65      3       32      3       0       42779.72  36      10717.0  ms
success		1       66      3       19      3       0       42453.41  35      10717.0  ms
success		1       67      1       20      1       0       41940.55  34      10717.0  ms
success		1       68      1       11      1       0       40393.72  33      10717.0  ms
success		1       69      1       26      1       0       39902.35  32      10717.0  ms
success		1       70      5       9       5       0       38811.46  31      10717.0  ms
success		1       71      6       9       6       0       38535.70  30      10717.0  ms
success		1       72      4       16      4       0       37347.62  29      10717.0  ms
success		1       73      6       6       6       0       36002.69  28      10717.0  ms
success		1       74      1       20      1       0       35263.16  27      10717.0  ms
success		1       75      2       4       2       0       34689.36  26      10717.0  ms
success		1       76      4       18      4       0       34129.65  25      10717.0  ms
success		1       77      2       16      2       0       32979.47  24      10717.0  ms
success		1       78      6       19      6       0       31516.96  23      10717.0  ms
success		1       79      4       19      3       0       31595.15  22      10717.0  ms
success		1       80      5       16      5       0       29898.23  21      10717.0  ms
success		1       81      4       0       4       0       28787.41  20      10717.0  ms
success		1       82      4       10      4       0       27373.35  19      10717.0  ms
success		1       83      6       7       6       0       26013.14  18      10717.0  ms
success		1       84      10      11      10      0       25003.99  17      10717.0  ms
success		1       85      7       8       7       0       24004.46  16      10717.0  ms
success		1       86      5       0       4       0       23260.43  15      10732.0  ms
success		1       87      4       5       4       0       22418.67  14      10732.0  ms
success		1       88      10      4       7       0       19435.63  13      10732.0  ms
success		1       89      9       12      7       0       19084.09  12      10732.0  ms
success		1       90      14      9       10      0       18302.16  11      10732.0  ms
success		1       91      18      3       9       0       16723.97  10      10764.0  ms
success		1       92      31      8       8       0       15060.00  9       10826.0  ms
success		1       93      131     3       14      0       14154.26  8       11419.0  ms
success		1       0       1       50      1       0       83302.10  101     21184.0  ms
success		1       1       1       67      1       0       81944.41  100     21184.0  ms
success		1       2       1       21      1       0       81334.79  99      21184.0  ms
success		1       3       1       4       1       0       80700.27  98      21184.0  ms
success		1       4       1       16      1       0       80294.48  97      21184.0  ms
success		1       5       1       74      1       0       80076.25  96      21184.0  ms
success		1       6       1       13      1       0       79477.26  95      21184.0  ms
success		1       7       1       20      1       0       78908.69  94      21184.0  ms
success		1       8       1       47      1       0       77392.51  93      21184.0  ms
success		1       9       1       25      1       0       77135.46  92      21184.0  ms
success		1       10      1       16      1       0       76923.64  91      21184.0  ms
success		1       11      1       18      1       0       76345.50  90      21184.0  ms
success		1       12      1       87      1       0       75941.13  89      21184.0  ms
success		1       13      1       52      1       0       75742.42  88      21184.0  ms
success		1       14      1       39      1       0       75307.85  87      21184.0  ms
success		1       15      1       49      1       0       74679.00  86      21184.0  ms
success		1       16      1       77      1       0       74405.09  85      21184.0  ms
success		1       17      1       79      1       0       73523.24  84      21184.0  ms
success		1       18      1       37      1       0       73127.74  83      21184.0  ms
success		1       19      1       42      1       0       72604.08  82      21184.0  ms
success		1       20      1       34      1       0       72391.00  81      21184.0  ms
success		1       21      1       36      1       0       71441.76  80      21184.0  ms
success		1       22      1       59      1       0       71120.18  79      21184.0  ms
success		1       23      1       73      1       0       70780.65  78      21184.0  ms
success		1       24      1       45      1       0       69888.78  77      21184.0  ms
success		1       25      1       32      1       0       69168.60  76      21184.0  ms
success		1       26      1       33      1       0       68945.69  75      21184.0  ms
success		1       27      1       43      1       0       68783.05  74      21184.0  ms
success		1       28      1       32      1       0       68358.83  73      21184.0  ms
success		1       29      1       45      1       0       68042.03  72      21184.0  ms
success		1       30      1       28      1       0       67820.82  71      21184.0  ms
success		1       31      1       56      1       0       67458.06  70      21184.0  ms
success		1       32      1       62      1       0       67233.04  69      21184.0  ms
success		1       33      1       0       1       0       65486.21  68      21184.0  ms
success		1       34      1       33      1       0       64439.15  67      21184.0  ms
success		1       35      1       29      1       0       63888.54  66      21184.0  ms
success		1       36      1       32      1       0       63367.40  65      21184.0  ms
success		1       37      1       34      1       0       62182.72  64      21184.0  ms
success		1       38      1       3       1       0       61538.44  63      21184.0  ms
success		1       39      2       14      2       0       61173.71  62      21184.0  ms
success		1       40      1       26      1       0       60852.54  61      21184.0  ms
success		1       41      1       35      1       0       60065.82  60      21184.0  ms
success		1       42      1       14      1       0       59837.72  59      21184.0  ms
success		1       43      1       56      1       0       59250.22  58      21184.0  ms
success		1       44      1       21      1       0       58847.63  57      21184.0  ms
success		1       45      1       3       1       0       58172.42  56      21184.0  ms
success		1       46      2       2       2       0       56437.86  55      21184.0  ms
success		1       47      1       46      1       0       55892.08  54      21184.0  ms
success		1       48      3       29      3       0       54645.36  53      21184.0  ms
success		1       49      4       51      4       0       54553.08  52      21184.0  ms
success		1       50      1       8       1       0       53885.30  51      21184.0  ms
success		1       51      3       9       3       0       53543.41  50      21184.0  ms
success		1       52      3       42      3       0       52734.55  49      21184.0  ms
success		1       53      4       27      4       0       51071.96  48      21184.0  ms
success		1       54      3       31      3       0       50364.65  47      21184.0  ms
success		1       55      3       6       3       0       49394.32  46      21184.0  ms
success		1       56      1       44      1       0       48650.04  45      21184.0  ms
success		1       57      1       20      1       0       47960.27  44      21184.0  ms
success		1       58      4       4       4       0       47948.34  43      21184.0  ms
success		1       59      2       21      2       0       48289.90  42      21184.0  ms
success		1       60      2       9       2       0       48018.29  41      21184.0  ms
success		1       61      2       22      2       0       46278.86  40      21184.0  ms
success		1       62      2       24      2       0       45702.07  39      21184.0  ms
success		1       63      2       16      2       0       44697.85  38      21184.0  ms
success		1       64      4       22      4       0       44292.56  37      21184.0  ms
success		1       65      1       12      1       0       43138.02  36      21184.0  ms
success		1       66      3       34      3       0       42823.68  35      21184.0  ms
success		1       67      3       3       3       0       41909.92  34      21184.0  ms
success		1       68      6       22      6       0       40376.15  33      21184.0  ms
success		1       69      5       29      5       0       39995.55  32      21184.0  ms
success		1       70      5       30      5       0       38309.69  31      21184.0  ms
success		1       71      2       21      2       0       37886.91  30      21184.0  ms
success		1       72      3       14      3       0       36932.36  29      21184.0  ms
success		1       73      3       1       3       0       35225.14  28      21184.0  ms
success		1       74      7       4       7       0       34001.39  27      21184.0  ms
success		1       75      4       10      4       0       32532.06  26      21184.0  ms
success		1       76      4       20      4       0       31669.62  25      21184.0  ms
success		1       77      1       5       1       0       30895.65  24      21184.0  ms
success		1       78      4       17      4       0       29275.89  23      21184.0  ms
success		1       79      7       2       7       0       28328.21  22      21184.0  ms
success		1       80      4       20      4       0       26813.76  21      21184.0  ms
success		1       81      7       17      7       0       25589.86  20      21184.0  ms
success		1       82      6       9       6       0       25871.83  19      21200.0  ms
success		1       83      7       5       7       0       24713.85  18      21200.0  ms
success		1       84      4       14      4       0       24286.18  17      21200.0  ms
success		1       85      7       0       7       0       23161.76  16      21200.0  ms
success		1       86      8       8       8       0       21301.49  15      21200.0  ms
success		1       87      6       11      5       0       23081.58  14      21200.0  ms
success		1       88      11      6       7       0       20650.06  13      21200.0  ms
success		1       89      14      10      9       0       18513.70  12      21200.0  ms
success		1       90      17      9       8       0       18932.98  11      21215.0  ms
success		1       91      27      3       8       0       17551.48  10      21262.0  ms
success		1       92      28      5       11      0       14922.68  9       21325.0  ms
success		1       93      55      7       14      0       13947.59  8       21590.0  ms
success		1       94      1382    0       12      0       12216.67  7       31308.0  ms
success		1       0       1       30      1       0       83834.63  101     53694.0  ms
success		1       1       1       92      1       0       83613.45  100     53694.0  ms
success		1       2       1       18      1       0       82865.78  99      53694.0  ms
success		1       3       1       89      1       0       82228.18  98      53694.0  ms
success		1       4       1       31      1       0       81509.02  97      53694.0  ms
success		1       5       1       4       1       0       80950.49  96      53694.0  ms
success		1       6       1       66      1       0       80793.50  95      53694.0  ms
success		1       7       1       75      1       0       79997.47  94      53694.0  ms
success		1       8       1       60      1       0       78636.37  93      53694.0  ms
success		1       9       1       66      1       0       78300.16  92      53694.0  ms
success		1       10      1       69      1       0       77912.24  91      53694.0  ms
success		1       11      1       23      1       0       77270.68  90      53694.0  ms
success		1       12      1       33      1       0       76970.49  89      53694.0  ms
success		1       13      1       56      1       0       76497.95  88      53694.0  ms
success		1       14      1       0       1       0       75340.53  87      53694.0  ms
success		1       15      1       13      1       0       75052.74  86      53694.0  ms
success		1       16      1       29      1       0       74408.49  85      53694.0  ms
success		1       17      1       63      1       0       74028.98  84      53694.0  ms
success		1       18      1       63      1       0       73468.75  83      53694.0  ms
success		1       19      1       30      1       0       72989.99  82      53694.0  ms
success		1       20      2       55      2       0       72589.16  81      53694.0  ms
success		1       21      1       29      1       0       71987.13  80      53694.0  ms
success		1       22      2       0       2       0       71089.50  79      53694.0  ms
success		1       23      3       1       3       0       70447.25  78      53694.0  ms
success		1       24      1       24      1       0       69920.66  77      53694.0  ms
success		1       25      1       57      1       0       69703.34  76      53694.0  ms
success		1       26      1       8       1       0       68402.02  75      53694.0  ms
success		1       27      2       20      2       0       67590.06  74      53694.0  ms
success		1       28      2       21      2       0       67382.30  73      53694.0  ms
success		1       29      1       6       1       0       67421.46  72      53694.0  ms
success		1       30      1       71      1       0       65637.47  71      53694.0  ms
success		1       31      1       32      1       0       65006.34  70      53694.0  ms
success		1       32      1       66      1       0       63312.71  69      53694.0  ms
success		1       33      1       7       1       0       62481.40  68      53694.0  ms
success		1       34      1       27      1       0       62080.73  67      53694.0  ms
success		1       35      1       58      1       0       61529.63  66      53694.0  ms
success		1       36      2       63      2       0       60746.53  65      53694.0  ms
success		1       37      1       0       1       0       60291.90  64      53694.0  ms
success		1       38      1       15      1       0       59643.16  63      53694.0  ms
success		1       39      2       14      2       0       59068.29  62      53694.0  ms
success		1       40      2       0       2       0       58403.86  61      53694.0  ms
success		1       41      1       27      1       0       57904.98  60      53694.0  ms
success		1       42      2       14      2       0       57033.98  59      53694.0  ms
success		1       43      2       58      2       0       56598.27  58      53694.0  ms
success		1       44      1       0       1       0       56202.12  57      53694.0  ms
success		1       45      2       30      2       0       55526.99  56      53694.0  ms
success		1       46      1       34      1       0       55058.93  55      53694.0  ms
success		1       47      2       0       2       0       54777.75  54      53694.0  ms
success		1       48      3       35      3       0       53142.67  53      53694.0  ms
success		1       49      1       39      1       0       52736.26  52      53694.0  ms
success		1       50      1       30      1       0       52112.56  51      53694.0  ms
success		1       51      3       2       3       0       51859.56  50      53694.0  ms
success		1       52      1       10      1       0       50611.44  49      53694.0  ms
success		1       53      1       17      1       0       48804.47  48      53694.0  ms
success		1       54      2       35      2       0       48583.46  47      53694.0  ms
success		1       55      2       27      2       0       47962.86  46      53694.0  ms
success		1       56      4       35      4       0       47187.43  45      53694.0  ms
success		1       57      2       35      2       0       46682.03  44      53694.0  ms
success		1       58      3       23      3       0       45751.79  43      53694.0  ms
success		1       59      1       19      1       0       45496.11  42      53694.0  ms
success		1       60      2       16      2       0       44786.30  41      53694.0  ms
success		1       61      3       21      3       0       43968.96  40      53694.0  ms
success		1       62      1       13      1       0       43674.01  39      53694.0  ms
success		1       63      3       22      3       0       43335.78  38      53694.0  ms
success		1       64      1       22      1       0       42238.53  37      53694.0  ms
success		1       65      2       32      2       0       42003.84  36      53694.0  ms
success		1       66      2       1       2       0       41697.87  35      53694.0  ms
success		1       67      4       34      4       0       40918.35  34      53694.0  ms
success		1       68      2       27      2       0       39148.31  33      53694.0  ms
success		1       69      4       21      4       0       37770.76  32      53710.0  ms
success		1       70      4       3       4       0       36697.70  31      53710.0  ms
success		1       71      4       27      4       0       35739.24  30      53710.0  ms
success		1       72      2       28      2       0       34820.14  29      53710.0  ms
success		1       73      2       25      2       0       34172.86  28      53710.0  ms
success		1       74      4       2       4       0       33198.56  27      53710.0  ms
success		1       75      1       16      1       0       32676.90  26      53710.0  ms
success		1       76      4       18      4       0       31235.52  25      53710.0  ms
success		1       77      3       18      3       0       30759.05  24      53710.0  ms
success		1       78      6       19      6       0       29853.16  23      53710.0  ms
success		1       79      3       9       3       0       27817.67  22      53710.0  ms
success		1       80      3       4       3       0       27729.28  21      53710.0  ms
success		1       81      7       0       7       0       26182.66  20      53710.0  ms
success		1       82      7       18      6       0       25597.01  19      53710.0  ms
success		1       83      8       0       8       0       25454.75  18      53710.0  ms
success		1       84      5       17      5       0       23206.95  17      53710.0  ms
success		1       85      2       5       2       0       22144.48  16      53710.0  ms
success		1       86      5       2       5       0       21172.78  15      53710.0  ms
success		1       87      12      9       12      0       21482.63  14      53710.0  ms
success		1       88      8       4       7       0       20630.02  13      53710.0  ms
success		1       89      9       10      8       0       19768.04  12      53710.0  ms
success		1       90      13      3       10      0       18773.07  11      53725.0  ms
success		1       91      14      5       11      0       17243.43  10      53725.0  ms
success		1       92      19      7       11      0       15133.78  9       53741.0  ms
success		1       93      53      7       15      0       14412.05  8       53959.0  ms
success		1       94      86      1       11      0       11668.87  7       54942.0  ms
success		1       0       1       37      1       0       83613.20  101     74457.0  ms
success		1       1       1       29      1       0       83314.41  100     74457.0  ms
success		1       2       1       96      1       0       82487.23  99      74457.0  ms
success		1       3       1       35      1       0       81830.17  98      74457.0  ms
success		1       4       1       53      1       0       81248.49  97      74457.0  ms
success		1       5       1       35      1       0       80102.52  96      74457.0  ms
success		1       6       1       45      1       0       79846.84  95      74457.0  ms
success		1       7       2       42      2       0       80368.67  94      74457.0  ms
success		1       8       1       11      1       0       80164.95  93      74457.0  ms
success		1       9       1       47      1       0       79472.19  92      74457.0  ms
success		1       10      1       75      1       0       79206.66  91      74457.0  ms
success		1       11      1       28      1       0       78691.55  90      74457.0  ms
success		1       12      1       34      1       0       78327.04  89      74457.0  ms
success		1       13      1       42      1       0       77205.94  88      74457.0  ms
success		1       14      1       45      1       0       75949.94  87      74457.0  ms
success		1       15      1       55      1       0       75172.25  86      74457.0  ms
success		1       16      2       63      2       0       74866.14  85      74457.0  ms
success		1       17      2       56      2       0       74478.49  84      74457.0  ms
success		1       18      2       70      2       0       73763.91  83      74457.0  ms
success		1       19      1       41      1       0       73329.32  82      74457.0  ms
success		1       20      1       59      1       0       72984.93  81      74457.0  ms
success		1       21      1       23      1       0       71714.67  80      74457.0  ms
success		1       22      2       74      2       0       71111.00  79      74457.0  ms
success		1       23      1       40      1       0       70706.69  78      74457.0  ms
success		1       24      2       15      2       0       70761.63  77      74457.0  ms
success		1       25      1       28      1       0       70248.52  76      74457.0  ms
success		1       26      1       68      1       0       69565.19  75      74457.0  ms
success		1       27      1       12      1       0       68858.20  74      74457.0  ms
success		1       28      1       68      1       0       68144.24  73      74457.0  ms
success		1       29      1       8       1       0       67769.89  72      74457.0  ms
success		1       30      1       67      1       0       67315.30  71      74473.0  ms
success		1       31      1       42      1       0       66980.02  70      74473.0  ms
success		1       32      1       14      1       0       65906.65  69      74473.0  ms
success		1       33      1       30      1       0       65576.00  68      74473.0  ms
success		1       34      2       44      2       0       65333.05  67      74473.0  ms
success		1       35      2       10      2       0       64784.58  66      74473.0  ms
success		1       36      3       20      3       0       63760.45  65      74473.0  ms
success		1       37      1       46      1       0       63536.50  64      74473.0  ms
success		1       38      1       10      1       0       62977.90  63      74473.0  ms
success		1       39      1       32      1       0       61742.79  62      74473.0  ms
success		1       40      1       52      1       0       61316.82  61      74473.0  ms
success		1       41      2       8       2       0       60943.06  60      74473.0  ms
success		1       42      2       47      2       0       61002.44  59      74473.0  ms
success		1       43      5       44      5       0       59903.18  58      74473.0  ms
success		1       44      2       16      2       0       59193.20  57      74473.0  ms
success		1       45      1       46      1       0       58518.22  56      74473.0  ms
success		1       46      1       50      1       0       57042.53  55      74473.0  ms
success		1       47      2       43      2       0       56145.54  54      74473.0  ms
success		1       48      3       45      3       0       55729.51  53      74473.0  ms
success		1       49      2       30      2       0       55007.04  52      74473.0  ms
success		1       50      2       27      2       0       54580.67  51      74473.0  ms
success		1       51      1       39      1       0       54249.93  50      74473.0  ms
success		1       52      2       29      2       0       53574.31  49      74473.0  ms
success		1       53      1       39      1       0       52851.65  48      74473.0  ms
success		1       54      2       27      2       0       51403.88  47      74473.0  ms
success		1       55      3       35      3       0       50881.82  46      74473.0  ms
success		1       56      2       26      2       0       50428.79  45      74473.0  ms
success		1       57      1       27      1       0       49671.20  44      74473.0  ms
success		1       58      3       39      3       0       48940.47  43      74473.0  ms
success		1       59      2       0       2       0       47463.88  42      74473.0  ms
success		1       60      2       20      2       0       47192.06  41      74473.0  ms
success		1       61      2       26      2       0       46918.48  40      74473.0  ms
success		1       62      1       14      1       0       45324.24  39      74473.0  ms
success		1       63      4       25      4       0       44191.65  38      74473.0  ms
success		1       64      3       5       3       0       43868.44  37      74473.0  ms
success		1       65      3       14      3       0       43233.61  36      74473.0  ms
success		1       66      3       20      3       0       41531.95  35      74473.0  ms
success		1       67      3       21      3       0       40543.88  34      74473.0  ms
success		1       68      1       20      1       0       39136.96  33      74473.0  ms
success		1       69      4       28      4       0       39024.50  32      74473.0  ms
success		1       70      1       0       1       0       38549.40  31      74473.0  ms
success		1       71      5       10      5       0       39049.72  30      74473.0  ms
success		1       72      3       17      3       0       37721.68  29      74473.0  ms
success		1       73      3       7       3       0       37133.75  28      74473.0  ms
success		1       74      3       18      3       0       36022.53  27      74473.0  ms
success		1       75      4       20      4       0       34886.15  26      74473.0  ms
success		1       76      6       19      6       0       33612.58  25      74473.0  ms
success		1       77      6       21      6       0       33041.85  24      74473.0  ms
success		1       78      2       14      2       0       32578.21  23      74473.0  ms
success		1       79      5       10      5       0       32002.07  22      74473.0  ms
success		1       80      5       18      5       0       30754.83  21      74473.0  ms
success		1       81      6       11      6       0       29262.63  20      74473.0  ms
success		1       82      8       7       7       0       27891.11  19      74473.0  ms
success		1       83      5       0       5       0       26620.64  18      74473.0  ms
success		1       84      7       5       7       0       24691.18  17      74473.0  ms
success		1       85      10      1       8       0       25197.75  16      74488.0  ms
success		1       86      9       1       9       0       23028.38  15      74488.0  ms
success		1       87      13      10      8       0       22536.71  14      74488.0  ms
success		1       88      5       1       5       0       21065.93  13      74488.0  ms
success		1       89      9       11      9       0       19377.55  12      74488.0  ms
success		1       90      9       11      8       0       18315.26  11      74488.0  ms
success		1       91      16      10      9       0       15863.19  10      74520.0  ms
success		1       92      12      6       8       0       14407.24  9       74535.0  ms
success		1       93      148     2       12      0       13603.25  8       75674.0  ms
success		1       94      161     3       9       0       11901.61  7       77343.0  ms
success		1       0       1       47      1       0       84093.92  101     92350.0  ms
success		1       1       1       3       1       0       83927.74  100     92350.0  ms
success		1       2       1       14      1       0       83636.29  99      92350.0  ms
success		1       3       1       63      1       0       83109.74  98      92350.0  ms
success		1       4       1       96      1       0       82687.47  97      92350.0  ms
success		1       5       1       18      1       0       82174.10  96      92350.0  ms
success		1       6       1       43      1       0       81148.93  95      92350.0  ms
success		1       7       1       77      1       0       80408.11  94      92350.0  ms
success		1       8       1       11      1       0       79276.79  93      92350.0  ms
success		1       9       1       45      1       0       78173.17  92      92350.0  ms
success		1       10      1       74      1       0       77504.12  91      92350.0  ms
success		1       11      1       0       1       0       76407.24  90      92350.0  ms
success		1       12      2       31      2       0       74814.82  89      92350.0  ms
success		1       13      2       47      2       0       75936.92  88      92350.0  ms
success		1       14      1       75      1       0       75377.02  87      92350.0  ms
success		1       15      1       71      1       0       75145.29  86      92350.0  ms
success		1       16      1       5       1       0       74961.73  85      92350.0  ms
success		1       17      1       44      1       0       74334.59  84      92350.0  ms
success		1       18      1       12      1       0       74116.99  83      92350.0  ms
success		1       19      1       13      1       0       73830.59  82      92350.0  ms
success		1       20      2       15      2       0       73868.11  81      92350.0  ms
success		1       21      1       63      1       0       73577.67  80      92350.0  ms
success		1       22      1       4       1       0       73127.22  79      92350.0  ms
success		1       23      1       54      1       0       72952.71  78      92350.0  ms
success		1       24      1       49      1       0       72627.30  77      92350.0  ms
success		1       25      1       39      1       0       71228.32  76      92350.0  ms
success		1       26      2       36      2       0       70790.68  75      92350.0  ms
success		1       27      1       15      1       0       70059.27  74      92350.0  ms
success		1       28      1       26      1       0       69296.98  73      92350.0  ms
success		1       29      3       19      3       0       68517.64  72      92350.0  ms
success		1       30      1       12      1       0       68193.42  71      92350.0  ms
success		1       31      1       32      1       0       67319.11  70      92350.0  ms
success		1       32      1       47      1       0       66995.34  69      92350.0  ms
success		1       33      1       64      1       0       66844.30  68      92350.0  ms
success		1       34      2       53      2       0       66445.27  67      92350.0  ms
success		1       35      1       38      1       0       65689.36  66      92350.0  ms
success		1       36      3       50      3       0       63870.92  65      92350.0  ms
success		1       37      1       6       1       0       63650.80  64      92350.0  ms
success		1       38      2       29      2       0       62936.95  63      92350.0  ms
success		1       39      2       60      2       0       62340.63  62      92350.0  ms
success		1       40      2       59      2       0       61702.51  61      92350.0  ms
success		1       41      2       50      2       0       61527.25  60      92350.0  ms
success		1       42      3       41      3       0       60169.26  59      92350.0  ms
success		1       43      1       34      1       0       59339.40  58      92350.0  ms
success		1       44      1       55      1       0       58477.75  57      92350.0  ms
success		1       45      2       9       2       0       56718.13  56      92350.0  ms
success		1       46      1       26      1       0       56412.46  55      92350.0  ms
success		1       47      2       4       2       0       55386.59  54      92350.0  ms
success		1       48      1       38      1       0       54657.21  53      92350.0  ms
success		1       49      1       30      1       0       53806.47  52      92350.0  ms
success		1       50      4       8       4       0       52153.20  51      92350.0  ms
success		1       51      1       1       1       0       51647.71  50      92350.0  ms
success		1       52      2       46      2       0       50229.02  49      92350.0  ms
success		1       53      5       24      5       0       49830.72  48      92350.0  ms
success		1       54      2       34      2       0       49742.02  47      92350.0  ms
success		1       55      2       17      2       0       49477.87  46      92350.0  ms
success		1       56      4       21      4       0       49390.92  45      92350.0  ms
success		1       57      2       37      2       0       48652.14  44      92350.0  ms
success		1       58      2       39      2       0       48233.78  43      92350.0  ms
success		1       59      2       15      2       0       47210.43  42      92350.0  ms
success		1       60      4       22      4       0       46651.33  41      92350.0  ms
success		1       61      2       0       2       0       46504.53  40      92350.0  ms
success		1       62      5       5       5       0       45791.89  39      92350.0  ms
success		1       63      3       17      3       0       44682.81  38      92350.0  ms
success		1       64      5       16      5       0       45027.52  37      92350.0  ms
success		1       65      3       26      3       0       44264.25  36      92350.0  ms
success		1       66      4       31      4       0       43223.13  35      92350.0  ms
success		1       67      3       16      3       0       42247.16  34      92366.0  ms
success		1       68      3       31      3       0       40593.85  33      92366.0  ms
success		1       69      4       12      4       0       40534.38  32      92366.0  ms
success		1       70      2       17      2       0       38696.37  31      92366.0  ms
success		1       71      2       16      2       0       37770.84  30      92366.0  ms
success		1       72      2       9       2       0       37136.54  29      92366.0  ms
success		1       73      4       28      4       0       34864.60  28      92366.0  ms
success		1       74      4       21      4       0       34126.04  27      92366.0  ms
success		1       75      3       0       3       0       33567.39  26      92366.0  ms
success		1       76      4       15      4       0       32542.15  25      92366.0  ms
success		1       77      3       20      3       0       31197.04  24      92366.0  ms
success		1       78      5       20      5       0       30077.61  23      92366.0  ms
success		1       79      4       1       4       0       29619.74  22      92366.0  ms
success		1       80      4       20      4       0       29866.46  21      92366.0  ms
success		1       81      3       3       3       0       28905.89  20      92366.0  ms
success		1       82      6       7       6       0       28213.47  19      92366.0  ms
success		1       83      8       2       7       0       26945.02  18      92366.0  ms
success		1       84      8       4       8       0       25817.50  17      92366.0  ms
success		1       85      10      9       8       0       24066.31  16      92366.0  ms
success		1       86      7       0       7       0       22364.22  15      92366.0  ms
success		1       87      6       10      6       0       20953.45  14      92366.0  ms
success		1       88      7       3       7       0       19850.24  13      92366.0  ms
success		1       89      15      4       9       0       19298.31  12      92381.0  ms
success		1       90      8       6       8       0       17068.85  11      92381.0  ms
success		1       91      24      1       8       0       16909.81  10      92412.0  ms
success		1       92      23      4       11      0       15077.16  9       92444.0  ms
success		1       93      43      5       9       0       13752.52  8       92600.0  ms
success		1       94      1227    4       9       0       11987.81  7       99027.0  ms
cross iterater0
bad   	fail		7913.82   13105.76  8       126279.0 ms cross
rand   	fail		8225.02   13188.31  8       139492.0 ms cross
bad   	success		7673.17   12649.92  7       140225.0 ms cross
rand   	
ab
ab6	1
fail		7673.17   12442.03  7       173562.0 ms
fail		8044.38   12391.78  7       189630.0 ms
cross iterater1
bad   	success		7474.69   13056.49  8       189630.0 ms cross
rand   	success		7810.42   12035.11  7       200003.0 ms cross
bad   	success		7817.24   12084.71  7       207538.0 ms cross
rand   	
ab
fail		7673.17   12442.03  7       235025.0 ms
cross iterater2
bad   	fail		7564.48   13211.02  8       246615.0 ms cross
rand   	fail		8303.25   12732.48  8       258175.0 ms cross
bad   	fail		8281.21   12933.03  8       270296.0 ms cross
rand   	fail		7925.54   12445.63  8       279188.0 ms cross
ab
ab6	1
success		7456.88   12139.20  7       282401.0 ms
cross iterater3
ab
ab7	0
fail		7810.42   12052.17  7       293976.0 ms
cross iterater4
ab
ab7	2
ab6	5
cross iterater5
bad   	success		8083.35   11562.28  7       293992.0 ms cross
rand   	
bad   	success		8227.22   11935.78  7       308390.0 ms cross
rand   	
ab
ab7	3
fail		8227.22   11980.40  7       343240.0 ms
cross iterater6
bad   	success		7591.08   11734.09  7       343256.0 ms cross
rand   	
bad   	success		7581.28   11353.21  7       356141.0 ms cross
rand   	
ab
ab6	3
ab7	5
cross iterater7
bad   	success		7833.57   11613.21  7       372318.0 ms cross
rand   	
bad   	success		7784.83   12123.74  7       390023.0 ms cross
rand   	
ab
ab7	2
ab6	1
fail		7833.57   11888.02  7       413626.0 ms
fail		7581.28   11577.80  7       423064.0 ms
cross iterater8
bad   	success		7814.63   11868.40  7       423064.0 ms cross
rand   	
bad   	success		7541.56   11877.13  7       436620.0 ms cross
rand   	
ab
ab7	4
ab6	1
fail		7581.28   11577.80  7       466337.0 ms
cross iterater9
bad   	success		7572.00   11157.18  7       466353.0 ms cross
rand   	
bad   	success		8130.33   12307.47  7       494261.0 ms cross
rand   	
ab
ab7	2
fail		7798.27   11463.52  7       534336.0 ms
fail		8083.35   11768.34  7       558563.0 ms
fail		8227.22   11980.40  7       580699.0 ms
cross iterater10
bad   	success		8134.67   11426.91  7       580699.0 ms cross
rand   	
bad   	success		7779.95   11944.80  7       596002.0 ms cross
rand   	
ab
ab6	5
ab7	1
fail		8134.67   11787.67  7       629713.0 ms
cross iterater11
ab
ab6	4
ab7	2
cross iterater12
bad   	success		8052.03   11183.92  7       629713.0 ms cross
rand   	
bad   	fail		8099.13   13925.80  8       656981.0 ms cross
rand   	success		7964.99   12301.46  7       663049.0 ms cross
ab
ab6	4
fail		7967.89   12607.79  7       676418.0 ms
cross iterater13
bad   	success		7780.47   11255.62  7       676418.0 ms cross
rand   	
bad   	success		7998.79   10974.83  7       702563.0 ms cross
rand   	
ab
ab6	1
fail		7780.47   11480.80  7       749581.0 ms
cross iterater14
ab
ab6	2
ab7	3
fail		8416.31   11231.37  7       763652.0 ms
fail		7998.79   11453.63  7       779564.0 ms
cross iterater15
ab
ab6	5
cross iterater16
bad   	success		8086.39   11509.32  7       779564.0 ms cross
rand   	
bad   	success		7754.44   11618.37  7       796692.0 ms cross
rand   	
ab
ab6	5
ab7	1
fail		8228.24   12385.97  7       838406.0 ms
cross iterater17
bad   	success		8561.34   12364.55  7       838437.0 ms cross
rand   	
bad   	success		8241.47   11823.83  7       864878.0 ms cross
rand   	
ab
ab6	3
ab7	4
fail		8241.47   12198.16  7       905781.0 ms
cross iterater18
bad   	success		7808.33   11950.88  7       905796.0 ms cross
rand   	
bad   	success		7841.46   12014.17  7       927308.0 ms cross
rand   	
ab
ab6	5
fail		7957.65   11867.57  7       961846.0 ms
fail		7746.18   11950.19  7       973515.0 ms
cross iterater19
bad   	success		8089.35   11913.10  7       973530.0 ms cross
rand   	
bad   	success		7847.08   11930.22  7       986572.0 ms cross
rand   	
ab
ab6	5
ab7	1
fail		7900.48   11698.27  7       1016835.0 ms
fail		7957.65   11867.57  7       1026678.0 ms
fail		8034.64   12235.29  7       1040671.0 ms
fail		8200.16   11967.46  7       1051544.0 ms
cross iterater20
bad   	success		7697.29   11857.69  7       1051544.0 ms cross
rand   	
bad   	success		7803.86   12151.11  7       1064024.0 ms cross
rand   	
ab
ab6	1
ab7	3
cross iterater21
bad   	success		7805.53   12222.75  7       1089108.0 ms cross
rand   	
bad   	success		7993.53   11657.28  7       1102680.0 ms cross
rand   	
ab
ab6	5
ab7	3
cross iterater22
bad   	success		8259.55   12147.91  7       1115207.0 ms cross
rand   	
bad   	success		8112.46   12031.87  7       1128560.0 ms cross
rand   	
ab
ab7	3
ab6	4
fail		7865.32   12594.55  7       1158371.0 ms
cross iterater23
bad   	success		8139.02   10959.82  7       1158371.0 ms cross
rand   	
bad   	fail		7953.90   13930.24  8       1185749.0 ms cross
rand   	success		7493.12   11574.59  7       1193470.0 ms cross
ab
ab7	3
cross iterater24
ab
ab7	0
fail		7493.12   11657.27  7       1207105.0 ms
cross iterater25
ab
cross iterater26
bad   	success		8232.80   11599.75  7       1207120.0 ms cross
rand   	
bad   	success		8270.29   10799.09  7       1221035.0 ms cross
rand   	fail		7688.52   12092.15  7       1232407.0 ms cross
ab
ab6	1
ab7	5
cross iterater27
bad   	success		7875.06   12385.77  7       1232672.0 ms cross
rand   	
bad   	success		8139.35   11581.28  7       1246899.0 ms cross
rand   	
ab
ab6	3
ab7	0
cross iterater28
bad   	fail		7869.14   13534.16  8       1269597.0 ms cross
rand   	success		8435.79   12184.80  7       1272436.0 ms cross
bad   	success		8224.53   12302.15  7       1272436.0 ms cross
rand   	
ab
ab6	4
ab7	3
fail		8076.13   12347.79  7       1301062.0 ms
cross iterater29
bad   	success		8214.88   12451.38  7       1301077.0 ms cross
rand   	
bad   	success		8049.39   11098.66  7       1313151.0 ms cross
rand   	
ab
ab6	4
fail		8529.57   11782.87  7       1366939.0 ms
cross iterater30
bad   	success		8165.43   11875.00  7       1366955.0 ms cross
rand   	
bad   	success		8425.18   11358.94  7       1382991.0 ms cross
rand   	
ab
ab7	0
cross iterater31
bad   	success		8279.10   11821.16  7       1396547.0 ms cross
rand   	
bad   	success		8419.52   11730.22  7       1408231.0 ms cross
rand   	
ab
ab6	1
ab7	4
fail		8049.39   11330.81  7       1443799.0 ms
fail		7545.55   11749.74  7       1458119.0 ms
cross iterater32
bad   	success		8449.74   12117.02  7       1458821.0 ms cross
rand   	
bad   	success		8020.31   11741.18  7       1474655.0 ms cross
rand   	
ab
ab6	3
ab7	4
fail		8284.98   12164.28  7       1503530.0 ms
cross iterater33
bad   	success		7613.31   11608.68  7       1503577.0 ms cross
rand   	
bad   	success		7333.24   12586.70  7       1521672.0 ms cross
rand   	
ab
ab7	4
fail		7737.64   12285.78  7       1547209.0 ms
fail		8149.55   11856.77  7       1560063.0 ms
fail		8425.18   11600.78  7       1578175.0 ms
cross iterater34
bad   	success		8197.52   11743.60  7       1578175.0 ms cross
rand   	
bad   	success		8023.76   11745.28  7       1593088.0 ms cross
rand   	
ab
ab6	1
cross iterater35
bad   	success		7900.90   11382.40  7       1606909.0 ms cross
rand   	
bad   	success		7172.44   10837.05  7       1619935.0 ms cross
rand   	
ab
cross iterater36
ab
ab6	1
cross iterater37
bad   	success		7884.03   11765.75  7       1641821.0 ms cross
rand   	
bad   	success		7520.66   11358.35  7       1654738.0 ms cross
rand   	
ab
ab6	4
ab7	3
fail		7172.44   10578.70  7       1684315.0 ms
fail		8425.18   11600.78  7       1695001.0 ms
cross iterater38
bad   	success		7148.84   10519.86  7       1695001.0 ms cross
rand   	
bad   	success		7788.13   12153.50  7       1710850.0 ms cross
rand   	
ab
ab7	2
fail		7859.23   11869.22  7       1732799.0 ms
fail		7198.88   11962.62  7       1745341.0 ms
fail		6982.21   11642.88  7       1756261.0 ms
cross iterater39
bad   	success		7071.43   10629.26  7       1756276.0 ms cross
rand   	
bad   	success		7228.68   11641.43  7       1769708.0 ms cross
rand   	
ab
ab6	2
fail		7071.43   11161.88  7       1798193.0 ms
fail		7705.81   12055.83  7       1815945.0 ms
fail		7228.68   11683.46  7       1838658.0 ms
cross iterater40
bad   	success		7741.73   12312.38  7       1838658.0 ms cross
rand   	
bad   	success		7772.26   11890.42  7       1855397.0 ms cross
rand   	
ab
ab6	2
ab7	1
fail		7071.43   11161.88  7       1897625.0 ms
fail		8425.18   11600.78  7       1915908.0 ms
cross iterater41
bad   	success		7910.07   12384.65  7       1917016.0 ms cross
rand   	
bad   	success		7543.91   12279.33  7       1929573.0 ms cross
rand   	
ab
ab6	4
ab7	1
cross iterater42
bad   	success		7631.18   11222.90  7       1939308.0 ms cross
rand   	
bad   	success		7886.63   11771.53  7       1950430.0 ms cross
rand   	
ab
ab6	0
fail		7071.43   11161.88  7       1975405.0 ms
cross iterater43
bad   	success		7141.54   11551.01  7       1975405.0 ms cross
rand   	
bad   	fail		7508.39   12259.58  7       2004889.0 ms cross
rand   	fail		7884.39   12221.86  7       2044075.0 ms cross
ab
ab6	3
ab7	4
fail		7292.60   11571.54  7       2057023.0 ms
fail		7536.09   12357.43  7       2070798.0 ms
cross iterater44
bad   	success		7808.04   11764.26  7       2071640.0 ms cross
rand   	
bad   	fail		8176.11   13486.78  8       2097379.0 ms cross
rand   	
ab
ab6	3
ab7	5
fail		7898.58   11503.03  7       2120483.0 ms
fail		7292.60   11571.54  7       2140918.0 ms
cross iterater45
bad   	success		7645.21   11173.00  7       2140918.0 ms cross
rand   	
bad   	success		7630.31   12102.16  7       2161541.0 ms cross
rand   	
ab
ab6	2
ab7	3
fail		7898.58   11503.03  7       2202381.0 ms
cross iterater46
bad   	success		7399.63   11327.83  7       2202381.0 ms cross
rand   	
bad   	success		7641.90   11136.12  7       2223940.0 ms cross
rand   	
ab
ab6	3
ab7	5
fail		8294.17   12326.59  7       2271628.0 ms
fail		7315.28   11971.99  7       2295948.0 ms
cross iterater47
ab
ab7	0
fail		7315.28   11971.99  7       2309364.0 ms
cross iterater48
ab
fail		7982.79   11962.00  7       2318240.0 ms
fail		7940.80   12156.82  7       2330673.0 ms
fail		7399.63   11532.56  7       2346850.0 ms
cross iterater49
bad   	success		8122.71   11230.97  7       2346865.0 ms cross
rand   	
bad   	success		7799.11   11325.24  7       2376146.0 ms cross
rand   	
ab
ab7	3
fail		7799.11   11586.58  7       2420605.0 ms
cross iterater50
ab
ab7	0
fail		7677.56   12052.10  7       2435347.0 ms
cross iterater51
bad   	success		7874.77   11651.09  7       2435363.0 ms cross
rand   	
bad   	success		7607.17   11776.65  7       2460072.0 ms cross
rand   	
ab
ab6	3
ab7	2
fail		8251.14   12010.18  7       2499867.0 ms
fail		7799.11   11586.58  7       2521270.0 ms
cross iterater52
ab
ab6	2
fail		8142.25   11975.64  7       2539428.0 ms
cross iterater53
bad   	success		7651.33   11815.43  7       2539444.0 ms cross
rand   	
bad   	success		7568.03   11370.50  7       2556401.0 ms cross
rand   	
ab
ab6	5
fail		8343.54   12251.02  7       2602529.0 ms
cross iterater54
bad   	success		7510.36   11966.85  7       2602576.0 ms cross
rand   	
bad   	success		7902.25   11151.76  7       2628097.0 ms cross
rand   	
ab
ab7	2
ab6	1
cross iterater55
ab
fail		8122.71   11725.52  7       2663695.0 ms
cross iterater56
bad   	success		7389.22   12148.24  7       2663711.0 ms cross
rand   	
bad   	success		7642.57   12110.46  7       2679170.0 ms cross
rand   	
ab
ab6	1
ab7	0
fail		7902.25   11298.87  7       2708123.0 ms
cross iterater57
bad   	success		8065.53   11474.58  7       2708123.0 ms cross
rand   	
bad   	success		7786.64   12296.43  7       2726297.0 ms cross
rand   	
ab
ab6	2
cross iterater58
bad   	
rand   	
bad   	success		7770.24   11433.23  7       2767886.0 ms cross
rand   	
ab
ab6	3
cross iterater59
bad   	success		7863.56   11363.37  7       2783517.0 ms cross
rand   	
bad   	success		7603.73   11129.01  7       2793641.0 ms cross
rand   	
ab
ab6	1
fail		7548.48   11288.09  7       2817337.0 ms
cross iterater60
ab
ab7	3
fail		7548.48   11288.09  7       2829411.0 ms
fail		7926.50   11577.06  7       2837882.0 ms
cross iterater61
bad   	success		7722.19   10997.35  7       2837882.0 ms cross
rand   	
bad   	success		7442.86   11377.58  7       2850096.0 ms cross
rand   	
ab
ab7	0
fail		7752.62   12529.70  7       2880469.0 ms
cross iterater62
bad   	success		7191.00   11006.03  7       2880469.0 ms cross
rand   	
bad   	fail		7570.55   13366.22  8       2911590.0 ms cross
rand   	fail		8186.19   13629.38  8       2931948.0 ms cross
ab
ab7	2
fail		7878.82   12094.26  7       2952477.0 ms
fail		7442.86   11553.42  7       2978544.0 ms
cross iterater63
bad   	success		7717.46   11331.18  7       2978560.0 ms cross
rand   	
bad   	success		7771.13   11496.23  7       2993535.0 ms cross
rand   	
ab
ab7	0
fail		7687.12   11730.24  7       3018198.0 ms
cross iterater64
bad   	success		7300.53   11017.23  7       3018214.0 ms cross
rand   	
bad   	success		7527.22   10611.99  7       3029773.0 ms cross
rand   	
ab
ab7	0
fail		7527.22   10841.11  7       3065965.0 ms
cross iterater65
bad   	fail		7710.32   12043.38  8       3078023.0 ms cross
rand   	fail		7643.79   13547.13  8       3091049.0 ms cross
bad   	success		7289.27   11189.62  7       3091049.0 ms cross
rand   	
ab
ab6	1
fail		7374.74   11777.38  7       3115338.0 ms
fail		7289.27   11282.85  7       3131562.0 ms
cross iterater66
ab
ab6	1
cross iterater67
bad   	success		7714.14   12175.58  7       3131624.0 ms cross
rand   	
bad   	success		7465.41   11237.76  7       3142575.0 ms cross
rand   	
ab
ab6	4
cross iterater68
bad   	success		8414.89   12198.02  7       3158923.0 ms cross
rand   	
bad   	success		8255.63   12433.36  7       3171809.0 ms cross
rand   	
ab
ab6	3
ab7	1
fail		7520.76   11821.55  7       3211838.0 ms
fail		7771.13   11502.07  7       3231166.0 ms
cross iterater69
bad   	success		8077.83   11470.62  7       3231166.0 ms cross
rand   	
bad   	success		8017.16   11602.28  7       3253645.0 ms cross
rand   	
ab
ab6	3
fail		7694.03   11766.05  7       3300647.0 ms
fail		7607.74   11828.27  7       3315248.0 ms
cross iterater70
bad   	success		7913.51   11200.45  7       3315264.0 ms cross
rand   	
bad   	success		7769.13   11635.50  7       3329413.0 ms cross
rand   	
ab
ab6	3
ab7	5
fail		7527.22   10841.11  7       3354918.0 ms
cross iterater71
bad   	success		7401.32   10510.64  7       3354918.0 ms cross
rand   	
bad   	success		7883.20   12814.43  7       3369878.0 ms cross
rand   	
ab
ab6	5
fail		8083.64   12095.64  7       3402138.0 ms
fail		7913.51   11773.89  7       3413994.0 ms
cross iterater72
bad   	success		7787.52   12363.19  7       3414010.0 ms cross
rand   	
bad   	success		7674.43   12124.81  7       3427737.0 ms cross
rand   	
ab
ab6	4
ab7	1
fail		8549.38   12163.09  7       3450653.0 ms
fail		7401.32   10792.88  7       3462915.0 ms
fail		8063.31   12373.08  7       3475051.0 ms
cross iterater73
bad   	success		7551.63   11211.98  7       3475067.0 ms cross
rand   	
bad   	success		7443.41   10428.39  7       3485176.0 ms cross
rand   	
ab
ab7	4
fail		7551.63   11316.80  7       3516718.0 ms
cross iterater74
bad   	success		7524.99   11045.40  7       3516718.0 ms cross
rand   	
bad   	success		7800.46   11946.40  7       3539057.0 ms cross
rand   	
ab
fail		7551.63   11316.80  7       3562503.0 ms
fail		8083.64   12095.64  7       3572971.0 ms
cross iterater75
bad   	success		7685.31   10773.55  7       3572971.0 ms cross
rand   	
bad   	success		7468.14   10677.09  7       3586308.0 ms cross
rand   	
ab
ab6	4
fail		7685.31   11228.06  7       3611658.0 ms
cross iterater76

R.size:7

1		161	18	102	156	15	167	183	7	124	169	40	147	98	105	159	113	191	12	125	95	80	103	121	158	34	8	60	175	
2		28	140	9	6	203	49	63	97	118	26	62	25	104	20	187	176	88	101	50	51	178	115	11	2	93	193	36	39	201	146	75	69	
3		54	48	163	150	84	127	180	43	68	196	190	91	61	148	116	27	72	109	114	33	86	22	194	41	66	157	81	139	
4		100	4	37	133	143	59	29	204	56	45	65	99	108	23	188	112	117	173	21	165	52	129	32	192	1	64	
5		131	182	24	31	85	128	177	168	151	53	38	160	94	189	166	198	106	70	
6		92	142	152	57	155	199	14	78	132	130	171	184	119	16	111	90	44	145	79	55	107	126	174	13	154	96	30	67	202	74	
7		47	153	149	120	42	172	197	35	181	164	170	110	3	136	135	46	5	186	77	138	134	58	144	71	87	17	137	123	73	89	82	162	76	122	10	141	185	19	200	83	179	195	

data1/pdp200/LRC2_2_2.txt
total_cost 6982.207828

