success		1       0       1       36      1       0       67512.12  100     15.0     ms
success		1       1       1       34      1       0       67458.94  99      15.0     ms
success		1       2       1       11      1       0       67222.23  98      15.0     ms
success		1       3       1       86      1       0       67378.26  97      15.0     ms
success		1       4       1       38      1       0       66836.16  96      15.0     ms
success		1       5       1       55      1       0       66784.70  95      15.0     ms
success		1       6       1       91      1       0       65742.11  94      15.0     ms
success		1       7       1       71      1       0       65571.17  93      15.0     ms
success		1       8       1       7       1       0       65551.23  92      15.0     ms
success		1       9       1       30      1       0       64919.40  91      15.0     ms
success		1       10      1       15      1       0       64581.93  90      15.0     ms
success		1       11      1       75      1       0       64533.72  89      15.0     ms
success		1       12      1       80      1       0       64653.61  88      15.0     ms
success		1       13      2       73      2       0       63699.65  87      15.0     ms
success		1       14      1       47      1       0       63584.32  86      15.0     ms
success		1       15      1       49      1       0       63169.11  85      15.0     ms
success		1       16      1       27      1       0       63134.16  84      15.0     ms
success		1       17      2       80      2       0       63154.06  83      15.0     ms
success		1       18      2       10      2       0       63037.55  82      15.0     ms
success		1       19      2       76      2       0       62821.19  81      15.0     ms
success		1       20      1       75      1       0       62895.42  80      15.0     ms
success		1       21      2       13      2       0       62923.88  79      31.0     ms
success		1       22      2       42      2       0       62614.73  78      31.0     ms
success		1       23      1       40      1       0       62154.36  77      31.0     ms
success		1       24      1       10      1       0       61622.79  76      31.0     ms
success		1       25      1       56      1       0       61601.35  75      31.0     ms
success		1       26      2       56      2       0       61294.09  74      31.0     ms
success		1       27      2       41      2       0       60645.30  73      31.0     ms
success		1       28      2       19      2       0       60556.14  72      31.0     ms
success		1       29      1       59      1       0       60025.95  71      31.0     ms
success		1       30      2       39      2       0       59371.49  70      31.0     ms
success		1       31      2       69      2       0       59185.14  69      31.0     ms
success		1       32      1       4       1       0       58214.07  68      31.0     ms
success		1       33      1       9       1       0       56860.37  67      31.0     ms
success		1       34      2       47      2       0       56929.23  66      31.0     ms
success		1       35      1       58      1       0       55827.90  65      31.0     ms
success		1       36      2       35      2       0       55045.59  64      31.0     ms
success		1       37      1       44      1       0       54506.57  63      31.0     ms
success		1       38      2       3       2       0       53661.96  62      31.0     ms
success		1       39      2       38      2       0       52542.38  61      31.0     ms
success		1       40      2       46      2       0       52223.66  60      31.0     ms
success		1       41      1       43      1       0       50904.37  59      31.0     ms
success		1       42      1       7       1       0       49812.33  58      31.0     ms
success		1       43      3       16      3       0       50704.64  57      31.0     ms
success		1       44      1       31      1       0       50699.99  56      31.0     ms
success		1       45      1       18      1       0       49670.47  55      31.0     ms
success		1       46      1       23      1       0       49473.19  54      31.0     ms
success		1       47      1       25      1       0       49284.97  53      31.0     ms
success		1       48      1       7       1       0       49165.66  52      31.0     ms
success		1       49      1       25      1       0       48768.94  51      31.0     ms
success		1       50      1       50      1       0       48445.40  50      31.0     ms
success		1       51      4       35      4       0       47298.08  49      31.0     ms
success		1       52      3       44      3       0       46557.80  48      31.0     ms
success		1       53      3       39      3       0       46387.46  47      31.0     ms
success		1       54      2       17      2       0       46207.87  46      31.0     ms
success		1       55      4       44      4       0       45403.69  45      31.0     ms
success		1       56      3       1       3       0       43788.44  44      31.0     ms
success		1       57      2       22      2       0       43142.30  43      31.0     ms
success		1       58      4       39      4       0       41344.54  42      31.0     ms
success		1       59      1       21      1       0       41072.33  41      31.0     ms
success		1       60      1       1       1       0       40812.07  40      31.0     ms
success		1       61      2       25      2       0       39725.64  39      31.0     ms
success		1       62      1       4       1       0       39636.01  38      31.0     ms
success		1       63      4       17      4       0       38825.32  37      31.0     ms
success		1       64      3       15      3       0       37797.20  36      31.0     ms
success		1       65      2       26      2       0       36902.94  35      31.0     ms
success		1       66      2       31      2       0       36863.41  34      31.0     ms
success		1       67      6       15      6       0       35242.60  33      31.0     ms
success		1       68      4       29      4       0       34243.38  32      31.0     ms
success		1       69      2       24      2       0       33453.73  31      31.0     ms
success		1       70      4       10      4       0       31984.62  30      31.0     ms
success		1       71      1       8       1       0       32177.14  29      31.0     ms
success		1       72      4       5       4       0       31805.24  28      31.0     ms
success		1       73      4       4       4       0       30404.15  27      31.0     ms
success		1       74      4       0       4       0       29799.41  26      31.0     ms
success		1       75      2       18      2       0       28840.51  25      31.0     ms
success		1       76      4       17      4       0       28813.83  24      31.0     ms
success		1       77      6       4       6       0       27996.13  23      31.0     ms
success		1       78      1       4       1       0       27211.85  22      31.0     ms
success		1       79      4       3       4       0       27006.61  21      31.0     ms
success		1       80      5       12      5       0       25674.39  20      31.0     ms
success		1       81      4       0       4       0       24773.99  19      47.0     ms
success		1       82      8       5       8       0       23742.17  18      47.0     ms
success		1       83      6       1       6       0       23089.78  17      47.0     ms
success		1       84      6       5       6       0       22505.85  16      47.0     ms
success		1       85      6       9       6       0       21523.13  15      47.0     ms
success		1       86      3       12      3       0       20267.53  14      47.0     ms
success		1       87      6       9       6       0       18943.11  13      47.0     ms
success		1       88      5       0       5       0       18016.72  12      47.0     ms
success		1       89      15      9       13      0       16930.83  11      47.0     ms
success		1       90      9       1       7       0       15340.70  10      47.0     ms
success		1       91      13      8       10      0       14022.48  9       78.0     ms
success		1       92      19      1       11      0       12889.38  8       109.0    ms
success		1       93      16      7       14      0       10870.63  7       140.0    ms
success		1       94      33      4       13      0       9580.23   6       327.0    ms
success		1       95      1183    2       13      0       7557.34   5       30778.0  ms
success		1       0       1       83      1       0       80607.07  100     97513.0  ms
success		1       1       1       72      1       0       79195.18  99      97513.0  ms
success		1       2       1       91      1       0       78934.30  98      97513.0  ms
success		1       3       1       73      1       0       78541.64  97      97513.0  ms
success		1       4       1       22      1       0       78378.46  96      97513.0  ms
success		1       5       1       70      1       0       77680.59  95      97513.0  ms
success		1       6       1       70      1       0       77404.02  94      97513.0  ms
success		1       7       1       86      1       0       77154.40  93      97513.0  ms
success		1       8       1       2       1       0       76505.91  92      97513.0  ms
success		1       9       1       53      1       0       75800.26  91      97513.0  ms
success		1       10      3       52      3       0       75375.94  90      97513.0  ms
success		1       11      2       8       2       0       74532.50  89      97513.0  ms
success		1       12      1       47      1       0       73972.26  88      97513.0  ms
success		1       13      1       4       1       0       73575.75  87      97513.0  ms
success		1       14      1       37      1       0       72700.24  86      97513.0  ms
success		1       15      1       41      1       0       72411.08  85      97513.0  ms
success		1       16      1       40      1       0       71885.88  84      97513.0  ms
success		1       17      1       77      1       0       71482.04  83      97513.0  ms
success		1       18      2       57      2       0       70937.81  82      97513.0  ms
success		1       19      2       71      2       0       70467.15  81      97513.0  ms
success		1       20      2       50      2       0       69884.48  80      97513.0  ms
success		1       21      1       61      1       0       69463.03  79      97513.0  ms
success		1       22      1       78      1       0       69375.50  78      97513.0  ms
success		1       23      1       37      1       0       68404.03  77      97513.0  ms
success		1       24      1       56      1       0       67288.00  76      97513.0  ms
success		1       25      1       37      1       0       66945.13  75      97513.0  ms
success		1       26      1       7       1       0       65505.40  74      97513.0  ms
success		1       27      1       12      1       0       65132.14  73      97513.0  ms
success		1       28      1       52      1       0       64931.72  72      97513.0  ms
success		1       29      1       23      1       0       64576.87  71      97513.0  ms
success		1       30      1       17      1       0       63295.80  70      97513.0  ms
success		1       31      2       2       2       0       62875.71  69      97513.0  ms
success		1       32      1       4       1       0       62141.02  68      97513.0  ms
success		1       33      2       47      2       0       61394.80  67      97513.0  ms
success		1       34      1       29      1       0       61145.79  66      97513.0  ms
success		1       35      1       19      1       0       60851.71  65      97513.0  ms
success		1       36      1       63      1       0       60604.82  64      97513.0  ms
success		1       37      2       12      2       0       60077.70  63      97513.0  ms
success		1       38      4       60      4       0       58914.85  62      97513.0  ms
success		1       39      1       38      1       0       58287.35  61      97513.0  ms
success		1       40      1       10      1       0       57731.91  60      97513.0  ms
success		1       41      2       19      2       0       56510.06  59      97513.0  ms
success		1       42      3       35      3       0       55584.76  58      97513.0  ms
success		1       43      1       44      1       0       54146.10  57      97513.0  ms
success		1       44      2       21      2       0       53308.70  56      97513.0  ms
success		1       45      1       9       1       0       53029.23  55      97513.0  ms
success		1       46      1       43      1       0       52375.82  54      97513.0  ms
success		1       47      2       10      2       0       51984.12  53      97513.0  ms
success		1       48      4       34      4       0       52937.57  52      97513.0  ms
success		1       49      3       15      3       0       51497.86  51      97513.0  ms
success		1       50      3       24      3       0       50949.23  50      97513.0  ms
success		1       51      4       1       4       0       50108.42  49      97513.0  ms
success		1       52      3       43      3       0       48734.36  48      97513.0  ms
success		1       53      3       28      3       0       47829.18  47      97513.0  ms
success		1       54      3       46      3       0       46417.95  46      97513.0  ms
success		1       55      1       11      1       0       46130.01  45      97513.0  ms
success		1       56      5       38      5       0       45235.23  44      97513.0  ms
success		1       57      5       32      5       0       44301.30  43      97513.0  ms
success		1       58      1       21      1       0       43794.35  42      97513.0  ms
success		1       59      1       2       1       0       43498.27  41      97513.0  ms
success		1       60      3       0       3       0       43082.98  40      97513.0  ms
success		1       61      1       21      1       0       41858.34  39      97513.0  ms
success		1       62      1       8       1       0       41417.22  38      97513.0  ms
success		1       63      3       5       3       0       40756.50  37      97513.0  ms
success		1       64      2       0       2       0       40849.55  36      97513.0  ms
success		1       65      3       34      3       0       39795.09  35      97513.0  ms
success		1       66      2       27      2       0       38629.79  34      97513.0  ms
success		1       67      1       26      1       0       37084.31  33      97513.0  ms
success		1       68      2       10      2       0       36389.15  32      97513.0  ms
success		1       69      3       29      3       0       35201.91  31      97529.0  ms
success		1       70      3       7       3       0       34861.40  30      97529.0  ms
success		1       71      5       16      5       0       34551.97  29      97529.0  ms
success		1       72      1       7       1       0       32883.63  28      97529.0  ms
success		1       73      5       16      5       0       31930.25  27      97529.0  ms
success		1       74      4       7       4       0       30533.10  26      97529.0  ms
success		1       75      5       19      5       0       30007.68  25      97529.0  ms
success		1       76      5       8       5       0       28965.81  24      97529.0  ms
success		1       77      3       3       3       0       27662.28  23      97529.0  ms
success		1       78      4       22      4       0       26239.26  22      97529.0  ms
success		1       79      7       0       7       0       25835.77  21      97529.0  ms
success		1       80      4       10      4       0       25218.48  20      97529.0  ms
success		1       81      4       8       4       0       24924.59  19      97529.0  ms
success		1       82      5       8       5       0       23219.92  18      97529.0  ms
success		1       83      5       12      5       0       23271.12  17      97529.0  ms
success		1       84      6       10      6       0       21214.24  16      97529.0  ms
success		1       85      8       9       8       0       20453.10  15      97529.0  ms
success		1       86      4       7       4       0       19771.32  14      97529.0  ms
success		1       87      7       3       7       0       18580.04  13      97529.0  ms
success		1       88      11      5       11      0       17224.80  12      97529.0  ms
success		1       89      10      6       9       0       17096.05  11      97529.0  ms
success		1       90      10      10      10      0       15388.90  10      97529.0  ms
success		1       91      15      7       9       0       14227.72  9       97560.0  ms
success		1       92      20      8       11      0       12398.97  8       97623.0  ms
success		1       93      26      2       14      0       11694.63  7       97669.0  ms
success		1       94      40      6       18      0       9491.63   6       97981.0  ms
success		1       95      1643    5       21      0       7560.27   5       122957.0 ms
success		1       0       1       20      1       0       81461.11  100     164717.0 ms
success		1       1       1       65      1       0       80949.05  99      164717.0 ms
success		1       2       2       15      2       0       80513.58  98      164717.0 ms
success		1       3       1       24      1       0       79771.95  97      164717.0 ms
success		1       4       1       24      1       0       78796.18  96      164717.0 ms
success		1       5       1       27      1       0       76807.87  95      164717.0 ms
success		1       6       1       16      1       0       76276.10  94      164717.0 ms
success		1       7       1       88      1       0       75810.09  93      164717.0 ms
success		1       8       1       20      1       0       74419.94  92      164717.0 ms
success		1       9       1       78      1       0       73205.65  91      164717.0 ms
success		1       10      1       42      1       0       72590.52  90      164717.0 ms
success		1       11      1       54      1       0       71251.27  89      164717.0 ms
success		1       12      1       17      1       0       71141.24  88      164717.0 ms
success		1       13      1       62      1       0       70889.32  87      164717.0 ms
success		1       14      2       23      2       0       70532.63  86      164717.0 ms
success		1       15      1       33      1       0       68900.25  85      164717.0 ms
success		1       16      2       53      2       0       69465.26  84      164717.0 ms
success		1       17      1       24      1       0       68928.92  83      164717.0 ms
success		1       18      2       62      2       0       68634.55  82      164717.0 ms
success		1       19      1       20      1       0       68419.21  81      164717.0 ms
success		1       20      1       10      1       0       67958.06  80      164717.0 ms
success		1       21      1       63      1       0       67501.71  79      164717.0 ms
success		1       22      1       64      1       0       67081.74  78      164717.0 ms
success		1       23      2       5       2       0       65833.44  77      164717.0 ms
success		1       24      2       75      2       0       65200.59  76      164717.0 ms
success		1       25      4       73      4       0       66033.88  75      164717.0 ms
success		1       26      1       50      1       0       65953.90  74      164717.0 ms
success		1       27      1       64      1       0       64602.96  73      164717.0 ms
success		1       28      1       50      1       0       63099.45  72      164717.0 ms
success		1       29      2       6       2       0       62546.74  71      164717.0 ms
success		1       30      1       49      1       0       62339.11  70      164717.0 ms
success		1       31      1       58      1       0       61876.38  69      164717.0 ms
success		1       32      2       10      2       0       61283.29  68      164717.0 ms
success		1       33      1       17      1       0       60840.18  67      164717.0 ms
success		1       34      1       42      1       0       59564.24  66      164717.0 ms
success		1       35      3       22      3       0       59142.13  65      164717.0 ms
success		1       36      1       36      1       0       58137.91  64      164717.0 ms
success		1       37      2       1       2       0       57694.80  63      164717.0 ms
success		1       38      1       49      1       0       56793.94  62      164717.0 ms
success		1       39      4       48      4       0       56321.88  61      164717.0 ms
success		1       40      1       60      1       0       56223.98  60      164717.0 ms
success		1       41      2       18      2       0       55281.97  59      164717.0 ms
success		1       42      2       20      2       0       54891.70  58      164717.0 ms
success		1       43      1       16      1       0       54049.47  57      164717.0 ms
success		1       44      2       22      2       0       53688.03  56      164717.0 ms
success		1       45      1       4       1       0       53288.14  55      164733.0 ms
success		1       46      1       14      1       0       52008.22  54      164733.0 ms
success		1       47      1       35      1       0       51896.01  53      164733.0 ms
success		1       48      1       22      1       0       51780.90  52      164733.0 ms
success		1       49      4       51      4       0       51513.74  51      164733.0 ms
success		1       50      1       23      1       0       50931.36  50      164733.0 ms
success		1       51      1       31      1       0       50545.44  49      164733.0 ms
success		1       52      2       39      2       0       50328.56  48      164733.0 ms
success		1       53      1       17      1       0       49751.86  47      164733.0 ms
success		1       54      3       5       3       0       49701.44  46      164733.0 ms
success		1       55      4       24      4       0       48504.36  45      164733.0 ms
success		1       56      2       2       2       0       46996.97  44      164733.0 ms
success		1       57      2       21      2       0       46358.30  43      164733.0 ms
success		1       58      2       15      2       0       45684.06  42      164733.0 ms
success		1       59      1       9       1       0       45383.75  41      164733.0 ms
success		1       60      2       16      2       0       44214.56  40      164733.0 ms
success		1       61      4       31      4       0       43826.78  39      164733.0 ms
success		1       62      7       7       7       0       42721.82  38      164733.0 ms
success		1       63      3       13      3       0       41680.62  37      164733.0 ms
success		1       64      6       16      6       0       40494.10  36      164733.0 ms
success		1       65      3       33      3       0       39305.08  35      164733.0 ms
success		1       66      5       13      5       0       38555.90  34      164733.0 ms
success		1       67      1       19      1       0       37308.66  33      164733.0 ms
success		1       68      4       15      4       0       36900.99  32      164733.0 ms
success		1       69      5       7       5       0       35463.72  31      164733.0 ms
success		1       70      2       21      2       0       34491.69  30      164733.0 ms
success		1       71      8       19      8       0       33651.96  29      164733.0 ms
success		1       72      3       26      3       0       32915.75  28      164733.0 ms
success		1       73      2       6       2       0       32684.19  27      164733.0 ms
success		1       74      6       12      6       0       32423.70  26      164733.0 ms
success		1       75      6       20      6       0       30569.75  25      164733.0 ms
success		1       76      6       17      6       0       29002.81  24      164733.0 ms
success		1       77      3       2       3       0       28307.19  23      164733.0 ms
success		1       78      1       14      1       0       27870.77  22      164733.0 ms
success		1       79      9       21      9       0       26618.07  21      164733.0 ms
success		1       80      5       12      5       0       25673.63  20      164733.0 ms
success		1       81      8       8       8       0       25126.06  19      164733.0 ms
success		1       82      4       8       4       0       23928.79  18      164733.0 ms
success		1       83      3       1       3       0       22620.24  17      164733.0 ms
success		1       84      7       9       7       0       21395.28  16      164733.0 ms
success		1       85      3       5       3       0       20164.30  15      164733.0 ms
success		1       86      6       3       6       0       19607.84  14      164733.0 ms
success		1       87      6       3       6       0       18204.12  13      164733.0 ms
success		1       88      9       8       8       0       17764.45  12      164733.0 ms
success		1       89      8       3       8       0       16187.56  11      164733.0 ms
success		1       90      11      1       10      0       15886.49  10      164748.0 ms
success		1       91      10      7       8       0       13980.50  9       164748.0 ms
success		1       92      19      8       12      0       12112.41  8       164811.0 ms
success		1       93      26      6       10      0       11037.15  7       164920.0 ms
success		1       94      34      5       12      0       9885.05   6       165216.0 ms
success		1       95      660     2       15      0       7902.53   5       175949.0 ms
success		1       0       1       83      1       0       81354.31  100     221703.0 ms
success		1       1       1       43      1       0       80811.09  99      221703.0 ms
success		1       2       1       77      1       0       79330.18  98      221703.0 ms
success		1       3       1       44      1       0       78620.63  97      221703.0 ms
success		1       4       1       44      1       0       77939.00  96      221703.0 ms
success		1       5       1       1       1       0       77520.37  95      221703.0 ms
success		1       6       1       75      1       0       76264.37  94      221703.0 ms
success		1       7       1       45      1       0       75415.77  93      221703.0 ms
success		1       8       3       76      3       0       75053.25  92      221703.0 ms
success		1       9       1       34      1       0       73796.30  91      221703.0 ms
success		1       10      1       63      1       0       72240.83  90      221703.0 ms
success		1       11      1       2       1       0       70434.13  89      221703.0 ms
success		1       12      1       86      1       0       70089.25  88      221703.0 ms
success		1       13      1       50      1       0       69808.99  87      221703.0 ms
success		1       14      2       25      2       0       69300.64  86      221703.0 ms
success		1       15      1       62      1       0       68817.19  85      221703.0 ms
success		1       16      1       59      1       0       68610.51  84      221703.0 ms
success		1       17      2       10      2       0       68554.21  83      221703.0 ms
success		1       18      2       26      2       0       68285.36  82      221703.0 ms
success		1       19      1       64      1       0       66899.77  81      221703.0 ms
success		1       20      2       23      2       0       66729.04  80      221703.0 ms
success		1       21      1       64      1       0       66417.12  79      221703.0 ms
success		1       22      1       16      1       0       66115.89  78      221703.0 ms
success		1       23      1       33      1       0       65565.13  77      221703.0 ms
success		1       24      2       22      2       0       65314.60  76      221703.0 ms
success		1       25      1       33      1       0       64393.31  75      221703.0 ms
success		1       26      1       32      1       0       63849.31  74      221703.0 ms
success		1       27      1       17      1       0       63639.06  73      221703.0 ms
success		1       28      2       48      2       0       62135.57  72      221703.0 ms
success		1       29      1       6       1       0       61788.20  71      221703.0 ms
success		1       30      2       37      2       0       60834.15  70      221703.0 ms
success		1       31      1       55      1       0       60459.62  69      221703.0 ms
success		1       32      2       52      2       0       60210.68  68      221703.0 ms
success		1       33      1       11      1       0       59827.46  67      221703.0 ms
success		1       34      2       25      2       0       59143.94  66      221703.0 ms
success		1       35      1       26      1       0       58762.13  65      221703.0 ms
success		1       36      1       25      1       0       58523.22  64      221703.0 ms
success		1       37      2       55      2       0       58236.24  63      221703.0 ms
success		1       38      1       6       1       0       57858.67  62      221703.0 ms
success		1       39      2       7       2       0       57186.07  61      221703.0 ms
success		1       40      2       26      2       0       57126.28  60      221703.0 ms
success		1       41      1       49      1       0       56587.43  59      221703.0 ms
success		1       42      1       9       1       0       56230.00  58      221703.0 ms
success		1       43      3       51      3       0       55058.79  57      221703.0 ms
success		1       44      1       28      1       0       54269.86  56      221703.0 ms
success		1       45      2       27      2       0       53482.95  55      221703.0 ms
success		1       46      2       5       2       0       52864.94  54      221703.0 ms
success		1       47      2       3       2       0       52048.03  53      221703.0 ms
success		1       48      2       21      2       0       51661.17  52      221703.0 ms
success		1       49      1       50      1       0       51094.01  51      221703.0 ms
success		1       50      1       30      1       0       49817.06  50      221703.0 ms
success		1       51      1       22      1       0       48635.92  49      221703.0 ms
success		1       52      1       40      1       0       47826.90  48      221703.0 ms
success		1       53      1       43      1       0       46621.80  47      221703.0 ms
success		1       54      1       2       1       0       45483.04  46      221703.0 ms
success		1       55      1       5       1       0       44238.17  45      221703.0 ms
success		1       56      3       2       3       0       43823.47  44      221703.0 ms
success		1       57      1       27      1       0       42645.34  43      221703.0 ms
success		1       58      1       36      1       0       42593.63  42      221703.0 ms
success		1       59      2       38      2       0       42258.28  41      221703.0 ms
success		1       60      1       23      1       0       41142.25  40      221703.0 ms
success		1       61      5       5       5       0       39936.66  39      221703.0 ms
success		1       62      4       19      4       0       38817.03  38      221703.0 ms
success		1       63      4       34      4       0       37519.14  37      221703.0 ms
success		1       64      1       24      1       0       37050.19  36      221703.0 ms
success		1       65      5       21      5       0       37149.22  35      221703.0 ms
success		1       66      1       21      1       0       35444.69  34      221703.0 ms
success		1       67      2       29      2       0       35321.22  33      221703.0 ms
success		1       68      4       20      4       0       34055.20  32      221703.0 ms
success		1       69      3       13      3       0       32854.14  31      221703.0 ms
success		1       70      5       5       5       0       32204.72  30      221718.0 ms
success		1       71      4       17      4       0       31671.92  29      221718.0 ms
success		1       72      2       0       2       0       31091.89  28      221718.0 ms
success		1       73      6       8       6       0       30156.83  27      221718.0 ms
success		1       74      2       3       2       0       29686.59  26      221718.0 ms
success		1       75      3       22      3       0       28296.54  25      221718.0 ms
success		1       76      2       4       2       0       27250.20  24      221718.0 ms
success		1       77      5       1       5       0       26795.86  23      221718.0 ms
success		1       78      6       10      6       0       27317.96  22      221718.0 ms
success		1       79      8       4       8       0       27039.74  21      221718.0 ms
success		1       80      3       14      3       0       26494.22  20      221718.0 ms
success		1       81      3       18      3       0       25118.72  19      221718.0 ms
success		1       82      5       11      5       0       23979.09  18      221718.0 ms
success		1       83      7       9       7       0       23304.54  17      221718.0 ms
success		1       84      5       3       5       0       22275.48  16      221718.0 ms
success		1       85      5       11      5       0       20991.49  15      221718.0 ms
success		1       86      5       8       5       0       19435.06  14      221718.0 ms
success		1       87      8       0       8       0       18164.84  13      221718.0 ms
success		1       88      12      9       12      0       17242.39  12      221718.0 ms
success		1       89      9       9       9       0       16828.56  11      221718.0 ms
success		1       90      8       10      8       0       15584.96  10      221718.0 ms
success		1       91      11      3       9       0       14219.18  9       221718.0 ms
success		1       92      16      0       11      0       12428.57  8       221734.0 ms
success		1       93      39      1       13      0       10743.34  7       221952.0 ms
success		1       94      47      1       15      0       8997.40   6       222373.0 ms
success		1       95      281     4       16      0       7428.66   5       226039.0 ms
success		1       0       1       61      1       0       81430.22  100     266037.0 ms
success		1       1       1       71      1       0       80916.41  99      266037.0 ms
success		1       2       1       19      1       0       80536.58  98      266037.0 ms
success		1       3       1       9       1       0       80206.78  97      266037.0 ms
success		1       4       1       22      1       0       78876.95  96      266037.0 ms
success		1       5       1       34      1       0       77613.93  95      266037.0 ms
success		1       6       1       31      1       0       77404.18  94      266037.0 ms
success		1       7       1       39      1       0       76568.46  93      266037.0 ms
success		1       8       1       91      1       0       75868.18  92      266053.0 ms
success		1       9       1       25      1       0       75347.11  91      266053.0 ms
success		1       10      1       12      1       0       74480.43  90      266053.0 ms
success		1       11      1       24      1       0       74185.16  89      266053.0 ms
success		1       12      1       86      1       0       73496.62  88      266053.0 ms
success		1       13      1       43      1       0       73015.72  87      266053.0 ms
success		1       14      1       68      1       0       72339.35  86      266053.0 ms
success		1       15      1       60      1       0       71688.05  85      266053.0 ms
success		1       16      1       2       1       0       71098.51  84      266053.0 ms
success		1       17      2       50      2       0       69428.99  83      266053.0 ms
success		1       18      1       80      1       0       69041.83  82      266053.0 ms
success		1       19      1       19      1       0       68383.19  81      266053.0 ms
success		1       20      1       27      1       0       67022.18  80      266053.0 ms
success		1       21      1       62      1       0       66515.79  79      266053.0 ms
success		1       22      1       47      1       0       65289.29  78      266053.0 ms
success		1       23      2       28      2       0       64211.57  77      266053.0 ms
success		1       24      1       66      1       0       63764.35  76      266053.0 ms
success		1       25      1       32      1       0       62900.81  75      266053.0 ms
success		1       26      1       28      1       0       62337.53  74      266053.0 ms
success		1       27      1       55      1       0       61974.29  73      266053.0 ms
success		1       28      1       71      1       0       61852.82  72      266053.0 ms
success		1       29      1       21      1       0       60613.51  71      266053.0 ms
success		1       30      2       6       2       0       59568.25  70      266053.0 ms
success		1       31      1       17      1       0       59318.08  69      266053.0 ms
success		1       32      1       15      1       0       59060.07  68      266053.0 ms
success		1       33      2       7       2       0       58391.28  67      266053.0 ms
success		1       34      1       17      1       0       58113.47  66      266053.0 ms
success		1       35      1       49      1       0       57834.63  65      266053.0 ms
success		1       36      1       46      1       0       57577.88  64      266053.0 ms
success		1       37      1       48      1       0       56115.79  63      266053.0 ms
success		1       38      1       45      1       0       55922.66  62      266053.0 ms
success		1       39      3       3       3       0       55357.43  61      266053.0 ms
success		1       40      1       42      1       0       55309.38  60      266053.0 ms
success		1       41      1       29      1       0       54997.22  59      266053.0 ms
success		1       42      2       4       2       0       54861.28  58      266053.0 ms
success		1       43      1       16      1       0       54146.24  57      266053.0 ms
success		1       44      1       9       1       0       54036.83  56      266053.0 ms
success		1       45      2       35      2       0       53190.78  55      266053.0 ms
success		1       46      1       31      1       0       52474.08  54      266053.0 ms
success		1       47      5       0       5       0       51101.70  53      266053.0 ms
success		1       48      1       42      1       0       50776.32  52      266053.0 ms
success		1       49      2       23      2       0       50254.39  51      266053.0 ms
success		1       50      1       1       1       0       49165.73  50      266053.0 ms
success		1       51      2       39      2       0       48884.56  49      266053.0 ms
success		1       52      1       3       1       0       48584.70  48      266053.0 ms
success		1       53      1       5       1       0       48252.70  47      266053.0 ms
success		1       54      3       21      3       0       47059.47  46      266053.0 ms
success		1       55      4       37      4       0       45886.94  45      266053.0 ms
success		1       56      2       35      2       0       44877.76  44      266053.0 ms
success		1       57      2       11      2       0       44444.09  43      266053.0 ms
success		1       58      3       29      3       0       42896.81  42      266053.0 ms
success		1       59      1       24      1       0       42264.71  41      266053.0 ms
success		1       60      2       22      2       0       41534.17  40      266053.0 ms
success		1       61      3       30      3       0       41279.33  39      266053.0 ms
success		1       62      1       13      1       0       40600.41  38      266053.0 ms
success		1       63      2       1       2       0       40085.75  37      266053.0 ms
success		1       64      2       19      2       0       39123.56  36      266053.0 ms
success		1       65      2       13      2       0       38587.57  35      266053.0 ms
success		1       66      3       33      3       0       37559.89  34      266053.0 ms
success		1       67      1       6       1       0       37307.06  33      266053.0 ms
success		1       68      3       17      3       0       36227.31  32      266053.0 ms
success		1       69      1       4       1       0       34852.93  31      266053.0 ms
success		1       70      3       1       3       0       34077.88  30      266053.0 ms
success		1       71      3       27      3       0       33690.91  29      266053.0 ms
success		1       72      3       7       3       0       32176.65  28      266053.0 ms
success		1       73      5       22      5       0       31168.14  27      266053.0 ms
success		1       74      2       1       2       0       30684.23  26      266053.0 ms
success		1       75      4       0       4       0       30184.64  25      266053.0 ms
success		1       76      4       19      4       0       29589.25  24      266053.0 ms
success		1       77      5       6       5       0       29029.04  23      266053.0 ms
success		1       78      4       17      4       0       27510.12  22      266053.0 ms
success		1       79      2       10      2       0       26827.31  21      266053.0 ms
success		1       80      4       2       4       0       26135.70  20      266053.0 ms
success		1       81      3       19      3       0       25633.23  19      266053.0 ms
success		1       82      5       7       5       0       24518.95  18      266053.0 ms
success		1       83      6       6       6       0       23410.65  17      266053.0 ms
success		1       84      7       8       7       0       21749.34  16      266053.0 ms
success		1       85      7       14      7       0       20582.98  15      266053.0 ms
success		1       86      6       8       6       0       19391.02  14      266053.0 ms
success		1       87      6       9       6       0       18256.16  13      266053.0 ms
success		1       88      6       10      6       0       16745.22  12      266053.0 ms
success		1       89      11      6       11      0       15884.71  11      266068.0 ms
success		1       90      11      8       11      0       15431.21  10      266068.0 ms
success		1       91      12      6       11      0       14388.90  9       266068.0 ms
success		1       92      15      0       9       0       13118.33  8       266115.0 ms
success		1       93      39      0       12      0       11383.36  7       266349.0 ms
success		1       94      77      4       12      0       9708.62   6       267893.0 ms
success		1       95      184     4       18      0       8068.66   5       270857.0 ms
success		1       0       1       95      1       0       80546.08  100     344363.0 ms
success		1       1       1       99      1       0       80411.46  99      344363.0 ms
success		1       2       1       59      1       0       79935.44  98      344363.0 ms
success		1       3       1       54      1       0       79394.33  97      344363.0 ms
success		1       4       2       91      2       0       79026.46  96      344363.0 ms
success		1       5       1       74      1       0       78295.48  95      344363.0 ms
success		1       6       1       26      1       0       77261.77  94      344363.0 ms
success		1       7       1       13      1       0       76774.87  93      344363.0 ms
success		1       8       1       3       1       0       75480.42  92      344363.0 ms
success		1       9       2       70      2       0       74680.96  91      344363.0 ms
success		1       10      1       47      1       0       74003.27  90      344363.0 ms
success		1       11      1       79      1       0       73576.77  89      344363.0 ms
success		1       12      1       14      1       0       73189.56  88      344363.0 ms
success		1       13      1       65      1       0       71509.87  87      344363.0 ms
success		1       14      3       2       3       0       70956.91  86      344363.0 ms
success		1       15      1       17      1       0       70554.46  85      344363.0 ms
success		1       16      1       79      1       0       70298.39  84      344363.0 ms
success		1       17      1       21      1       0       69723.39  83      344363.0 ms
success		1       18      1       80      1       0       69290.03  82      344363.0 ms
success		1       19      1       62      1       0       68872.41  81      344363.0 ms
success		1       20      1       53      1       0       68330.11  80      344363.0 ms
success		1       21      1       49      1       0       67857.49  79      344363.0 ms
success		1       22      1       19      1       0       67350.74  78      344363.0 ms
success		1       23      1       60      1       0       66926.82  77      344363.0 ms
success		1       24      1       58      1       0       66386.57  76      344363.0 ms
success		1       25      1       43      1       0       65578.90  75      344363.0 ms
success		1       26      1       46      1       0       64849.59  74      344363.0 ms
success		1       27      2       19      2       0       64396.20  73      344363.0 ms
success		1       28      1       69      1       0       63879.74  72      344363.0 ms
success		1       29      1       49      1       0       62651.33  71      344363.0 ms
success		1       30      1       55      1       0       61535.80  70      344363.0 ms
success		1       31      1       37      1       0       61139.79  69      344363.0 ms
success		1       32      1       46      1       0       60276.88  68      344363.0 ms
success		1       33      1       41      1       0       59687.36  67      344363.0 ms
success		1       34      1       28      1       0       58466.01  66      344363.0 ms
success		1       35      1       53      1       0       57679.20  65      344363.0 ms
success		1       36      2       36      2       0       57030.62  64      344363.0 ms
success		1       37      3       26      3       0       55707.66  63      344363.0 ms
success		1       38      2       15      2       0       55521.72  62      344363.0 ms
success		1       39      2       6       2       0       54963.83  61      344363.0 ms
success		1       40      1       14      1       0       54788.81  60      344363.0 ms
success		1       41      1       14      1       0       54531.43  59      344363.0 ms
success		1       42      2       24      2       0       54502.03  58      344363.0 ms
success		1       43      3       6       3       0       53961.84  57      344363.0 ms
success		1       44      1       6       1       0       53160.40  56      344363.0 ms
success		1       45      2       33      2       0       53273.73  55      344363.0 ms
success		1       46      2       1       2       0       52913.82  54      344363.0 ms
success		1       47      4       45      4       0       51779.61  53      344363.0 ms
success		1       48      2       35      2       0       50702.98  52      344363.0 ms
success		1       49      2       50      2       0       50012.14  51      344363.0 ms
success		1       50      1       15      1       0       48683.22  50      344363.0 ms
success		1       51      2       48      2       0       48194.59  49      344363.0 ms
success		1       52      2       12      2       0       48231.50  48      344363.0 ms
success		1       53      2       32      2       0       47765.73  47      344363.0 ms
success		1       54      1       31      1       0       47405.42  46      344363.0 ms
success		1       55      4       39      4       0       47927.19  45      344379.0 ms
success		1       56      1       37      1       0       47486.78  44      344379.0 ms
success		1       57      2       42      2       0       46960.01  43      344379.0 ms
success		1       58      2       5       2       0       46935.95  42      344379.0 ms
success		1       59      5       23      5       0       46350.39  41      344379.0 ms
success		1       60      1       24      1       0       44968.04  40      344379.0 ms
success		1       61      6       27      6       0       44128.44  39      344379.0 ms
success		1       62      3       3       3       0       43337.69  38      344379.0 ms
success		1       63      1       15      1       0       42478.80  37      344379.0 ms
success		1       64      1       30      1       0       41110.02  36      344379.0 ms
success		1       65      2       28      2       0       40432.06  35      344379.0 ms
success		1       66      5       27      5       0       39480.20  34      344379.0 ms
success		1       67      3       28      3       0       38445.01  33      344379.0 ms
success		1       68      6       24      6       0       37507.59  32      344379.0 ms
success		1       69      1       9       1       0       37328.46  31      344379.0 ms
success		1       70      5       10      5       0       37208.66  30      344379.0 ms
success		1       71      3       28      3       0       36484.18  29      344379.0 ms
success		1       72      2       5       2       0       34454.94  28      344379.0 ms
success		1       73      2       8       2       0       34310.48  27      344379.0 ms
success		1       74      2       15      2       0       33090.26  26      344379.0 ms
success		1       75      7       14      7       0       32221.95  25      344379.0 ms
success		1       76      1       16      1       0       31120.45  24      344379.0 ms
success		1       77      5       13      5       0       30166.03  23      344379.0 ms
success		1       78      7       2       7       0       28940.54  22      344379.0 ms
success		1       79      4       11      4       0       27509.85  21      344379.0 ms
success		1       80      5       11      5       0       26606.04  20      344379.0 ms
success		1       81      4       1       4       0       26098.41  19      344379.0 ms
success		1       82      3       13      3       0       24778.05  18      344379.0 ms
success		1       83      5       7       5       0       24498.37  17      344379.0 ms
success		1       84      5       15      5       0       23134.13  16      344379.0 ms
success		1       85      6       11      6       0       21630.77  15      344379.0 ms
success		1       86      5       3       5       0       20030.09  14      344379.0 ms
success		1       87      11      4       11      0       18920.54  13      344379.0 ms
success		1       88      9       10      9       0       17537.94  12      344379.0 ms
success		1       89      11      0       9       0       15341.53  11      344379.0 ms
success		1       90      10      10      10      0       14722.89  10      344379.0 ms
success		1       91      10      3       9       0       13800.87  9       344394.0 ms
success		1       92      16      2       12      0       12730.36  8       344426.0 ms
success		1       93      20      7       11      0       11091.18  7       344488.0 ms
success		1       94      41      6       15      0       9807.85   6       344831.0 ms
cross iterater0
bad   	success		6407.87   7801.09   5       386436.0 ms cross
rand   	
bad   	success		6633.33   7733.78   5       430333.0 ms cross
rand   	
ab
ab7	4
ab6	5
fail		6484.08   7744.07   5       518924.0 ms
cross iterater1
bad   	fail		6541.12   9100.67   6       573445.0 ms cross
rand   	success		6489.44   7470.40   5       592586.0 ms cross
bad   	success		6444.68   7902.36   5       593428.0 ms cross
rand   	
ab
ab7	2
ab6	3
fail		6391.20   7920.47   5       679195.0 ms
cross iterater2
bad   	success		6236.27   7556.73   5       679975.0 ms cross
rand   	
bad   	success		6216.45   7995.85   5       759861.0 ms cross
rand   	
ab
ab7	3
fail		6236.27   7576.39   5       847547.0 ms
cross iterater3
bad   	success		6608.68   7566.43   5       858202.0 ms cross
rand   	
bad   	success		6079.68   8236.61   5       935951.0 ms cross
rand   	
ab
ab7	0
cross iterater4
bad   	success		6314.17   7942.09   5       998349.0 ms cross
rand   	
bad   	success		6211.46   8112.95   5       1030844.0 ms cross
rand   	
ab
ab6	2
ab7	5
cross iterater5
bad   	success		6214.45   7300.64   5       1087346.0 ms cross
rand   	
bad   	success		6653.75   7436.94   5       1125019.0 ms cross
rand   	
ab
ab6	1
ab7	4
fail		6765.64   7765.60   5       1232704.0 ms
cross iterater6
ab
ab6	2
fail		6416.20   7367.66   5       1272327.0 ms
fail		6500.46   7431.65   5       1317628.0 ms
cross iterater7
ab
ab6	4
ab7	5
fail		6474.85   7433.81   5       1369653.0 ms
fail		6214.45   7398.56   5       1413551.0 ms
cross iterater8
bad   	success		6557.65   7272.58   5       1413567.0 ms cross
rand   	
bad   	
rand   	
ab
ab7	3
ab6	2
fail		6426.90   7699.67   5       1641478.0 ms
cross iterater9
bad   	success		6621.47   7629.00   5       1641509.0 ms cross
rand   	
bad   	success		6267.02   7464.57   5       1714922.0 ms cross
rand   	
ab
ab7	0
fail		6557.65   7431.61   5       1808239.0 ms
fail		6416.20   7367.66   5       1831015.0 ms
cross iterater10
bad   	success		6393.85   7655.26   5       1831015.0 ms cross
rand   	
bad   	success		6279.73   7418.75   5       1853088.0 ms cross
rand   	
ab
ab6	5
ab7	2
fail		6279.73   7437.99   5       1905020.0 ms
cross iterater11
ab
ab6	3
fail		6416.20   7367.66   5       1936546.0 ms
cross iterater12
bad   	
rand   	
bad   	success		6625.17   7216.36   5       2037820.0 ms cross
rand   	
ab
ab6	5
fail		6602.23   7417.00   5       2124726.0 ms
fail		6480.09   7453.28   5       2148406.0 ms
cross iterater13
bad   	success		6443.78   7962.79   5       2154474.0 ms cross
rand   	
bad   	success		6674.16   7417.71   5       2182850.0 ms cross
rand   	
ab
ab6	4
ab7	5
fail		6346.28   7165.45   5       2239430.0 ms
fail		6625.17   7411.48   5       2280691.0 ms
cross iterater14
ab
ab6	5
cross iterater15
bad   	success		6602.05   7371.95   5       2280707.0 ms cross
rand   	
bad   	success		6438.58   7055.28   5       2320174.0 ms cross
rand   	
ab
ab6	3
cross iterater16
bad   	success		6450.88   7386.28   5       2371903.0 ms cross
rand   	
bad   	success		6496.94   7385.91   5       2426736.0 ms cross
rand   	
ab
ab6	1
ab7	2
fail		6466.03   7404.89   5       2528540.0 ms
cross iterater17
bad   	success		6619.98   7762.26   5       2553577.0 ms cross
rand   	
bad   	success		6323.86   7420.37   5       2611452.0 ms cross
rand   	
ab
ab6	1
ab7	2
fail		6310.69   7495.84   5       2695285.0 ms
fail		6425.89   7615.07   5       2745563.0 ms
cross iterater18
bad   	success		6584.87   7586.32   5       2745594.0 ms cross
rand   	
bad   	success		6286.27   7504.46   5       2776060.0 ms cross
rand   	
ab
ab7	2
ab6	0
fail		6602.23   7417.00   5       2844761.0 ms
cross iterater19
ab
ab6	1
fail		6310.69   7495.84   5       2889439.0 ms
cross iterater20
bad   	success		6580.18   7566.77   5       2890297.0 ms cross
rand   	
bad   	success		6238.66   7690.14   5       2945738.0 ms cross
rand   	
ab
ab6	0
ab7	2
fail		6310.69   7495.84   5       3015047.0 ms
cross iterater21
bad   	fail		6437.26   8984.39   6       3072345.0 ms cross
rand   	fail		6308.35   8943.90   6       3110970.0 ms cross
bad   	success		6299.22   8083.79   5       3113918.0 ms cross
rand   	
ab
ab6	2
ab7	4
cross iterater22
bad   	success		6446.13   7250.73   5       3168236.0 ms cross
rand   	
bad   	fail		6608.84   8752.03   6       3236470.0 ms cross
rand   	fail		6340.34   8766.28   6       3267575.0 ms cross
ab
ab6	3
ab7	1
cross iterater23
bad   	success		6242.79   7576.26   5       3273300.0 ms cross
rand   	
bad   	success		6492.61   7510.69   5       3304375.0 ms cross
rand   	
ab
ab6	1
ab7	2
fail		6638.85   7491.59   5       3363981.0 ms
fail		6386.56   7623.10   5       3389799.0 ms
fail		6687.22   7973.26   5       3417176.0 ms
cross iterater24
bad   	success		6523.72   7489.82   5       3417192.0 ms cross
rand   	
bad   	success		6226.52   7582.70   5       3464896.0 ms cross
rand   	
ab
ab7	0
ab6	5
fail		6638.85   7491.59   5       3541022.0 ms
fail		6386.56   7623.10   5       3591909.0 ms
fail		6319.52   7565.45   5       3628474.0 ms
cross iterater25

R.size:5

1		14	142	16	169	47	190	167	196	124	156	24	110	180	51	18	150	69	118	176	186	122	25	111	90	135	123	71	11	137	17	30	64	
2		131	179	102	7	92	4	140	37	65	128	31	133	40	147	108	45	38	85	53	101	168	151	94	99	86	192	106	22	161	44	10	134	87	115	121	174	201	67	82	154	13	60	97	175	39	83	
3		57	182	195	177	165	32	56	100	9	54	155	127	199	105	88	59	173	29	89	188	21	166	139	12	143	191	113	58	144	125	74	52	41	194	95	178	80	141	146	120	193	19	185	36	202	148	
4		162	63	200	15	68	43	48	103	132	153	78	149	104	170	20	197	172	62	138	46	42	187	109	160	114	23	27	72	129	189	50	158	33	81	126	55	157	107	66	70	2	96	76	75	
5		84	28	6	49	163	35	5	26	164	181	159	77	171	130	152	183	98	119	184	3	136	198	61	117	112	116	145	91	79	34	1	73	93	8	

data1/pdp200/LRC2_2_8.txt
total_cost 6067.671307

