success		1       0       1       58      1       0       28295.67  103     16.0     ms
success		1       1       1       3       1       0       28122.95  102     16.0     ms
success		1       2       1       76      1       0       27471.32  101     31.0     ms
success		1       3       1       40      1       0       27238.58  100     31.0     ms
success		1       4       1       98      1       0       27015.70  99      31.0     ms
success		1       5       1       63      1       0       26821.14  98      31.0     ms
success		1       6       1       92      1       0       26657.80  97      31.0     ms
success		1       7       1       77      1       0       26489.70  96      31.0     ms
success		1       8       1       8       1       0       26540.94  95      31.0     ms
success		1       9       1       25      1       0       26489.22  94      31.0     ms
success		1       10      1       29      1       0       26303.08  93      31.0     ms
success		1       11      1       7       1       0       26139.55  92      31.0     ms
success		1       12      1       41      1       0       26086.83  91      31.0     ms
success		1       13      1       86      1       0       26026.19  90      31.0     ms
success		1       14      1       17      1       0       25672.95  89      31.0     ms
success		1       15      1       31      1       0       25827.36  88      31.0     ms
success		1       16      1       72      1       0       25164.40  87      31.0     ms
success		1       17      1       74      1       0       25060.12  86      31.0     ms
success		1       18      1       29      1       0       24749.47  85      31.0     ms
success		1       19      1       10      1       0       24551.20  84      31.0     ms
success		1       20      2       12      2       0       24319.57  83      31.0     ms
success		1       21      1       24      1       0       24348.73  82      31.0     ms
success		1       22      1       72      1       0       23861.35  81      31.0     ms
success		1       23      1       76      1       0       23825.24  80      31.0     ms
success		1       24      1       41      1       0       23547.19  79      31.0     ms
success		1       25      2       55      2       0       23482.82  78      31.0     ms
success		1       26      3       43      3       0       23578.36  77      31.0     ms
success		1       27      1       56      1       0       23276.22  76      31.0     ms
success		1       28      1       60      1       0       23282.50  75      31.0     ms
success		1       29      1       34      1       0       23111.97  74      31.0     ms
success		1       30      1       72      1       0       22619.94  73      31.0     ms
success		1       31      1       70      1       0       22070.86  72      31.0     ms
success		1       32      1       8       1       0       21568.16  71      31.0     ms
success		1       33      2       64      2       0       21701.20  70      31.0     ms
success		1       34      1       22      1       0       21286.47  69      31.0     ms
success		1       35      1       32      1       0       20830.73  68      31.0     ms
success		1       36      1       28      1       0       20817.62  67      31.0     ms
success		1       37      1       41      1       0       20568.51  66      31.0     ms
success		1       38      1       19      1       0       20040.10  65      31.0     ms
success		1       39      2       23      2       0       19688.61  64      31.0     ms
success		1       40      1       50      1       0       19250.93  63      47.0     ms
success		1       41      1       22      1       0       18673.95  62      47.0     ms
success		1       42      3       20      3       0       18443.51  61      47.0     ms
success		1       43      1       5       1       0       18037.85  60      47.0     ms
success		1       44      3       19      3       0       17947.36  59      47.0     ms
success		1       45      3       19      3       0       17385.78  58      47.0     ms
success		1       46      1       35      1       0       17119.62  57      47.0     ms
success		1       47      2       56      2       0       17161.45  56      47.0     ms
success		1       48      2       18      2       0       16833.77  55      47.0     ms
success		1       49      4       16      4       0       16911.90  54      47.0     ms
success		1       50      3       12      3       0       16572.67  53      47.0     ms
success		1       51      3       46      3       0       16186.73  52      47.0     ms
success		1       52      1       1       1       0       15863.20  51      47.0     ms
success		1       53      1       23      1       0       15623.20  50      47.0     ms
success		1       54      2       44      2       0       15201.15  49      47.0     ms
success		1       55      1       9       1       0       14716.40  48      47.0     ms
success		1       56      3       24      3       0       14316.61  47      47.0     ms
success		1       57      3       26      3       0       14295.47  46      47.0     ms
success		1       58      3       24      3       0       14065.20  45      47.0     ms
success		1       59      4       23      4       0       14405.02  44      47.0     ms
success		1       60      3       29      3       0       13856.08  43      47.0     ms
success		1       61      3       36      3       0       13423.35  42      47.0     ms
success		1       62      1       28      1       0       13006.59  41      47.0     ms
success		1       63      1       16      1       0       12734.04  40      47.0     ms
success		1       64      3       15      3       0       12147.75  39      47.0     ms
success		1       65      4       4       4       0       12115.79  38      47.0     ms
success		1       66      3       10      3       0       11851.40  37      47.0     ms
success		1       67      5       18      5       0       11886.79  36      47.0     ms
success		1       68      3       19      3       0       11594.96  35      47.0     ms
success		1       69      3       34      3       0       11218.02  34      47.0     ms
success		1       70      4       32      4       0       11036.16  33      47.0     ms
success		1       71      3       0       3       0       10571.82  32      47.0     ms
success		1       72      3       25      3       0       10252.18  31      47.0     ms
success		1       73      2       0       2       0       9753.98   30      47.0     ms
success		1       74      4       21      4       0       9805.44   29      62.0     ms
success		1       75      3       2       2       0       10693.20  28      62.0     ms
success		1       76      5       17      4       0       10299.95  27      62.0     ms
success		1       77      5       14      5       0       9747.24   26      62.0     ms
success		1       78      5       25      4       0       9163.96   25      62.0     ms
success		1       79      10      6       4       0       8315.02   24      78.0     ms
success		1       80      13      8       4       0       7739.56   23      94.0     ms
success		1       81      39      0       5       0       7333.34   22      172.0    ms
success		1       82      54      7       6       0       7212.82   21      218.0    ms
success		1       83      127     17      5       0       6456.27   20      374.0    ms
success		1       0       1       47      1       0       40887.98  103     1186.0   ms
success		1       1       1       38      1       0       40196.16  102     1186.0   ms
success		1       2       1       85      1       0       39245.11  101     1186.0   ms
success		1       3       1       61      1       0       38707.25  100     1186.0   ms
success		1       4       1       76      1       0       38456.31  99      1186.0   ms
success		1       5       1       26      1       0       37849.63  98      1186.0   ms
success		1       6       1       83      1       0       37180.76  97      1186.0   ms
success		1       7       2       7       2       0       36630.05  96      1186.0   ms
success		1       8       1       19      1       0       36005.12  95      1186.0   ms
success		1       9       1       46      1       0       35409.45  94      1186.0   ms
success		1       10      1       11      1       0       35236.07  93      1186.0   ms
success		1       11      1       45      1       0       34788.75  92      1186.0   ms
success		1       12      1       41      1       0       34165.53  91      1186.0   ms
success		1       13      1       29      1       0       33739.59  90      1186.0   ms
success		1       14      1       34      1       0       33422.82  89      1186.0   ms
success		1       15      1       24      1       0       33039.44  88      1186.0   ms
success		1       16      1       44      1       0       32923.39  87      1186.0   ms
success		1       17      2       66      2       0       32723.65  86      1186.0   ms
success		1       18      1       54      1       0       32551.77  85      1186.0   ms
success		1       19      1       53      1       0       32053.68  84      1186.0   ms
success		1       20      2       12      2       0       31818.83  83      1186.0   ms
success		1       21      1       81      1       0       31309.14  82      1186.0   ms
success		1       22      1       4       1       0       30994.12  81      1186.0   ms
success		1       23      1       9       1       0       30717.15  80      1186.0   ms
success		1       24      1       57      1       0       30317.29  79      1186.0   ms
success		1       25      1       17      1       0       30027.43  78      1186.0   ms
success		1       26      2       61      2       0       29740.08  77      1186.0   ms
success		1       27      1       66      1       0       29553.23  76      1186.0   ms
success		1       28      1       61      1       0       28983.65  75      1186.0   ms
success		1       29      2       49      2       0       28364.05  74      1186.0   ms
success		1       30      1       36      1       0       27993.99  73      1186.0   ms
success		1       31      1       36      1       0       27761.46  72      1186.0   ms
success		1       32      1       53      1       0       27289.92  71      1186.0   ms
success		1       33      2       24      2       0       26481.85  70      1186.0   ms
success		1       34      1       2       1       0       26286.14  69      1186.0   ms
success		1       35      1       39      1       0       25629.15  68      1186.0   ms
success		1       36      2       7       2       0       25190.28  67      1186.0   ms
success		1       37      1       63      1       0       24502.22  66      1186.0   ms
success		1       38      2       14      2       0       24006.06  65      1186.0   ms
success		1       39      2       4       2       0       23341.62  64      1186.0   ms
success		1       40      3       45      3       0       23154.97  63      1186.0   ms
success		1       41      2       34      2       0       22602.40  62      1186.0   ms
success		1       42      1       28      1       0       22264.46  61      1186.0   ms
success		1       43      1       18      1       0       22096.58  60      1186.0   ms
success		1       44      1       12      1       0       21602.75  59      1186.0   ms
success		1       45      2       46      2       0       21361.68  58      1186.0   ms
success		1       46      2       46      2       0       20976.02  57      1186.0   ms
success		1       47      1       42      1       0       20583.21  56      1201.0   ms
success		1       48      2       31      2       0       20340.70  55      1201.0   ms
success		1       49      3       7       3       0       20213.73  54      1201.0   ms
success		1       50      3       5       3       0       19538.61  53      1201.0   ms
success		1       51      2       4       2       0       19018.01  52      1201.0   ms
success		1       52      1       18      1       0       18644.72  51      1201.0   ms
success		1       53      1       9       1       0       17930.95  50      1201.0   ms
success		1       54      1       40      1       0       17138.28  49      1201.0   ms
success		1       55      2       7       2       0       16659.89  48      1201.0   ms
success		1       56      2       15      2       0       16389.56  47      1201.0   ms
success		1       57      3       33      3       0       15629.50  46      1201.0   ms
success		1       58      3       8       3       0       14976.20  45      1201.0   ms
success		1       59      2       13      2       0       14588.78  44      1201.0   ms
success		1       60      3       3       3       0       14313.85  43      1201.0   ms
success		1       61      2       27      2       0       13928.16  42      1201.0   ms
success		1       62      2       38      2       0       13666.64  41      1201.0   ms
success		1       63      3       27      3       0       13446.30  40      1201.0   ms
success		1       64      2       17      2       0       12680.75  39      1201.0   ms
success		1       65      2       23      2       0       12014.07  38      1201.0   ms
success		1       66      1       28      1       0       11712.96  37      1201.0   ms
success		1       67      2       16      2       0       11770.52  36      1201.0   ms
success		1       68      3       33      3       0       11370.66  35      1201.0   ms
success		1       69      3       0       3       0       11196.78  34      1201.0   ms
success		1       70      4       31      4       0       10748.19  33      1201.0   ms
success		1       71      3       15      3       0       10025.93  32      1201.0   ms
success		1       72      4       18      4       0       9883.70   31      1201.0   ms
success		1       73      3       27      3       0       9696.21   30      1201.0   ms
success		1       74      3       25      3       0       8830.28   29      1201.0   ms
success		1       75      4       28      3       0       9770.75   28      1201.0   ms
success		1       76      4       24      4       0       9130.31   27      1201.0   ms
success		1       77      5       15      3       0       9928.47   26      1201.0   ms
success		1       78      5       1       4       0       8962.87   25      1201.0   ms
success		1       79      15      3       5       0       8620.65   24      1217.0   ms
success		1       80      22      6       5       0       7641.67   23      1232.0   ms
success		1       81      38      17      5       0       7492.20   22      1264.0   ms
success		1       82      61      9       4       0       6999.31   21      1310.0   ms
success		1       83      161     10      4       0       6017.61   20      1482.0   ms
success		1       0       1       42      1       0       41102.63  103     2200.0   ms
success		1       1       1       78      1       0       40805.70  102     2200.0   ms
success		1       2       1       82      1       0       40505.70  101     2200.0   ms
success		1       3       1       55      1       0       40389.66  100     2200.0   ms
success		1       4       1       73      1       0       39919.61  99      2200.0   ms
success		1       5       1       16      1       0       39729.81  98      2200.0   ms
success		1       6       2       84      2       0       39496.74  97      2200.0   ms
success		1       7       1       58      1       0       39108.36  96      2200.0   ms
success		1       8       1       95      1       0       38901.44  95      2200.0   ms
success		1       9       1       25      1       0       38339.43  94      2200.0   ms
success		1       10      1       64      1       0       37704.80  93      2200.0   ms
success		1       11      1       84      1       0       37141.37  92      2200.0   ms
success		1       12      1       78      1       0       36677.15  91      2200.0   ms
success		1       13      1       21      1       0       36429.44  90      2200.0   ms
success		1       14      1       40      1       0       35974.63  89      2200.0   ms
success		1       15      2       39      2       0       35577.14  88      2200.0   ms
success		1       16      1       43      1       0       34765.47  87      2200.0   ms
success		1       17      1       73      1       0       34274.76  86      2200.0   ms
success		1       18      1       67      1       0       33845.71  85      2200.0   ms
success		1       19      2       51      2       0       33324.95  84      2200.0   ms
success		1       20      1       43      1       0       32870.45  83      2200.0   ms
success		1       21      1       63      1       0       32158.39  82      2200.0   ms
success		1       22      1       39      1       0       32006.01  81      2200.0   ms
success		1       23      1       38      1       0       31534.11  80      2200.0   ms
success		1       24      1       29      1       0       31063.64  79      2200.0   ms
success		1       25      1       26      1       0       30363.44  78      2200.0   ms
success		1       26      2       22      2       0       30259.96  77      2200.0   ms
success		1       27      1       35      1       0       29839.25  76      2200.0   ms
success		1       28      1       29      1       0       29235.53  75      2200.0   ms
success		1       29      1       68      1       0       29094.56  74      2200.0   ms
success		1       30      2       2       2       0       28710.18  73      2200.0   ms
success		1       31      1       41      1       0       28372.12  72      2200.0   ms
success		1       32      1       21      1       0       28181.43  71      2200.0   ms
success		1       33      1       42      1       0       27829.76  70      2200.0   ms
success		1       34      1       41      1       0       27566.67  69      2200.0   ms
success		1       35      1       1       1       0       26933.77  68      2200.0   ms
success		1       36      2       47      2       0       26224.62  67      2200.0   ms
success		1       37      1       39      1       0       25893.92  66      2200.0   ms
success		1       38      3       37      3       0       25486.68  65      2200.0   ms
success		1       39      1       10      1       0       25283.74  64      2200.0   ms
success		1       40      2       59      2       0       24374.94  63      2200.0   ms
success		1       41      2       49      2       0       23608.45  62      2200.0   ms
success		1       42      2       31      2       0       23077.27  61      2200.0   ms
success		1       43      2       26      2       0       22596.34  60      2200.0   ms
success		1       44      2       1       2       0       22460.36  59      2200.0   ms
success		1       45      1       57      1       0       21718.66  58      2200.0   ms
success		1       46      3       14      3       0       21240.76  57      2200.0   ms
success		1       47      3       9       3       0       20734.80  56      2200.0   ms
success		1       48      2       0       2       0       20190.07  55      2200.0   ms
success		1       49      2       35      2       0       19854.75  54      2200.0   ms
success		1       50      2       4       2       0       19733.93  53      2200.0   ms
success		1       51      2       33      2       0       19243.91  52      2200.0   ms
success		1       52      3       24      3       0       18274.41  51      2200.0   ms
success		1       53      2       41      2       0       17910.86  50      2200.0   ms
success		1       54      2       14      2       0       17730.49  49      2200.0   ms
success		1       55      1       18      1       0       17205.48  48      2200.0   ms
success		1       56      2       1       2       0       16799.09  47      2215.0   ms
success		1       57      2       42      2       0       16476.14  46      2215.0   ms
success		1       58      1       26      1       0       16100.36  45      2215.0   ms
success		1       59      1       32      1       0       15616.53  44      2215.0   ms
success		1       60      3       8       3       0       15452.72  43      2215.0   ms
success		1       61      4       34      4       0       15362.65  42      2215.0   ms
success		1       62      2       9       2       0       15280.19  41      2215.0   ms
success		1       63      3       26      3       0       14731.29  40      2215.0   ms
success		1       64      3       10      3       0       14873.55  39      2215.0   ms
success		1       65      1       25      1       0       14225.40  38      2215.0   ms
success		1       66      3       30      3       0       13780.91  37      2215.0   ms
success		1       67      3       10      3       0       12814.05  36      2215.0   ms
success		1       68      4       23      4       0       12498.20  35      2215.0   ms
success		1       69      4       25      4       0       11935.96  34      2215.0   ms
success		1       70      4       14      4       0       11617.15  33      2215.0   ms
success		1       71      3       15      3       0       11162.04  32      2215.0   ms
success		1       72      4       8       4       0       10759.55  31      2215.0   ms
success		1       73      4       11      4       0       10520.71  30      2215.0   ms
success		1       74      3       3       3       0       10043.84  29      2215.0   ms
success		1       75      3       18      3       0       9663.66   28      2215.0   ms
success		1       76      6       24      3       0       9974.73   27      2215.0   ms
success		1       77      6       16      4       0       10107.60  26      2215.0   ms
success		1       78      5       12      4       0       9050.09   25      2215.0   ms
success		1       79      11      12      5       0       9393.39   24      2215.0   ms
success		1       80      9       13      5       0       7876.07   23      2231.0   ms
success		1       81      7       15      4       0       7489.76   22      2231.0   ms
success		1       82      87      16      4       0       6703.23   21      2309.0   ms
success		1       83      177     16      5       0       5997.58   20      2512.0   ms
success		1       0       1       22      1       0       40818.97  103     3245.0   ms
success		1       1       1       50      1       0       40172.62  102     3245.0   ms
success		1       2       1       18      1       0       39554.39  101     3245.0   ms
success		1       3       1       6       1       0       39034.95  100     3245.0   ms
success		1       4       1       56      1       0       38591.90  99      3245.0   ms
success		1       5       1       38      1       0       38245.51  98      3245.0   ms
success		1       6       1       15      1       0       38158.49  97      3245.0   ms
success		1       7       1       54      1       0       37578.55  96      3245.0   ms
success		1       8       1       91      1       0       36898.89  95      3245.0   ms
success		1       9       1       60      1       0       36376.67  94      3245.0   ms
success		1       10      1       7       1       0       36277.23  93      3245.0   ms
success		1       11      2       1       2       0       35762.38  92      3245.0   ms
success		1       12      1       4       1       0       34953.70  91      3245.0   ms
success		1       13      1       4       1       0       34167.43  90      3245.0   ms
success		1       14      1       65      1       0       33626.13  89      3245.0   ms
success		1       15      1       53      1       0       32970.51  88      3245.0   ms
success		1       16      1       10      1       0       32543.16  87      3245.0   ms
success		1       17      1       29      1       0       32228.83  86      3245.0   ms
success		1       18      1       11      1       0       31467.02  85      3245.0   ms
success		1       19      1       56      1       0       31207.33  84      3245.0   ms
success		1       20      2       70      2       0       30647.14  83      3245.0   ms
success		1       21      2       18      2       0       30018.83  82      3245.0   ms
success		1       22      1       9       1       0       29644.02  81      3245.0   ms
success		1       23      1       35      1       0       29003.51  80      3245.0   ms
success		1       24      1       3       1       0       28655.07  79      3245.0   ms
success		1       25      1       7       1       0       28355.87  78      3245.0   ms
success		1       26      1       19      1       0       28015.43  77      3245.0   ms
success		1       27      1       24      1       0       27545.85  76      3245.0   ms
success		1       28      1       59      1       0       26960.66  75      3245.0   ms
success		1       29      1       46      1       0       26736.90  74      3245.0   ms
success		1       30      1       8       1       0       26076.65  73      3245.0   ms
success		1       31      3       4       3       0       25226.82  72      3245.0   ms
success		1       32      1       71      1       0       24904.87  71      3245.0   ms
success		1       33      2       5       2       0       24547.47  70      3245.0   ms
success		1       34      1       55      1       0       24251.47  69      3245.0   ms
success		1       35      3       15      3       0       23886.23  68      3245.0   ms
success		1       36      2       21      2       0       23481.93  67      3245.0   ms
success		1       37      2       52      2       0       23198.16  66      3245.0   ms
success		1       38      2       42      2       0       22974.48  65      3245.0   ms
success		1       39      2       45      2       0       22311.97  64      3245.0   ms
success		1       40      2       57      2       0       21978.85  63      3245.0   ms
success		1       41      3       16      3       0       21441.77  62      3245.0   ms
success		1       42      2       16      2       0       21051.14  61      3245.0   ms
success		1       43      2       17      2       0       20837.21  60      3245.0   ms
success		1       44      2       54      2       0       20441.73  59      3245.0   ms
success		1       45      4       8       4       0       20213.44  58      3245.0   ms
success		1       46      1       37      1       0       19605.11  57      3245.0   ms
success		1       47      1       48      1       0       19075.74  56      3245.0   ms
success		1       48      1       24      1       0       18629.25  55      3245.0   ms
success		1       49      1       13      1       0       18436.00  54      3245.0   ms
success		1       50      2       41      2       0       17648.71  53      3245.0   ms
success		1       51      3       47      3       0       17532.69  52      3260.0   ms
success		1       52      2       49      2       0       17227.72  51      3260.0   ms
success		1       53      2       38      2       0       16461.89  50      3260.0   ms
success		1       54      1       9       1       0       15898.17  49      3260.0   ms
success		1       55      1       23      1       0       15562.04  48      3260.0   ms
success		1       56      2       8       2       0       15522.14  47      3260.0   ms
success		1       57      2       12      2       0       15370.22  46      3260.0   ms
success		1       58      2       11      2       0       15044.83  45      3260.0   ms
success		1       59      3       27      3       0       14532.13  44      3260.0   ms
success		1       60      2       32      2       0       14378.46  43      3260.0   ms
success		1       61      3       25      3       0       13910.03  42      3260.0   ms
success		1       62      3       6       3       0       13328.19  41      3260.0   ms
success		1       63      3       39      3       0       12470.40  40      3260.0   ms
success		1       64      2       11      2       0       12049.07  39      3260.0   ms
success		1       65      3       2       3       0       11823.02  38      3260.0   ms
success		1       66      2       23      2       0       11292.63  37      3260.0   ms
success		1       67      3       7       3       0       10962.33  36      3260.0   ms
success		1       68      2       13      2       0       10724.44  35      3260.0   ms
success		1       69      3       16      3       0       10610.84  34      3260.0   ms
success		1       70      3       31      3       0       10223.37  33      3260.0   ms
success		1       71      3       22      3       0       10000.47  32      3260.0   ms
success		1       72      3       25      3       0       9970.46   31      3260.0   ms
success		1       73      3       3       3       0       9554.91   30      3260.0   ms
success		1       74      3       25      2       0       11105.00  29      3260.0   ms
success		1       75      3       2       3       0       10472.55  28      3260.0   ms
success		1       76      3       16      3       0       9174.82   27      3260.0   ms
success		1       77      7       25      5       0       9574.68   26      3260.0   ms
success		1       78      10      19      4       0       9246.07   25      3260.0   ms
success		1       79      16      11      4       0       8712.96   24      3276.0   ms
success		1       80      27      5       5       0       8383.04   23      3292.0   ms
success		1       81      55      13      5       0       6987.24   22      3338.0   ms
success		1       82      63      0       4       0       6720.10   21      3401.0   ms
success		1       83      135     4       5       0       6377.33   20      3541.0   ms
success		1       0       1       86      1       0       40791.66  103     4243.0   ms
success		1       1       1       37      1       0       40688.69  102     4243.0   ms
success		1       2       1       79      1       0       40354.81  101     4243.0   ms
success		1       3       1       75      1       0       40064.87  100     4243.0   ms
success		1       4       1       55      1       0       39764.64  99      4243.0   ms
success		1       5       1       23      1       0       39672.67  98      4243.0   ms
success		1       6       1       55      1       0       39033.49  97      4243.0   ms
success		1       7       1       51      1       0       38666.97  96      4243.0   ms
success		1       8       1       35      1       0       38257.93  95      4243.0   ms
success		1       9       1       60      1       0       37788.27  94      4243.0   ms
success		1       10      1       62      1       0       37378.90  93      4243.0   ms
success		1       11      1       89      1       0       37024.70  92      4243.0   ms
success		1       12      2       91      2       0       36736.91  91      4243.0   ms
success		1       13      1       11      1       0       35995.33  90      4243.0   ms
success		1       14      1       41      1       0       35839.67  89      4243.0   ms
success		1       15      1       69      1       0       35411.86  88      4243.0   ms
success		1       16      1       20      1       0       35053.87  87      4243.0   ms
success		1       17      1       15      1       0       34928.83  86      4243.0   ms
success		1       18      1       38      1       0       34392.00  85      4243.0   ms
success		1       19      1       7       1       0       33771.28  84      4243.0   ms
success		1       20      2       55      2       0       33159.97  83      4243.0   ms
success		1       21      1       63      1       0       32717.15  82      4243.0   ms
success		1       22      1       77      1       0       32199.80  81      4243.0   ms
success		1       23      1       10      1       0       31814.16  80      4243.0   ms
success		1       24      1       44      1       0       31136.44  79      4259.0   ms
success		1       25      2       22      2       0       31117.50  78      4259.0   ms
success		1       26      1       54      1       0       30590.87  77      4259.0   ms
success		1       27      2       16      2       0       30136.83  76      4259.0   ms
success		1       28      2       36      2       0       29596.22  75      4259.0   ms
success		1       29      1       43      1       0       28994.57  74      4259.0   ms
success		1       30      1       1       1       0       28110.74  73      4259.0   ms
success		1       31      2       55      2       0       27675.52  72      4259.0   ms
success		1       32      1       29      1       0       27209.35  71      4259.0   ms
success		1       33      2       13      2       0       26816.27  70      4259.0   ms
success		1       34      1       15      1       0       26070.78  69      4259.0   ms
success		1       35      1       23      1       0       25366.19  68      4259.0   ms
success		1       36      2       40      2       0       24935.98  67      4259.0   ms
success		1       37      1       14      1       0       24535.10  66      4259.0   ms
success		1       38      1       55      1       0       24296.78  65      4259.0   ms
success		1       39      2       22      2       0       23961.64  64      4259.0   ms
success		1       40      2       45      2       0       23374.61  63      4259.0   ms
success		1       41      2       27      2       0       23437.14  62      4259.0   ms
success		1       42      2       38      2       0       23103.14  61      4259.0   ms
success		1       43      2       19      2       0       22753.16  60      4259.0   ms
success		1       44      1       44      1       0       22235.89  59      4259.0   ms
success		1       45      3       29      3       0       21488.51  58      4259.0   ms
success		1       46      2       3       2       0       20764.19  57      4259.0   ms
success		1       47      1       29      1       0       19990.56  56      4259.0   ms
success		1       48      2       9       2       0       19932.01  55      4259.0   ms
success		1       49      3       41      3       0       19764.25  54      4259.0   ms
success		1       50      1       48      1       0       19134.46  53      4259.0   ms
success		1       51      2       30      2       0       19032.48  52      4259.0   ms
success		1       52      1       36      1       0       18002.38  51      4259.0   ms
success		1       53      2       29      2       0       18182.55  50      4259.0   ms
success		1       54      3       31      3       0       17466.40  49      4259.0   ms
success		1       55      1       47      1       0       17092.38  48      4259.0   ms
success		1       56      2       33      2       0       16457.37  47      4259.0   ms
success		1       57      2       6       2       0       16291.62  46      4259.0   ms
success		1       58      4       18      4       0       15960.08  45      4259.0   ms
success		1       59      3       35      3       0       15473.80  44      4259.0   ms
success		1       60      4       6       4       0       15076.46  43      4259.0   ms
success		1       61      3       41      3       0       14721.79  42      4259.0   ms
success		1       62      3       29      3       0       13990.78  41      4259.0   ms
success		1       63      2       34      2       0       13564.77  40      4259.0   ms
success		1       64      2       32      2       0       12724.95  39      4259.0   ms
success		1       65      3       4       3       0       12766.91  38      4259.0   ms
success		1       66      4       10      4       0       12115.97  37      4259.0   ms
success		1       67      3       28      3       0       11655.37  36      4259.0   ms
success		1       68      3       20      3       0       11607.94  35      4259.0   ms
success		1       69      3       23      3       0       11519.21  34      4259.0   ms
success		1       70      3       33      3       0       11059.84  33      4259.0   ms
success		1       71      4       24      4       0       10679.07  32      4259.0   ms
success		1       72      3       7       3       0       9763.82   31      4259.0   ms
success		1       73      2       5       2       0       9915.50   30      4259.0   ms
success		1       74      5       25      3       0       12006.46  29      4259.0   ms
success		1       75      3       24      3       0       11243.50  28      4259.0   ms
success		1       76      4       8       3       0       10516.01  27      4259.0   ms
success		1       77      4       7       4       0       9899.67   26      4259.0   ms
success		1       78      5       17      4       0       9469.63   25      4259.0   ms
success		1       79      13      0       5       0       8167.15   24      4274.0   ms
success		1       80      16      6       3       0       8176.52   23      4290.0   ms
success		1       81      27      9       5       0       7670.58   22      4306.0   ms
success		1       82      95      6       5       0       6574.72   21      4399.0   ms
success		1       83      149     10      5       0       5904.76   20      4555.0   ms
success		1       0       1       40      1       0       40912.32  103     5242.0   ms
success		1       1       1       95      1       0       40686.67  102     5242.0   ms
success		1       2       1       5       1       0       40278.65  101     5242.0   ms
success		1       3       1       76      1       0       39626.47  100     5242.0   ms
success		1       4       1       27      1       0       39055.53  99      5242.0   ms
success		1       5       1       88      1       0       38801.56  98      5242.0   ms
success		1       6       1       7       1       0       38459.23  97      5242.0   ms
success		1       7       1       71      1       0       37994.21  96      5242.0   ms
success		1       8       1       61      1       0       37662.19  95      5242.0   ms
success		1       9       1       38      1       0       37282.87  94      5242.0   ms
success		1       10      1       61      1       0       37133.48  93      5242.0   ms
success		1       11      1       35      1       0       36441.66  92      5242.0   ms
success		1       12      1       34      1       0       36053.94  91      5242.0   ms
success		1       13      1       65      1       0       35524.40  90      5242.0   ms
success		1       14      1       68      1       0       35506.75  89      5242.0   ms
success		1       15      1       54      1       0       34914.32  88      5242.0   ms
success		1       16      1       29      1       0       34462.16  87      5242.0   ms
success		1       17      1       38      1       0       34154.17  86      5242.0   ms
success		1       18      1       42      1       0       33558.50  85      5242.0   ms
success		1       19      1       61      1       0       33018.07  84      5242.0   ms
success		1       20      1       74      1       0       32884.76  83      5242.0   ms
success		1       21      1       82      1       0       32629.92  82      5242.0   ms
success		1       22      1       38      1       0       32308.76  81      5242.0   ms
success		1       23      2       21      2       0       31893.20  80      5242.0   ms
success		1       24      2       71      2       0       31358.88  79      5242.0   ms
success		1       25      1       49      1       0       31112.17  78      5242.0   ms
success		1       26      1       34      1       0       30892.66  77      5242.0   ms
success		1       27      1       5       1       0       30271.99  76      5242.0   ms
success		1       28      1       11      1       0       29583.41  75      5242.0   ms
success		1       29      2       62      2       0       28895.89  74      5242.0   ms
success		1       30      1       60      1       0       28448.43  73      5242.0   ms
success		1       31      1       44      1       0       28189.73  72      5242.0   ms
success		1       32      1       57      1       0       27522.65  71      5242.0   ms
success		1       33      1       70      1       0       26936.66  70      5242.0   ms
success		1       34      2       58      2       0       26458.35  69      5242.0   ms
success		1       35      2       27      2       0       25700.68  68      5242.0   ms
success		1       36      2       15      2       0       25388.42  67      5242.0   ms
success		1       37      1       11      1       0       24971.61  66      5242.0   ms
success		1       38      1       35      1       0       24758.90  65      5242.0   ms
success		1       39      1       53      1       0       24235.92  64      5242.0   ms
success		1       40      2       7       2       0       23887.38  63      5257.0   ms
success		1       41      3       44      3       0       23475.64  62      5257.0   ms
success		1       42      1       43      1       0       23163.02  61      5257.0   ms
success		1       43      1       19      1       0       22843.89  60      5257.0   ms
success		1       44      1       55      1       0       22462.63  59      5257.0   ms
success		1       45      1       37      1       0       22002.11  58      5257.0   ms
success		1       46      2       1       2       0       21352.33  57      5257.0   ms
success		1       47      1       46      1       0       20718.81  56      5257.0   ms
success		1       48      3       51      3       0       19839.62  55      5257.0   ms
success		1       49      3       39      3       0       19821.59  54      5257.0   ms
success		1       50      1       25      1       0       19487.01  53      5257.0   ms
success		1       51      2       1       2       0       18875.75  52      5257.0   ms
success		1       52      3       30      3       0       17961.69  51      5257.0   ms
success		1       53      2       0       2       0       17219.68  50      5257.0   ms
success		1       54      1       31      1       0       16759.44  49      5257.0   ms
success		1       55      2       13      2       0       16314.33  48      5257.0   ms
success		1       56      3       16      3       0       16261.85  47      5257.0   ms
success		1       57      1       41      1       0       16155.66  46      5257.0   ms
success		1       58      3       13      3       0       15496.91  45      5257.0   ms
success		1       59      3       12      3       0       15039.89  44      5257.0   ms
success		1       60      2       21      2       0       14527.18  43      5257.0   ms
success		1       61      2       32      2       0       14219.74  42      5257.0   ms
success		1       62      2       29      2       0       14136.06  41      5257.0   ms
success		1       63      2       33      2       0       13667.25  40      5257.0   ms
success		1       64      3       10      3       0       13401.11  39      5257.0   ms
success		1       65      3       21      3       0       13322.13  38      5257.0   ms
success		1       66      3       29      3       0       12711.20  37      5257.0   ms
success		1       67      2       23      2       0       12611.02  36      5257.0   ms
success		1       68      4       21      4       0       12510.86  35      5257.0   ms
success		1       69      2       32      2       0       12057.95  34      5257.0   ms
success		1       70      3       7       3       0       11295.05  33      5257.0   ms
success		1       71      3       1       3       0       10764.78  32      5257.0   ms
success		1       72      3       27      3       0       9999.01   31      5257.0   ms
success		1       73      2       4       2       0       9416.72   30      5257.0   ms
success		1       74      6       9       4       0       10652.92  28      5257.0   ms
success		1       75      4       13      3       0       9624.28   27      5257.0   ms
success		1       76      9       0       4       0       9619.54   26      5257.0   ms
success		1       77      6       9       4       0       8630.59   25      5257.0   ms
success		1       78      20      12      4       0       7632.75   24      5273.0   ms
success		1       79      10      14      5       0       8195.50   23      5288.0   ms
success		1       80      29      7       6       0       7318.59   22      5304.0   ms
success		1       81      79      19      4       0       6319.66   21      5366.0   ms
success		1       82      208     2       5       0       6459.33   20      5600.0   ms
cross iterater0
bad   	success		5935.02   5947.63   20      6334.0   ms cross
rand   	bad   	success		6373.95   6650.07   21      7067.0   ms cross
rand   	success		6084.90   5818.22   20      7207.0   ms cross
bad   	rand   	bad   	rand   	success		5750.05   5091.65   19      9890.0   ms cross
ab
ab7	0
fail		6254.58   6285.40   20      10623.0  ms
cross iterater1
bad   	rand   	bad   	success		6072.71   6176.91   20      12293.0  ms cross
rand   	ab
ab6	3
fail		5880.89   5920.05   20      13837.0  ms
cross iterater2
ab
ab6	1
fail		5977.16   6003.54   20      14586.0  ms
success		5766.68   5670.84   19      15069.0  ms
success		5482.61   5598.77   19      15756.0  ms
fail		5880.89   5920.05   20      16505.0  ms
cross iterater3
ab
ab6	1
cross iterater4
bad   	success		6685.57   6477.96   20      16801.0  ms cross
rand   	success		5610.85   5337.08   19      17144.0  ms cross
bad   	rand   	ab
ab6	2
cross iterater5
bad   	rand   	success		5438.58   5057.61   19      20030.0  ms cross
bad   	success		6342.09   5966.22   20      20108.0  ms cross
rand   	success		5167.29   4817.65   19      20685.0  ms cross
ab
ab6	1
fail		5610.85   5648.88   19      21419.0  ms
fail		5438.58   5557.28   19      22183.0  ms
cross iterater6
bad   	success		5517.77   5397.86   19      22589.0  ms cross
rand   	bad   	success		5171.76   5287.89   19      23384.0  ms cross
rand   	ab
ab6	3
ab7	5
fail		5517.77   5593.19   19      24944.0  ms
cross iterater7
ab
ab6	5
cross iterater8
bad   	success		5523.87   5525.05   19      24944.0  ms cross
rand   	bad   	success		5745.55   5714.66   19      25724.0  ms cross
rand   	ab
ab6	5
fail		5751.15   5789.18   19      27237.0  ms
fail		5806.51   5844.53   19      28002.0  ms
fail		5760.79   5798.82   19      28875.0  ms
cross iterater9
bad   	success		5501.48   5516.86   19      29484.0  ms cross
rand   	bad   	success		5393.13   5246.63   19      30544.0  ms cross
rand   	ab
ab7	5
ab6	3
cross iterater10
bad   	rand   	bad   	rand   	ab
ab7	3
fail		5593.26   5631.28   19      35396.0  ms
fail		5393.13   5427.65   19      36176.0  ms
cross iterater11
bad   	rand   	bad   	rand   	success		5293.45   5086.82   19      38906.0  ms cross
ab
ab7	2
ab6	1
fail		5561.66   5617.95   19      39764.0  ms
cross iterater12
ab
ab6	3
cross iterater13
bad   	rand   	bad   	success		5592.84   5442.35   19      41729.0  ms cross
rand   	ab
ab6	1
ab7	3
fail		5600.75   5668.05   19      43352.0  ms
cross iterater14
ab
ab6	2
fail		5682.73   5739.03   19      44163.0  ms
cross iterater15
bad   	success		5453.96   5480.96   19      44163.0  ms cross
rand   	bad   	success		5151.16   5070.42   19      45005.0  ms cross
rand   	ab
ab6	1
cross iterater16
bad   	rand   	bad   	rand   	ab
ab6	2
fail		5151.16   5190.51   19      49763.0  ms
cross iterater17
bad   	rand   	bad   	rand   	ab
ab6	0
fail		5489.76   5546.05   19      53585.0  ms
fail		5630.95   5771.92   19      54131.0  ms
fail		5453.96   5503.39   19      54943.0  ms
cross iterater18
bad   	success		5797.33   5416.79   19      55551.0  ms cross
rand   	bad   	rand   	ab
ab6	3
fail		5580.81   5721.78   19      58671.0  ms
fail		5453.96   5503.39   19      59544.0  ms
cross iterater19
ab
ab6	1
fail		5527.40   5583.70   19      60371.0  ms
cross iterater20
bad   	rand   	bad   	rand   	ab
ab6	1
fail		5561.02   5645.89   19      64380.0  ms
cross iterater21
bad   	success		5423.70   5482.60   19      64739.0  ms cross
rand   	bad   	rand   	success		5561.07   5175.67   19      66986.0  ms cross
ab
ab7	4
cross iterater22
ab
ab6	4
cross iterater23
bad   	rand   	bad   	rand   	ab
ab6	3
fail		5475.81   5518.23   19      71088.0  ms
cross iterater24
bad   	success		5547.31   5384.42   19      71432.0  ms cross
rand   	bad   	rand   	ab
ab6	1
ab7	4
fail		5453.96   5503.39   19      74458.0  ms
cross iterater25
bad   	rand   	bad   	success		6009.07   5793.32   19      76439.0  ms cross
rand   	ab
ab6	1
ab7	4
fail		5723.09   5765.51   19      78015.0  ms
cross iterater26
bad   	rand   	bad   	success		5274.14   5218.23   19      79949.0  ms cross
rand   	ab
ab6	3
ab7	4
fail		5770.06   5812.48   19      81509.0  ms
cross iterater27
bad   	success		5467.23   5405.93   19      82180.0  ms cross
rand   	bad   	rand   	ab
ab6	3
ab7	4
fail		5739.39   5781.81   19      85191.0  ms
fail		5453.96   5503.39   19      85986.0  ms
cross iterater28
bad   	rand   	bad   	success		5966.12   5580.30   19      87983.0  ms cross
rand   	ab
ab6	2
ab7	0
fail		5612.78   5655.21   19      89387.0  ms
fail		5453.96   5503.39   19      89855.0  ms
cross iterater29
bad   	rand   	bad   	success		5250.62   4883.20   19      91852.0  ms cross
rand   	ab
ab7	3
ab6	0
fail		5628.02   5670.45   19      93490.0  ms
cross iterater30
bad   	rand   	bad   	success		5704.94   5644.80   19      95128.0  ms cross
rand   	ab
ab7	3
ab6	2
fail		5588.99   5631.41   19      96656.0  ms
cross iterater31
bad   	rand   	bad   	success		5612.78   5653.69   19      98201.0  ms cross
rand   	ab
ab7	2
fail		5586.88   5629.30   19      99823.0  ms
cross iterater32
ab
ab7	0
fail		5528.16   5562.86   19      100666.0 ms
cross iterater33
bad   	rand   	bad   	rand   	ab
ab7	4
fail		5531.25   5565.96   19      104643.0 ms
fail		5533.54   5568.24   19      105423.0 ms
fail		5250.62   5435.97   19      106250.0 ms
cross iterater34
bad   	rand   	bad   	rand   	ab
ab7	1
ab6	2
fail		5531.25   5565.96   19      109214.0 ms
cross iterater35
bad   	success		5481.11   5379.15   19      109557.0 ms cross
rand   	bad   	success		5857.15   5367.03   19      110415.0 ms cross
rand   	ab
ab7	4
ab6	5
fail		5531.25   5565.96   19      111960.0 ms
fail		5481.11   5497.74   19      112927.0 ms
cross iterater36
bad   	success		5309.98   5257.27   19      113114.0 ms cross
rand   	bad   	rand   	success		5701.63   5594.20   19      115173.0 ms cross
ab
ab7	0
fail		5562.82   5597.52   19      115907.0 ms
cross iterater37
bad   	rand   	bad   	rand   	ab
ab6	1
ab7	0
fail		5565.75   5600.45   19      119900.0 ms
fail		5565.75   5600.45   19      120649.0 ms
cross iterater38
bad   	rand   	bad   	success		5267.60   4928.23   19      121803.0 ms cross
rand   	ab
ab6	3
cross iterater39
ab
fail		5533.23   5567.93   19      123004.0 ms
fail		5515.10   5549.80   19      123800.0 ms
cross iterater40
bad   	rand   	bad   	success		5515.10   5498.51   19      125329.0 ms cross
rand   	ab
ab6	3
fail		5664.23   5698.93   19      126764.0 ms
fail		5531.25   5565.96   19      127216.0 ms
cross iterater41
bad   	success		5371.30   4791.70   19      127232.0 ms cross
rand   	bad   	success		5567.16   5418.23   19      128043.0 ms cross
rand   	ab
ab6	1
cross iterater42
bad   	rand   	bad   	success		5533.23   5516.64   19      130414.0 ms cross
rand   	ab
ab6	2
fail		5432.75   5467.45   19      132115.0 ms
fail		5515.10   5549.80   19      132895.0 ms
cross iterater43
ab
ab7	3
fail		5515.10   5549.80   19      133675.0 ms
fail		5371.30   5441.25   19      134439.0 ms
cross iterater44
bad   	rand   	bad   	rand   	ab
ab7	0
fail		5432.75   5467.45   19      138339.0 ms
fail		5515.10   5549.80   19      139166.0 ms
cross iterater45
ab
ab6	4
ab7	2
fail		5601.01   5635.72   19      139993.0 ms
fail		5473.75   5517.31   19      140757.0 ms
cross iterater46
bad   	rand   	bad   	rand   	ab
ab7	0
fail		5576.99   5604.96   19      144875.0 ms
cross iterater47
ab
ab7	0
fail		5432.75   5467.45   19      145655.0 ms
cross iterater48
bad   	success		5559.47   5544.90   19      145655.0 ms cross
rand   	bad   	success		5566.58   5541.91   19      146513.0 ms cross
rand   	ab
ab6	0
ab7	4
cross iterater49
bad   	success		5405.13   5421.99   19      147325.0 ms cross
rand   	bad   	success		5377.99   5328.36   19      148105.0 ms cross
rand   	ab
fail		5432.75   5467.45   19      149680.0 ms
fail		5371.30   5441.25   19      150491.0 ms
cross iterater50
bad   	success		5414.69   5441.50   19      150491.0 ms cross
rand   	bad   	rand   	success		5506.01   5283.45   19      152613.0 ms cross
ab
cross iterater51
bad   	rand   	success		5894.45   5852.52   19      153830.0 ms cross
bad   	rand   	success		5709.36   5554.57   19      155327.0 ms cross
ab
ab6	2
ab7	0
fail		5506.01   5524.82   19      156123.0 ms
fail		5371.30   5441.25   19      156887.0 ms
cross iterater52
bad   	success		5410.30   4949.01   19      157230.0 ms cross
rand   	bad   	success		6086.28   5882.81   19      158712.0 ms cross
rand   	ab
ab6	2
ab7	5
cross iterater53
bad   	success		5398.14   5354.15   19      159508.0 ms cross
rand   	bad   	success		5399.80   5393.68   19      160257.0 ms cross
rand   	ab
ab6	3
cross iterater54
bad   	success		5457.51   5465.26   19      161021.0 ms cross
rand   	bad   	success		5486.51   5537.76   19      161770.0 ms cross
rand   	ab
ab6	5
ab7	1
fail		5432.91   5460.88   19      163314.0 ms
fail		5448.38   5476.35   19      163782.0 ms
cross iterater55
bad   	success		5448.38   5420.97   19      163782.0 ms cross
rand   	bad   	success		5432.91   5420.97   19      164266.0 ms cross
rand   	ab
ab6	5
ab7	3
fail		5540.73   5568.70   19      165545.0 ms
cross iterater56
bad   	success		5483.44   5409.13   19      165545.0 ms cross
rand   	bad   	success		5367.15   5391.51   19      166372.0 ms cross
rand   	ab
ab7	0
fail		5399.80   5427.77   19      167947.0 ms
cross iterater57
bad   	success		5384.10   5348.50   19      167947.0 ms cross
rand   	bad   	rand   	ab
ab6	1
ab7	3
fail		5460.96   5488.93   19      171021.0 ms
cross iterater58
bad   	success		5484.99   5475.40   19      171021.0 ms cross
rand   	bad   	rand   	ab
ab7	1
ab6	0
fail		5384.10   5412.07   19      174265.0 ms
cross iterater59
bad   	success		5518.61   5467.15   19      175045.0 ms cross
rand   	bad   	success		5464.42   5463.63   19      175888.0 ms cross
rand   	ab
ab7	1
ab6	4
fail		5539.57   5567.54   19      177417.0 ms
cross iterater60
bad   	success		5450.61   5367.89   19      177417.0 ms cross
rand   	bad   	success		5463.02   5451.30   19      178212.0 ms cross
rand   	ab
ab7	3
fail		5399.80   5427.77   19      179835.0 ms
cross iterater61
bad   	rand   	bad   	success		5349.07   5370.28   19      181394.0 ms cross
rand   	ab
ab7	0
fail		5415.68   5442.07   19      183048.0 ms
fail		5415.29   5443.26   19      183875.0 ms
cross iterater62
bad   	success		5516.08   5382.39   19      184312.0 ms cross
rand   	bad   	success		5438.74   5436.33   19      185185.0 ms cross
rand   	ab
ab7	4
ab6	2
fail		5415.29   5443.26   19      186667.0 ms
fail		5384.10   5412.07   19      187432.0 ms
cross iterater63
bad   	rand   	success		5518.81   5401.89   19      188742.0 ms cross
bad   	success		5567.24   5388.57   19      189272.0 ms cross
rand   	ab
ab6	1
fail		5562.41   5590.38   19      190926.0 ms
fail		5518.81   5561.66   19      191690.0 ms
fail		5415.68   5442.07   19      192548.0 ms
fail		5384.10   5412.07   19      193360.0 ms
cross iterater64
ab
ab6	1
fail		5518.81   5561.66   19      194140.0 ms
cross iterater65
bad   	rand   	bad   	success		5520.07   5488.32   19      195731.0 ms cross
rand   	ab
ab6	0
ab7	3
cross iterater66
bad   	success		5364.43   5362.06   19      196480.0 ms cross
rand   	bad   	rand   	success		5487.54   5164.97   19      197805.0 ms cross
ab
ab6	1
cross iterater67
bad   	rand   	bad   	success		5456.42   5454.05   19      198741.0 ms cross
rand   	ab
ab6	3
fail		5364.43   5390.82   19      199787.0 ms
cross iterater68
ab
ab6	3
fail		5362.02   5388.41   19      200286.0 ms
fail		5320.77   5347.15   19      200754.0 ms
fail		5364.43   5390.82   19      201206.0 ms
cross iterater69
bad   	success		5433.77   5432.98   19      201206.0 ms cross
rand   	bad   	success		5214.46   5200.80   19      201721.0 ms cross
rand   	ab
ab6	4
ab7	2
cross iterater70
bad   	success		5410.89   5122.66   19      202205.0 ms cross
rand   	bad   	success		5347.11   5317.77   19      202704.0 ms cross
rand   	ab
ab6	1
fail		5487.54   5518.18   19      203655.0 ms
cross iterater71
bad   	success		5334.28   5339.09   19      203655.0 ms cross
rand   	bad   	success		5347.12   5246.62   19      204467.0 ms cross
rand   	ab
ab6	2
ab7	5
fail		5214.46   5240.85   19      205449.0 ms
cross iterater72
bad   	rand   	bad   	rand   	ab
ab6	4
ab7	5
cross iterater73
bad   	rand   	bad   	rand   	ab
ab6	2
ab7	0
cross iterater74
bad   	rand   	bad   	rand   	ab
fail		5381.47   5418.20   19      212391.0 ms
fail		5287.45   5316.13   19      213156.0 ms
cross iterater75
bad   	rand   	bad   	rand   	ab
ab6	1
fail		5322.18   5350.86   19      217165.0 ms
cross iterater76
bad   	success		5697.28   5666.04   19      217165.0 ms cross
rand   	bad   	success		5304.44   5309.25   19      217711.0 ms cross
rand   	ab
ab6	0
cross iterater77
bad   	success		5470.70   5415.23   19      218194.0 ms cross
rand   	bad   	success		5238.88   5247.40   19      218678.0 ms cross
rand   	ab
ab6	0
fail		5498.21   5534.93   19      220300.0 ms
fail		5287.45   5316.13   19      221190.0 ms
cross iterater78
bad   	success		5330.83   5247.59   19      221346.0 ms cross
rand   	bad   	success		5205.59   5170.06   19      222406.0 ms cross
rand   	ab
ab7	0
cross iterater79
bad   	success		5237.01   5264.19   19      223218.0 ms cross
rand   	bad   	success		5369.93   5367.43   19      224013.0 ms cross
rand   	ab
ab7	0
fail		5214.46   5240.85   19      225589.0 ms
fail		5238.88   5275.60   19      226353.0 ms
cross iterater80
bad   	rand   	success		5663.67   5347.13   19      227492.0 ms cross
bad   	success		5463.39   5151.11   19      227929.0 ms cross
rand   	ab
ab6	4
ab7	2
fail		5298.22   5336.25   19      229208.0 ms
fail		5369.43   5407.45   19      229660.0 ms
cross iterater81
bad   	success		5085.80   5058.28   19      229660.0 ms cross
rand   	bad   	rand   	ab
ab7	5
cross iterater82
bad   	success		5463.69   5153.91   19      231236.0 ms cross
rand   	bad   	success		5191.80   5416.27   19      231953.0 ms cross
rand   	ab
ab7	3
cross iterater83
bad   	success		5933.50   5444.45   19      232733.0 ms cross
rand   	bad   	rand   	success		5530.57   4911.25   19      234059.0 ms cross
ab
ab7	4
fail		5231.65   5269.68   19      234605.0 ms
cross iterater84
bad   	rand   	bad   	rand   	ab
ab7	0
cross iterater85
bad   	rand   	success		5630.23   5366.96   19      237351.0 ms cross
bad   	success		5667.81   5442.47   19      237757.0 ms cross
rand   	ab
ab6	0
ab7	4
fail		5654.55   5799.17   19      238771.0 ms
cross iterater86
bad   	success		5523.76   5607.20   19      238771.0 ms cross
rand   	bad   	rand   	ab
ab6	1
fail		5530.57   5675.19   19      240752.0 ms
cross iterater87
bad   	success		5149.45   5298.73   19      241267.0 ms cross
rand   	bad   	success		5466.12   5176.07   19      242109.0 ms cross
rand   	ab
ab6	1
cross iterater88
bad   	success		5698.43   5534.44   19      242749.0 ms cross
rand   	bad   	success		5700.92   5454.70   19      243669.0 ms cross
rand   	ab
ab6	2
ab7	4
fail		5466.12   5509.85   19      244698.0 ms
cross iterater89
bad   	success		5723.59   5534.93   19      245151.0 ms cross
rand   	bad   	rand   	ab
ab6	5
ab7	2
cross iterater90
bad   	rand   	bad   	success		5577.75   5666.52   19      247506.0 ms cross
rand   	ab
ab6	5
ab7	0
fail		5532.31   5660.48   19      248474.0 ms
fail		5635.03   5789.68   19      248973.0 ms
cross iterater91
bad   	rand   	bad   	success		5509.39   5599.12   19      249987.0 ms cross
rand   	ab
ab6	5
fail		5509.39   5637.55   19      250938.0 ms
cross iterater92
bad   	rand   	bad   	rand   	ab
ab7	5
cross iterater93
bad   	rand   	success		5603.83   5403.94   19      253590.0 ms cross
bad   	success		5742.84   5569.86   19      253902.0 ms cross
rand   	ab
ab7	3
fail		5523.76   5668.38   19      254854.0 ms
cross iterater94
bad   	rand   	bad   	success		5532.39   5620.66   19      255899.0 ms cross
rand   	ab
ab7	0
fail		5625.19   5633.02   19      256866.0 ms
fail		5509.39   5637.55   19      257350.0 ms
cross iterater95
bad   	rand   	bad   	rand   	ab
ab6	3
ab7	1
cross iterater96
bad   	success		5563.94   5376.52   19      259627.0 ms cross
rand   	bad   	success		5696.39   5589.36   19      260407.0 ms cross
rand   	ab
ab6	2
ab7	4
fail		5509.39   5637.55   19      261375.0 ms
cross iterater97
bad   	rand   	success		5562.25   5343.23   19      262233.0 ms cross
bad   	rand   	success		5497.05   5193.63   19      262810.0 ms cross
ab
ab6	4
fail		5562.25   5614.92   19      263309.0 ms
cross iterater98
bad   	success		5799.28   5462.58   19      263340.0 ms cross
rand   	bad   	rand   	ab
ab6	5
ab7	2
fail		5535.10   5542.92   19      266367.0 ms
cross iterater99
ab
ab6	2
fail		5441.96   5449.78   19      267147.0 ms

R.size:19

1		45	24	102	93	55	199	64	109	162	179	206	207	
2		62	178	154	20	31	97	194	195	96	149	
3		48	112	50	134	170	156	87	168	79	29	15	198	
4		129	12	11	6	43	13	139	2	90	67	107	39	
5		155	166	144	101	119	9	99	126	71	121	
6		18	161	202	150	22	104	185	7	181	140	111	49	
7		41	201	175	204	146	152	30	196	14	42	123	56	
8		78	143	176	118	33	180	82	125	188	17	
9		23	75	21	182	35	151	16	1	138	208	63	203	
10		19	192	27	76	68	61	25	172	77	110	
11		38	159	177	88	58	8	132	37	81	117	
12		135	184	114	54	186	127	3	98	157	137	
13		131	44	120	40	153	163	145	169	52	92	59	74	
14		57	83	60	84	4	128	46	106	167	34	95	108	
15		133	173	80	116	91	85	100	89	187	142	
16		147	160	86	171	65	115	174	200	189	136	
17		26	197	148	103	124	141	69	94	205	105	
18		73	164	66	47	32	51	70	122	130	28	
19		113	190	193	5	10	191	72	36	165	158	53	183	

data1/pdp200/LC1_2_10.txt
total_cost 5085.799096

