success		1       0       1       44      1       0       94215.30  201     16.0     ms
success		1       1       1       96      1       0       94443.56  200     31.0     ms
success		1       2       1       68      1       0       94450.07  199     31.0     ms
success		1       3       1       181     1       0       93810.00  198     31.0     ms
success		1       4       1       138     1       0       93991.65  197     31.0     ms
success		1       5       1       79      1       0       94046.95  196     31.0     ms
success		1       6       1       125     1       0       94243.92  195     31.0     ms
success		1       7       1       77      1       0       94363.26  194     31.0     ms
success		1       8       1       89      1       0       94572.57  193     31.0     ms
success		1       9       1       98      1       0       94170.97  192     31.0     ms
success		1       10      1       69      1       0       94360.83  191     31.0     ms
success		1       11      1       182     1       0       94399.95  190     31.0     ms
success		1       12      2       27      2       0       94381.04  189     31.0     ms
success		1       13      1       28      1       0       94423.19  188     31.0     ms
success		1       14      1       119     1       0       94463.71  187     31.0     ms
success		1       15      1       185     1       0       94689.10  186     31.0     ms
success		1       16      1       80      1       0       94882.70  185     31.0     ms
success		1       17      1       184     1       0       95034.55  184     31.0     ms
success		1       18      1       99      1       0       95244.40  183     31.0     ms
success		1       19      1       165     1       0       95231.47  182     31.0     ms
success		1       20      1       131     1       0       95461.07  181     31.0     ms
success		1       21      1       110     1       0       95709.60  180     31.0     ms
success		1       22      1       75      1       0       95741.48  179     31.0     ms
success		1       23      1       21      1       0       95814.70  178     31.0     ms
success		1       24      1       40      1       0       95798.33  177     31.0     ms
success		1       25      1       117     1       0       95988.00  176     31.0     ms
success		1       26      1       159     1       0       95973.61  175     31.0     ms
success		1       27      1       162     1       0       96137.98  174     31.0     ms
success		1       28      1       4       1       0       96282.61  173     31.0     ms
success		1       29      1       169     1       0       96332.41  172     47.0     ms
success		1       30      1       10      1       0       96582.15  171     47.0     ms
success		1       31      1       160     1       0       96686.26  170     47.0     ms
success		1       32      1       40      1       0       97017.03  169     47.0     ms
success		1       33      2       105     2       0       96880.63  168     47.0     ms
success		1       34      2       12      2       0       96876.36  167     47.0     ms
success		1       35      1       94      1       0       97144.21  166     47.0     ms
success		1       36      1       161     1       0       97159.26  165     47.0     ms
success		1       37      1       57      1       0       96312.44  164     47.0     ms
success		1       38      1       72      1       0       96263.17  163     47.0     ms
success		1       39      1       152     1       0       96265.92  162     47.0     ms
success		1       40      1       27      1       0       96391.43  161     47.0     ms
success		1       41      1       21      1       0       95930.72  160     47.0     ms
success		1       42      1       95      1       0       95831.12  159     47.0     ms
success		1       43      1       7       1       0       95589.30  158     47.0     ms
success		1       44      1       13      1       0       95429.01  157     47.0     ms
success		1       45      1       64      1       0       95669.05  156     47.0     ms
success		1       46      1       28      1       0       95921.95  155     47.0     ms
success		1       47      1       84      1       0       96028.92  154     47.0     ms
success		1       48      1       143     1       0       96248.87  153     62.0     ms
success		1       49      1       12      1       0       96114.22  152     62.0     ms
success		1       50      1       3       1       0       94884.70  151     62.0     ms
success		1       51      4       8       4       0       95641.53  150     62.0     ms
success		1       52      1       5       1       0       95998.84  149     62.0     ms
success		1       53      1       63      1       0       96240.62  148     62.0     ms
success		1       54      1       33      1       0       96421.56  147     62.0     ms
success		1       55      1       117     1       0       96427.66  146     62.0     ms
success		1       56      2       12      2       0       96716.88  145     62.0     ms
success		1       57      1       39      1       0       96527.47  144     62.0     ms
success		1       58      1       0       1       0       96694.11  143     62.0     ms
success		1       59      1       114     1       0       96863.66  142     62.0     ms
success		1       60      1       66      1       0       96961.40  141     62.0     ms
success		1       61      1       80      1       0       96848.00  140     62.0     ms
success		1       62      2       64      2       0       96209.87  139     62.0     ms
success		1       63      1       16      1       0       95491.38  138     62.0     ms
success		1       64      2       25      2       0       95596.80  137     62.0     ms
success		1       65      2       60      2       0       95746.41  136     78.0     ms
success		1       66      1       14      1       0       95748.45  135     78.0     ms
success		1       67      2       97      2       0       96429.96  134     78.0     ms
success		1       68      1       90      1       0       96609.00  133     78.0     ms
success		1       69      2       44      2       0       96284.19  132     78.0     ms
success		1       70      1       87      1       0       96468.55  131     78.0     ms
success		1       71      1       125     1       0       96354.70  130     78.0     ms
success		1       72      2       76      2       0       96397.55  129     78.0     ms
success		1       73      1       39      1       0       96159.67  128     78.0     ms
success		1       74      3       21      3       0       96049.86  127     78.0     ms
success		1       75      5       91      5       0       95848.46  126     78.0     ms
success		1       76      1       110     1       0       95935.79  125     78.0     ms
success		1       77      2       124     2       0       96198.38  124     78.0     ms
success		1       78      1       73      1       0       96364.17  123     78.0     ms
success		1       79      1       13      1       0       96433.63  122     78.0     ms
success		1       80      1       5       1       0       96571.53  121     94.0     ms
success		1       81      2       119     2       0       96739.45  120     94.0     ms
success		1       82      1       115     1       0       96878.96  119     94.0     ms
success		1       83      1       3       1       0       96988.35  118     94.0     ms
success		1       84      1       78      1       0       97244.62  117     94.0     ms
success		1       85      3       16      3       0       97696.33  116     94.0     ms
success		1       86      5       54      5       0       98078.97  115     94.0     ms
success		1       87      3       12      3       0       97307.20  114     94.0     ms
success		1       88      2       45      2       0       97191.00  113     94.0     ms
success		1       89      3       10      3       0       97085.44  112     94.0     ms
success		1       90      2       101     2       0       96651.78  111     94.0     ms
success		1       91      2       24      2       0       96416.75  110     94.0     ms
success		1       92      2       48      2       0       95995.09  109     94.0     ms
success		1       93      1       89      1       0       96177.24  108     109.0    ms
success		1       94      2       47      2       0       94962.26  107     109.0    ms
success		1       95      2       50      2       0       95041.82  106     109.0    ms
success		1       96      4       78      4       0       94611.93  105     109.0    ms
success		1       97      1       88      1       0       94687.44  104     109.0    ms
success		1       98      7       31      7       0       94809.28  103     109.0    ms
success		1       99      1       77      1       0       94657.80  102     109.0    ms
success		1       100     1       40      1       0       94669.20  101     109.0    ms
success		1       101     2       83      2       0       94827.22  100     109.0    ms
success		1       102     4       33      4       0       94398.27  99      109.0    ms
success		1       103     2       87      2       0       94229.11  98      109.0    ms
success		1       104     6       66      6       0       93500.57  97      125.0    ms
success		1       105     1       88      1       0       93729.80  96      125.0    ms
success		1       106     4       75      4       0       93290.85  95      125.0    ms
success		1       107     1       63      1       0       92549.16  94      125.0    ms
success		1       108     2       66      2       0       92652.84  93      125.0    ms
success		1       109     2       5       2       0       92004.23  92      125.0    ms
success		1       110     3       21      3       0       91762.22  91      125.0    ms
success		1       111     1       36      1       0       91763.40  90      125.0    ms
success		1       112     2       11      2       0       92006.37  89      125.0    ms
success		1       113     3       51      3       0       91878.51  88      125.0    ms
success		1       114     2       65      2       0       91858.41  87      125.0    ms
success		1       115     8       35      8       0       90436.71  86      140.0    ms
success		1       116     3       55      3       0       91162.89  85      140.0    ms
success		1       117     2       49      2       0       91175.72  84      140.0    ms
success		1       118     2       19      2       0       91287.20  83      140.0    ms
success		1       119     2       20      2       0       91309.11  82      140.0    ms
success		1       120     5       11      5       0       89581.38  81      140.0    ms
success		1       121     5       26      5       0       89329.83  80      140.0    ms
success		1       122     2       61      2       0       89607.05  79      140.0    ms
success		1       123     2       31      2       0       89338.34  78      140.0    ms
success		1       124     6       68      6       0       89626.25  77      140.0    ms
success		1       125     1       49      1       0       89471.51  76      156.0    ms
success		1       126     1       70      1       0       89463.82  75      156.0    ms
success		1       127     1       18      1       0       89665.26  74      156.0    ms
success		1       128     2       3       2       0       88456.59  73      156.0    ms
success		1       129     6       19      6       0       88419.35  72      156.0    ms
success		1       130     2       69      2       0       87418.78  71      156.0    ms
success		1       131     6       68      6       0       87006.96  70      156.0    ms
success		1       132     5       51      5       0       85961.08  69      156.0    ms
success		1       133     2       49      2       0       84226.79  68      156.0    ms
success		1       134     2       48      2       0       82693.56  67      156.0    ms
success		1       135     3       24      3       0       82569.27  66      172.0    ms
success		1       136     2       33      2       0       82196.93  65      172.0    ms
success		1       137     7       30      7       0       81466.14  64      172.0    ms
success		1       138     1       26      1       0       81418.61  63      172.0    ms
success		1       139     1       59      1       0       81446.67  62      172.0    ms
success		1       140     4       8       4       0       80930.25  61      172.0    ms
success		1       141     5       31      5       0       80144.82  60      172.0    ms
success		1       142     1       52      1       0       79723.51  59      172.0    ms
success		1       143     1       47      1       0       78838.72  58      172.0    ms
success		1       144     3       29      3       0       78021.24  57      172.0    ms
success		1       145     1       50      1       0       77517.73  56      172.0    ms
success		1       146     2       18      2       0       77071.24  55      172.0    ms
success		1       147     2       53      2       0       76954.00  54      187.0    ms
success		1       148     3       38      3       0       76031.95  53      187.0    ms
success		1       149     9       51      9       0       76301.72  52      187.0    ms
success		1       150     2       13      2       0       75996.21  51      187.0    ms
success		1       151     12      3       12      0       75035.07  50      187.0    ms
success		1       152     8       32      8       0       75919.92  49      187.0    ms
success		1       153     4       38      4       0       75369.49  48      187.0    ms
success		1       154     4       35      4       0       75667.65  47      187.0    ms
success		1       155     2       12      2       0       74234.34  46      187.0    ms
success		1       156     1       22      1       0       74740.04  45      187.0    ms
success		1       157     6       35      6       0       73819.98  44      203.0    ms
success		1       158     3       32      3       0       73651.74  43      203.0    ms
success		1       159     6       25      6       0       72710.83  42      203.0    ms
success		1       160     4       5       4       0       71517.75  41      203.0    ms
success		1       161     5       17      5       0       71692.23  40      203.0    ms
success		1       162     1       29      1       0       71552.86  39      203.0    ms
success		1       163     3       34      3       0       69610.78  38      203.0    ms
success		1       164     7       13      7       0       68127.52  37      203.0    ms
success		1       165     1       27      1       0       68447.53  36      203.0    ms
success		1       166     10      19      10      0       67013.07  35      203.0    ms
success		1       167     5       26      5       0       66303.78  34      203.0    ms
success		1       168     6       0       6       0       64622.01  33      203.0    ms
success		1       169     8       27      8       0       61896.63  32      203.0    ms
success		1       170     5       18      5       0       61142.97  31      203.0    ms
success		1       171     6       13      6       0       58986.70  30      203.0    ms
success		1       172     2       0       2       0       57055.20  29      218.0    ms
success		1       173     13      14      13      0       56381.05  28      218.0    ms
success		1       174     5       3       5       0       55265.94  27      218.0    ms
success		1       175     5       8       5       0       52625.75  26      218.0    ms
success		1       176     9       18      9       0       50857.76  25      218.0    ms
success		1       177     8       7       8       0       48110.74  24      218.0    ms
success		1       178     3       5       3       0       45746.72  23      218.0    ms
success		1       179     5       11      5       0       43335.44  22      218.0    ms
success		1       180     8       10      8       0       42331.42  21      218.0    ms
success		1       181     9       12      9       0       43124.24  20      218.0    ms
success		1       182     9       17      9       0       42419.89  19      218.0    ms
success		1       183     13      2       13      0       41061.29  18      234.0    ms
success		1       184     10      9       10      0       40017.09  17      234.0    ms
success		1       185     16      7       16      0       38018.85  16      234.0    ms
success		1       186     14      7       11      0       36719.70  15      281.0    ms
success		1       187     15      5       14      0       35228.26  14      296.0    ms
success		1       188     14      5       14      0       33227.75  13      296.0    ms
success		1       189     16      1       16      0       31808.34  12      296.0    ms
success		1       190     19      7       19      0       29363.69  11      296.0    ms
success		1       191     23      5       19      0       26226.44  10      452.0    ms
success		1       192     27      6       23      0       23942.20  9       593.0    ms
success		1       193     40      5       24      0       21569.35  8       1560.0   ms
success		1       194     45      3       23      0       17850.47  7       3370.0   ms
success		1       195     173     4       28      0       15046.04  6       28782.0  ms
success		1       196     2079    4       33      0       11888.42  5       312589.0 ms
success		1       0       1       74      1       0       133140.82 201     1523414.0 ms
success		1       1       1       187     1       0       131680.07 200     1523414.0 ms
success		1       2       1       122     1       0       131596.01 199     1523414.0 ms
success		1       3       1       140     1       0       131350.66 198     1523414.0 ms
success		1       4       1       68      1       0       131221.45 197     1523414.0 ms
success		1       5       1       4       1       0       131018.13 196     1523414.0 ms
success		1       6       1       21      1       0       130733.17 195     1523414.0 ms
success		1       7       1       110     1       0       130488.82 194     1523414.0 ms
success		1       8       1       100     1       0       130201.01 193     1523414.0 ms
success		1       9       2       25      2       0       129818.01 192     1523414.0 ms
success		1       10      1       172     1       0       128878.77 191     1523414.0 ms
success		1       11      1       183     1       0       128695.18 190     1523414.0 ms
success		1       12      1       35      1       0       128477.35 189     1523414.0 ms
success		1       13      1       139     1       0       128295.20 188     1523414.0 ms
success		1       14      1       45      1       0       128034.01 187     1523414.0 ms
success		1       15      1       119     1       0       127610.92 186     1523414.0 ms
success		1       16      1       66      1       0       127382.80 185     1523414.0 ms
success		1       17      1       15      1       0       126808.89 184     1523414.0 ms
success		1       18      1       55      1       0       126401.78 183     1523414.0 ms
success		1       19      1       160     1       0       126204.72 182     1523414.0 ms
success		1       20      1       4       1       0       125986.25 181     1523414.0 ms
success		1       21      1       176     1       0       125820.45 180     1523414.0 ms
success		1       22      2       8       2       0       125604.78 179     1523414.0 ms
success		1       23      1       75      1       0       125504.10 178     1523414.0 ms
success		1       24      1       165     1       0       125307.08 177     1523414.0 ms
success		1       25      1       41      1       0       125073.27 176     1523414.0 ms
success		1       26      2       38      2       0       124872.06 175     1523414.0 ms
success		1       27      1       99      1       0       122959.29 174     1523414.0 ms
success		1       28      1       11      1       0       122912.67 173     1523414.0 ms
success		1       29      1       56      1       0       122641.64 172     1523414.0 ms
success		1       30      1       170     1       0       122460.50 171     1523414.0 ms
success		1       31      1       163     1       0       121961.84 170     1523414.0 ms
success		1       32      1       103     1       0       121719.92 169     1523414.0 ms
success		1       33      1       92      1       0       121552.98 168     1523414.0 ms
success		1       34      2       90      2       0       121308.67 167     1523414.0 ms
success		1       35      1       77      1       0       121081.71 166     1523414.0 ms
success		1       36      1       101     1       0       120660.93 165     1523414.0 ms
success		1       37      1       26      1       0       120496.41 164     1523414.0 ms
success		1       38      1       134     1       0       119986.94 163     1523414.0 ms
success		1       39      1       143     1       0       119474.77 162     1523414.0 ms
success		1       40      1       6       1       0       119215.93 161     1523414.0 ms
success		1       41      1       108     1       0       119057.69 160     1523414.0 ms
success		1       42      1       93      1       0       118831.75 159     1523414.0 ms
success		1       43      1       99      1       0       118492.21 158     1523414.0 ms
success		1       44      1       22      1       0       118126.54 157     1523414.0 ms
success		1       45      2       132     2       0       117826.39 156     1523414.0 ms
success		1       46      1       47      1       0       117245.01 155     1523414.0 ms
success		1       47      1       54      1       0       116103.11 154     1523414.0 ms
success		1       48      1       110     1       0       116048.79 153     1523414.0 ms
success		1       49      2       30      2       0       116020.65 152     1523430.0 ms
success		1       50      1       9       1       0       115370.21 151     1523430.0 ms
success		1       51      1       44      1       0       115140.79 150     1523430.0 ms
success		1       52      1       93      1       0       114938.23 149     1523430.0 ms
success		1       53      1       60      1       0       114666.79 148     1523430.0 ms
success		1       54      1       144     1       0       114374.30 147     1523430.0 ms
success		1       55      2       25      2       0       114478.74 146     1523430.0 ms
success		1       56      2       48      2       0       114320.63 145     1523430.0 ms
success		1       57      2       34      2       0       113815.41 144     1523430.0 ms
success		1       58      1       142     1       0       113820.41 143     1523430.0 ms
success		1       59      2       3       2       0       113168.81 142     1523430.0 ms
success		1       60      2       125     2       0       113094.80 141     1523430.0 ms
success		1       61      1       16      1       0       112742.91 140     1523430.0 ms
success		1       62      1       48      1       0       112446.70 139     1523430.0 ms
success		1       63      1       72      1       0       112275.98 138     1523430.0 ms
success		1       64      2       31      2       0       112374.99 137     1523430.0 ms
success		1       65      1       59      1       0       112136.96 136     1523430.0 ms
success		1       66      1       95      1       0       111923.18 135     1523430.0 ms
success		1       67      1       40      1       0       111529.45 134     1523430.0 ms
success		1       68      1       117     1       0       110993.37 133     1523430.0 ms
success		1       69      1       119     1       0       110673.44 132     1523430.0 ms
success		1       70      1       88      1       0       110253.53 131     1523430.0 ms
success		1       71      2       103     2       0       110150.74 130     1523430.0 ms
success		1       72      1       31      1       0       110172.94 129     1523430.0 ms
success		1       73      1       41      1       0       109431.38 128     1523430.0 ms
success		1       74      1       76      1       0       109593.25 127     1523430.0 ms
success		1       75      1       90      1       0       109383.39 126     1523430.0 ms
success		1       76      1       28      1       0       108932.70 125     1523430.0 ms
success		1       77      1       81      1       0       108969.09 124     1523430.0 ms
success		1       78      2       85      2       0       109013.69 123     1523430.0 ms
success		1       79      1       23      1       0       108808.05 122     1523430.0 ms
success		1       80      3       67      3       0       108669.29 121     1523430.0 ms
success		1       81      1       119     1       0       106682.01 120     1523430.0 ms
success		1       82      1       43      1       0       106521.85 119     1523430.0 ms
success		1       83      5       35      5       0       104917.43 118     1523430.0 ms
success		1       84      1       35      1       0       104322.83 117     1523430.0 ms
success		1       85      1       50      1       0       104228.00 116     1523430.0 ms
success		1       86      1       69      1       0       103732.28 115     1523430.0 ms
success		1       87      2       37      2       0       102698.79 114     1523430.0 ms
success		1       88      1       41      1       0       102232.51 113     1523430.0 ms
success		1       89      1       108     1       0       102099.88 112     1523430.0 ms
success		1       90      2       43      2       0       101981.16 111     1523430.0 ms
success		1       91      4       40      4       0       102038.37 110     1523430.0 ms
success		1       92      2       17      2       0       101819.50 109     1523430.0 ms
success		1       93      1       54      1       0       101745.17 108     1523430.0 ms
success		1       94      3       72      3       0       101165.28 107     1523430.0 ms
success		1       95      1       35      1       0       99985.30  106     1523430.0 ms
success		1       96      1       102     1       0       99927.12  105     1523430.0 ms
success		1       97      2       27      2       0       99857.50  104     1523430.0 ms
success		1       98      2       54      2       0       99051.76  103     1523430.0 ms
success		1       99      2       0       2       0       98982.27  102     1523430.0 ms
success		1       100     3       73      3       0       98923.03  101     1523430.0 ms
success		1       101     2       70      2       0       98248.27  100     1523430.0 ms
success		1       102     3       48      3       0       98130.60  99      1523430.0 ms
success		1       103     2       64      2       0       97465.48  98      1523430.0 ms
success		1       104     2       34      2       0       97402.80  97      1523430.0 ms
success		1       105     1       7       1       0       96608.73  96      1523430.0 ms
success		1       106     1       14      1       0       95948.21  95      1523430.0 ms
success		1       107     2       44      2       0       96163.80  94      1523430.0 ms
success		1       108     1       5       1       0       95978.98  93      1523430.0 ms
success		1       109     4       36      4       0       95869.53  92      1523430.0 ms
success		1       110     1       68      1       0       93951.95  91      1523430.0 ms
success		1       111     1       3       1       0       93979.21  90      1523430.0 ms
success		1       112     1       54      1       0       94061.08  89      1523430.0 ms
success		1       113     1       26      1       0       93909.30  88      1523430.0 ms
success		1       114     2       12      2       0       94000.36  87      1523430.0 ms
success		1       115     5       1       5       0       93823.85  86      1523445.0 ms
success		1       116     4       7       4       0       91624.87  85      1523445.0 ms
success		1       117     2       12      2       0       91479.60  84      1523445.0 ms
success		1       118     2       83      2       0       91672.86  83      1523445.0 ms
success		1       119     1       17      1       0       91705.31  82      1523445.0 ms
success		1       120     1       60      1       0       91457.75  81      1523445.0 ms
success		1       121     2       4       2       0       91652.90  80      1523445.0 ms
success		1       122     4       23      4       0       91586.30  79      1523445.0 ms
success		1       123     4       15      4       0       90670.90  78      1523445.0 ms
success		1       124     4       1       4       0       91441.52  77      1523445.0 ms
success		1       125     3       10      3       0       91390.98  76      1523445.0 ms
success		1       126     1       71      1       0       89154.29  75      1523445.0 ms
success		1       127     4       32      4       0       88480.48  74      1523445.0 ms
success		1       128     7       10      7       0       88379.59  73      1523445.0 ms
success		1       129     5       37      5       0       87010.77  72      1523445.0 ms
success		1       130     1       45      1       0       86510.87  71      1523445.0 ms
success		1       131     2       41      2       0       85440.70  70      1523445.0 ms
success		1       132     2       2       2       0       85488.71  69      1523445.0 ms
success		1       133     3       29      3       0       85669.56  68      1523445.0 ms
success		1       134     6       35      6       0       84311.70  67      1523445.0 ms
success		1       135     2       19      2       0       84690.83  66      1523445.0 ms
success		1       136     5       16      5       0       84595.37  65      1523445.0 ms
success		1       137     3       57      3       0       83434.15  64      1523445.0 ms
success		1       138     3       63      3       0       82936.09  63      1523445.0 ms
success		1       139     2       9       2       0       81999.02  62      1523445.0 ms
success		1       140     3       21      3       0       81303.47  61      1523445.0 ms
success		1       141     11      7       11      0       79634.07  60      1523445.0 ms
success		1       142     5       28      5       0       78359.45  59      1523445.0 ms
success		1       143     1       55      1       0       77560.09  58      1523445.0 ms
success		1       144     5       18      5       0       76206.55  57      1523445.0 ms
success		1       145     1       48      1       0       75121.62  56      1523445.0 ms
success		1       146     1       21      1       0       73983.26  55      1523445.0 ms
success		1       147     1       18      1       0       74047.13  54      1523445.0 ms
success		1       148     2       43      2       0       74074.43  53      1523445.0 ms
success		1       149     5       8       5       0       74014.07  52      1523445.0 ms
success		1       150     1       30      1       0       72276.25  51      1523445.0 ms
success		1       151     9       9       9       0       71563.02  50      1523445.0 ms
success		1       152     11      1       11      0       69224.64  49      1523461.0 ms
success		1       153     1       46      1       0       68985.11  48      1523461.0 ms
success		1       154     5       27      5       0       69973.73  47      1523461.0 ms
success		1       155     5       3       5       0       68891.55  46      1523461.0 ms
success		1       156     5       7       5       0       67910.81  45      1523461.0 ms
success		1       157     10      34      10      0       68743.84  44      1523461.0 ms
success		1       158     7       12      7       0       66627.22  43      1523461.0 ms
success		1       159     5       33      5       0       66082.50  42      1523461.0 ms
success		1       160     1       21      1       0       65051.98  41      1523461.0 ms
success		1       161     10      14      10      0       63879.25  40      1523461.0 ms
success		1       162     4       6       4       0       63361.14  39      1523461.0 ms
success		1       163     2       24      2       0       62728.04  38      1523461.0 ms
success		1       164     4       0       4       0       61444.21  37      1523461.0 ms
success		1       165     2       34      2       0       61050.14  36      1523461.0 ms
success		1       166     10      32      10      0       58511.21  35      1523461.0 ms
success		1       167     6       1       6       0       58131.22  34      1523461.0 ms
success		1       168     8       11      8       0       58363.73  33      1523461.0 ms
success		1       169     4       31      4       0       57752.53  32      1523461.0 ms
success		1       170     6       7       6       0       57819.72  31      1523461.0 ms
success		1       171     3       5       3       0       55667.90  30      1523461.0 ms
success		1       172     9       18      9       0       56617.76  29      1523461.0 ms
success		1       173     3       20      3       0       55906.60  28      1523461.0 ms
success		1       174     5       20      5       0       54279.32  27      1523461.0 ms
success		1       175     3       22      3       0       53591.03  26      1523461.0 ms
success		1       176     12      19      12      0       51613.83  25      1523461.0 ms
success		1       177     4       8       4       0       51317.23  24      1523461.0 ms
success		1       178     4       18      4       0       49522.79  23      1523476.0 ms
success		1       179     15      0       15      0       48687.27  22      1523476.0 ms
success		1       180     11      10      11      0       46498.72  21      1523476.0 ms
success		1       181     13      6       13      0       44269.78  20      1523476.0 ms
success		1       182     12      4       12      0       43774.70  19      1523476.0 ms
success		1       183     19      12      19      0       42109.69  18      1523476.0 ms
success		1       184     6       14      6       0       40444.42  17      1523476.0 ms
success		1       185     9       2       9       0       38697.97  16      1523476.0 ms
success		1       186     13      2       13      0       36980.93  15      1523476.0 ms
success		1       187     16      11      16      0       34875.09  14      1523476.0 ms
success		1       188     15      8       13      0       33545.45  13      1523492.0 ms
success		1       189     14      5       13      0       32006.83  12      1523508.0 ms
success		1       190     14      3       14      0       29144.54  11      1523508.0 ms
success		1       191     21      9       20      0       26563.22  10      1523508.0 ms
success		1       192     36      2       25      0       23459.00  9       1523866.0 ms
success		1       193     31      2       23      0       21165.10  8       1524007.0 ms
success		1       194     60      7       24      0       17962.46  7       1525270.0 ms
success		1       195     315     4       29      0       15049.68  6       1558545.0 ms
success		1       0       1       113     1       0       133680.78 201     3361039.0 ms
success		1       1       1       126     1       0       133568.03 200     3361039.0 ms
success		1       2       1       15      1       0       133243.52 199     3361039.0 ms
success		1       3       1       193     1       0       132951.03 198     3361039.0 ms
success		1       4       1       132     1       0       132697.82 197     3361039.0 ms
success		1       5       1       77      1       0       132460.85 196     3361039.0 ms
success		1       6       1       146     1       0       132279.54 195     3361039.0 ms
success		1       7       1       116     1       0       132405.94 194     3361039.0 ms
success		1       8       1       189     1       0       132240.14 193     3361039.0 ms
success		1       9       1       48      1       0       132003.06 192     3361039.0 ms
success		1       10      1       123     1       0       131746.35 191     3361039.0 ms
success		1       11      1       178     1       0       131316.27 190     3361039.0 ms
success		1       12      1       188     1       0       131120.19 189     3361039.0 ms
success		1       13      1       161     1       0       130805.81 188     3361039.0 ms
success		1       14      1       38      1       0       130624.16 187     3361039.0 ms
success		1       15      1       9       1       0       130287.92 186     3361039.0 ms
success		1       16      1       39      1       0       128510.81 185     3361039.0 ms
success		1       17      1       6       1       0       128391.63 184     3361039.0 ms
success		1       18      1       10      1       0       128023.10 183     3361039.0 ms
success		1       19      1       48      1       0       127970.82 182     3361039.0 ms
success		1       20      1       180     1       0       127826.19 181     3361039.0 ms
success		1       21      1       85      1       0       127599.24 180     3361055.0 ms
success		1       22      1       155     1       0       127473.72 179     3361055.0 ms
success		1       23      1       59      1       0       127255.44 178     3361055.0 ms
success		1       24      1       80      1       0       127056.35 177     3361055.0 ms
success		1       25      2       11      2       0       127086.16 176     3361055.0 ms
success		1       26      1       139     1       0       126945.81 175     3361055.0 ms
success		1       27      1       174     1       0       126636.79 174     3361055.0 ms
success		1       28      2       11      2       0       125539.34 173     3361055.0 ms
success		1       29      1       68      1       0       125398.46 172     3361055.0 ms
success		1       30      1       40      1       0       125002.14 171     3361055.0 ms
success		1       31      1       161     1       0       124805.12 170     3361055.0 ms
success		1       32      2       18      2       0       124611.60 169     3361055.0 ms
success		1       33      1       71      1       0       124376.44 168     3361055.0 ms
success		1       34      1       80      1       0       123228.84 167     3361055.0 ms
success		1       35      1       58      1       0       122025.78 166     3361055.0 ms
success		1       36      1       150     1       0       121612.85 165     3361055.0 ms
success		1       37      1       63      1       0       121265.34 164     3361055.0 ms
success		1       38      1       157     1       0       121246.75 163     3361055.0 ms
success		1       39      1       62      1       0       120754.97 162     3361055.0 ms
success		1       40      1       60      1       0       120258.47 161     3361055.0 ms
success		1       41      1       48      1       0       120029.06 160     3361055.0 ms
success		1       42      1       128     1       0       119924.21 159     3361055.0 ms
success		1       43      1       52      1       0       119450.53 158     3361055.0 ms
success		1       44      2       25      2       0       118976.74 157     3361055.0 ms
success		1       45      1       34      1       0       118715.35 156     3361055.0 ms
success		1       46      1       28      1       0       118609.65 155     3361055.0 ms
success		1       47      1       107     1       0       118261.24 154     3361055.0 ms
success		1       48      2       18      2       0       117529.50 153     3361055.0 ms
success		1       49      1       33      1       0       117365.13 152     3361055.0 ms
success		1       50      1       93      1       0       116981.09 151     3361055.0 ms
success		1       51      1       74      1       0       116323.45 150     3361055.0 ms
success		1       52      1       46      1       0       116186.51 149     3361055.0 ms
success		1       53      1       3       1       0       115976.15 148     3361055.0 ms
success		1       54      2       53      2       0       115135.62 147     3361055.0 ms
success		1       55      1       127     1       0       114899.77 146     3361055.0 ms
success		1       56      1       133     1       0       114574.03 145     3361055.0 ms
success		1       57      1       122     1       0       113505.07 144     3361055.0 ms
success		1       58      1       26      1       0       113171.93 143     3361055.0 ms
success		1       59      1       54      1       0       112943.67 142     3361055.0 ms
success		1       60      2       115     2       0       112705.53 141     3361055.0 ms
success		1       61      3       37      3       0       111234.07 140     3361070.0 ms
success		1       62      1       82      1       0       111433.49 139     3361070.0 ms
success		1       63      2       85      2       0       110865.90 138     3361070.0 ms
success		1       64      2       102     2       0       110592.26 137     3361070.0 ms
success		1       65      1       3       1       0       110388.94 136     3361070.0 ms
success		1       66      1       91      1       0       110074.93 135     3361070.0 ms
success		1       67      2       32      2       0       110297.98 134     3361070.0 ms
success		1       68      2       98      2       0       110049.27 133     3361070.0 ms
success		1       69      2       26      2       0       109788.96 132     3361070.0 ms
success		1       70      2       92      2       0       109402.59 131     3361070.0 ms
success		1       71      2       114     2       0       109627.40 130     3361070.0 ms
success		1       72      1       75      1       0       109534.65 129     3361070.0 ms
success		1       73      1       1       1       0       108261.58 128     3361070.0 ms
success		1       74      2       28      2       0       108396.16 127     3361070.0 ms
success		1       75      1       102     1       0       106714.57 126     3361070.0 ms
success		1       76      1       33      1       0       106630.02 125     3361070.0 ms
success		1       77      2       5       2       0       105852.36 124     3361070.0 ms
success		1       78      1       121     1       0       105858.91 123     3361070.0 ms
success		1       79      5       84      5       0       105820.01 122     3361070.0 ms
success		1       80      1       99      1       0       105663.69 121     3361070.0 ms
success		1       81      2       108     2       0       105381.72 120     3361070.0 ms
success		1       82      1       74      1       0       105201.52 119     3361070.0 ms
success		1       83      2       12      2       0       105303.42 118     3361070.0 ms
success		1       84      3       89      3       0       104570.09 117     3361070.0 ms
success		1       85      1       58      1       0       104346.80 116     3361070.0 ms
success		1       86      1       20      1       0       104475.56 115     3361070.0 ms
success		1       87      1       25      1       0       104252.61 114     3361070.0 ms
success		1       88      1       57      1       0       104157.06 113     3361070.0 ms
success		1       89      1       37      1       0       103990.47 112     3361070.0 ms
success		1       90      3       87      3       0       104091.89 111     3361070.0 ms
success		1       91      1       100     1       0       104262.00 110     3361070.0 ms
success		1       92      2       1       2       0       104428.52 109     3361070.0 ms
success		1       93      1       25      1       0       104078.26 108     3361070.0 ms
success		1       94      1       90      1       0       103964.60 107     3361070.0 ms
success		1       95      1       97      1       0       104069.03 106     3361070.0 ms
success		1       96      2       54      2       0       104060.91 105     3361070.0 ms
success		1       97      2       32      2       0       103930.45 104     3361086.0 ms
success		1       98      1       99      1       0       103717.15 103     3361086.0 ms
success		1       99      4       52      4       0       101445.77 102     3361086.0 ms
success		1       100     3       1       3       0       101103.73 101     3361086.0 ms
success		1       101     2       63      2       0       99176.21  100     3361086.0 ms
success		1       102     5       89      5       0       97994.41  99      3361086.0 ms
success		1       103     1       55      1       0       97873.14  98      3361086.0 ms
success		1       104     2       81      2       0       97757.05  97      3361086.0 ms
success		1       105     1       78      1       0       95859.18  96      3361086.0 ms
success		1       106     1       86      1       0       95600.40  95      3361086.0 ms
success		1       107     3       33      3       0       94944.56  94      3361086.0 ms
success		1       108     9       41      9       0       94940.74  93      3361086.0 ms
success		1       109     1       79      1       0       94378.45  92      3361086.0 ms
success		1       110     5       68      5       0       93978.79  91      3361086.0 ms
success		1       111     2       71      2       0       93897.37  90      3361086.0 ms
success		1       112     7       63      7       0       93430.96  89      3361086.0 ms
success		1       113     6       19      6       0       94129.37  88      3361086.0 ms
success		1       114     1       66      1       0       94163.61  87      3361086.0 ms
success		1       115     1       79      1       0       93406.53  86      3361086.0 ms
success		1       116     6       45      6       0       93536.42  85      3361086.0 ms
success		1       117     1       30      1       0       93281.46  84      3361086.0 ms
success		1       118     1       64      1       0       93096.82  83      3361086.0 ms
success		1       119     1       2       1       0       92385.07  82      3361086.0 ms
success		1       120     1       40      1       0       92045.06  81      3361086.0 ms
success		1       121     1       1       1       0       92124.59  80      3361086.0 ms
success		1       122     2       36      2       0       91001.53  79      3361102.0 ms
success		1       123     2       53      2       0       90683.63  78      3361102.0 ms
success		1       124     1       5       1       0       89589.42  77      3361102.0 ms
success		1       125     3       54      3       0       89288.91  76      3361102.0 ms
success		1       126     7       31      7       0       89449.48  75      3361102.0 ms
success		1       127     3       1       3       0       88789.92  74      3361102.0 ms
success		1       128     3       51      3       0       87922.86  73      3361102.0 ms
success		1       129     2       64      2       0       87584.45  72      3361102.0 ms
success		1       130     1       65      1       0       86097.95  71      3361102.0 ms
success		1       131     1       59      1       0       85932.38  70      3361102.0 ms
success		1       132     2       63      2       0       84819.31  69      3361102.0 ms
success		1       133     3       30      3       0       84793.70  68      3361102.0 ms
success		1       134     2       1       2       0       84228.75  67      3361102.0 ms
success		1       135     2       12      2       0       84247.94  66      3361102.0 ms
success		1       136     2       15      2       0       84465.72  65      3361102.0 ms
success		1       137     8       9       8       0       84084.60  64      3361102.0 ms
success		1       138     1       45      1       0       83830.25  63      3361102.0 ms
success		1       139     1       9       1       0       83651.05  62      3361102.0 ms
success		1       140     2       15      2       0       83720.18  61      3361102.0 ms
success		1       141     4       39      4       0       82047.53  60      3361102.0 ms
success		1       142     1       56      1       0       81887.95  59      3361102.0 ms
success		1       143     6       44      6       0       81420.04  58      3361102.0 ms
success		1       144     2       18      2       0       80339.86  57      3361102.0 ms
success		1       145     7       24      7       0       80409.16  56      3361117.0 ms
success		1       146     5       13      5       0       79464.46  55      3361117.0 ms
success		1       147     8       40      8       0       79581.60  54      3361117.0 ms
success		1       148     2       3       2       0       79030.86  53      3361117.0 ms
success		1       149     1       51      1       0       79036.04  52      3361117.0 ms
success		1       150     3       22      3       0       77343.09  51      3361117.0 ms
success		1       151     8       30      8       0       75893.95  50      3361117.0 ms
success		1       152     2       49      2       0       74826.79  49      3361117.0 ms
success		1       153     6       30      6       0       74104.11  48      3361117.0 ms
success		1       154     4       32      4       0       73289.38  47      3361117.0 ms
success		1       155     10      34      10      0       72188.22  46      3361117.0 ms
success		1       156     2       22      2       0       71926.92  45      3361117.0 ms
success		1       157     6       6       6       0       70966.83  44      3361117.0 ms
success		1       158     8       30      8       0       71268.94  43      3361117.0 ms
success		1       159     6       42      6       0       71111.12  42      3361133.0 ms
success		1       160     4       4       4       0       70998.98  41      3361133.0 ms
success		1       161     11      10      11      0       69047.42  40      3361133.0 ms
success		1       162     3       2       3       0       67362.70  39      3361133.0 ms
success		1       163     1       10      1       0       66844.46  38      3361133.0 ms
success		1       164     5       4       5       0       64724.09  37      3361133.0 ms
success		1       165     6       14      6       0       63917.79  36      3361133.0 ms
success		1       166     1       5       1       0       62211.80  35      3361133.0 ms
success		1       167     9       29      9       0       62416.53  34      3361133.0 ms
success		1       168     5       5       5       0       61143.04  33      3361133.0 ms
success		1       169     1       17      1       0       60932.66  32      3361133.0 ms
success		1       170     4       22      4       0       58715.78  31      3361133.0 ms
success		1       171     11      29      11      0       57291.66  30      3361133.0 ms
success		1       172     8       21      8       0       55013.80  29      3361133.0 ms
success		1       173     9       24      9       0       52021.66  28      3361133.0 ms
success		1       174     4       2       4       0       51131.32  27      3361148.0 ms
success		1       175     6       19      6       0       49492.56  26      3361148.0 ms
success		1       176     11      11      11      0       49983.44  25      3361148.0 ms
success		1       177     9       10      9       0       48647.31  24      3361148.0 ms
success		1       178     11      18      11      0       47046.63  23      3361148.0 ms
success		1       179     8       1       8       0       46141.55  22      3361148.0 ms
success		1       180     3       15      3       0       46164.94  21      3361148.0 ms
success		1       181     9       9       9       0       44864.71  20      3361148.0 ms
success		1       182     7       13      7       0       41612.30  19      3361148.0 ms
success		1       183     11      12      11      0       40535.22  18      3361148.0 ms
success		1       184     16      15      16      0       38846.22  17      3361148.0 ms
success		1       185     13      11      13      0       37441.10  16      3361164.0 ms
success		1       186     8       8       8       0       34265.12  15      3361164.0 ms
success		1       187     11      14      11      0       33996.73  14      3361164.0 ms
success		1       188     14      0       14      0       32464.26  13      3361164.0 ms
success		1       189     15      0       12      0       31931.79  12      3361195.0 ms
success		1       190     19      11      17      0       28760.59  11      3361226.0 ms
success		1       191     19      1       16      0       26795.39  10      3361273.0 ms
success		1       192     28      4       21      0       24082.12  9       3361476.0 ms
success		1       193     55      1       23      0       21186.03  8       3363785.0 ms
success		1       194     42      3       23      0       18077.57  7       3365220.0 ms
success		1       195     1087    1       25      0       14783.94  6       3526194.0 ms
success		1       0       1       130     1       0       133752.79 201     4456067.0 ms
success		1       1       1       41      1       0       133384.37 200     4456067.0 ms
success		1       2       1       142     1       0       133199.74 199     4456067.0 ms
success		1       3       2       78      2       0       132991.26 198     4456067.0 ms
success		1       4       2       28      2       0       132776.66 197     4456067.0 ms
success		1       5       1       34      1       0       132350.30 196     4456067.0 ms
success		1       6       1       23      1       0       132260.15 195     4456067.0 ms
success		1       7       1       122     1       0       132119.44 194     4456067.0 ms
success		1       8       1       142     1       0       131940.69 193     4456067.0 ms
success		1       9       1       130     1       0       131782.45 192     4456067.0 ms
success		1       10      1       32      1       0       131644.54 191     4456067.0 ms
success		1       11      1       116     1       0       131464.34 190     4456067.0 ms
success		1       12      1       62      1       0       130785.18 189     4456067.0 ms
success		1       13      1       148     1       0       130477.30 188     4456067.0 ms
success		1       14      1       56      1       0       129903.95 187     4456067.0 ms
success		1       15      1       77      1       0       129695.80 186     4456067.0 ms
success		1       16      1       34      1       0       129477.97 185     4456067.0 ms
success		1       17      1       162     1       0       129276.81 184     4456067.0 ms
success		1       18      1       152     1       0       128801.98 183     4456067.0 ms
success		1       19      1       74      1       0       128851.28 182     4456083.0 ms
success		1       20      1       121     1       0       128779.87 181     4456083.0 ms
success		1       21      1       109     1       0       128497.82 180     4456083.0 ms
success		1       22      1       33      1       0       128292.19 179     4456083.0 ms
success		1       23      1       126     1       0       128078.42 178     4456083.0 ms
success		1       24      1       151     1       0       128115.29 177     4456083.0 ms
success		1       25      1       134     1       0       127599.61 176     4456083.0 ms
success		1       26      1       29      1       0       127361.76 175     4456083.0 ms
success		1       27      1       19      1       0       127055.96 174     4456083.0 ms
success		1       28      1       17      1       0       126933.51 173     4456083.0 ms
success		1       29      1       142     1       0       126676.39 172     4456083.0 ms
success		1       30      1       78      1       0       126542.53 171     4456083.0 ms
success		1       31      2       58      2       0       126341.91 170     4456083.0 ms
success		1       32      1       131     1       0       126395.79 169     4456083.0 ms
success		1       33      1       53      1       0       125834.92 168     4456083.0 ms
success		1       34      1       102     1       0       125684.19 167     4456083.0 ms
success		1       35      1       84      1       0       125636.80 166     4456083.0 ms
success		1       36      2       73      2       0       125437.71 165     4456083.0 ms
success		1       37      1       141     1       0       125142.86 164     4456083.0 ms
success		1       38      1       137     1       0       124714.32 163     4456083.0 ms
success		1       39      1       95      1       0       124549.49 162     4456083.0 ms
success		1       40      1       81      1       0       124335.02 161     4456083.0 ms
success		1       41      2       105     2       0       124554.71 160     4456083.0 ms
success		1       42      1       75      1       0       124327.75 159     4456083.0 ms
success		1       43      1       117     1       0       124146.44 158     4456083.0 ms
success		1       44      3       41      3       0       123564.32 157     4456083.0 ms
success		1       45      1       105     1       0       123287.77 156     4456083.0 ms
success		1       46      1       12      1       0       123122.44 155     4456083.0 ms
success		1       47      3       6       3       0       123186.18 154     4456083.0 ms
success		1       48      3       98      3       0       122593.95 153     4456083.0 ms
success		1       49      1       129     1       0       122396.89 152     4456083.0 ms
success		1       50      1       110     1       0       122045.83 151     4456083.0 ms
success		1       51      3       89      3       0       122119.00 150     4456083.0 ms
success		1       52      1       13      1       0       120952.56 149     4456083.0 ms
success		1       53      1       2       1       0       120787.50 148     4456083.0 ms
success		1       54      1       20      1       0       120590.53 147     4456083.0 ms
success		1       55      1       90      1       0       120506.47 146     4456083.0 ms
success		1       56      1       38      1       0       120286.25 145     4456083.0 ms
success		1       57      1       43      1       0       119728.16 144     4456083.0 ms
success		1       58      4       124     4       0       118294.41 143     4456083.0 ms
success		1       59      4       132     4       0       118071.70 142     4456083.0 ms
success		1       60      1       69      1       0       117999.96 141     4456083.0 ms
success		1       61      2       102     2       0       118004.43 140     4456083.0 ms
success		1       62      1       62      1       0       117760.79 139     4456083.0 ms
success		1       63      1       74      1       0       117662.30 138     4456083.0 ms
success		1       64      1       44      1       0       115582.82 137     4456083.0 ms
success		1       65      1       124     1       0       113870.74 136     4456083.0 ms
success		1       66      1       111     1       0       113904.70 135     4456083.0 ms
success		1       67      1       66      1       0       114079.61 134     4456083.0 ms
success		1       68      1       3       1       0       113876.29 133     4456083.0 ms
success		1       69      1       51      1       0       113681.74 132     4456083.0 ms
success		1       70      2       36      2       0       113042.66 131     4456083.0 ms
success		1       71      2       29      2       0       111861.94 130     4456083.0 ms
success		1       72      1       17      1       0       111132.41 129     4456083.0 ms
success		1       73      2       66      2       0       111165.22 128     4456083.0 ms
success		1       74      1       41      1       0       109874.04 127     4456083.0 ms
success		1       75      1       8       1       0       109654.83 126     4456083.0 ms
success		1       76      1       35      1       0       109726.65 125     4456083.0 ms
success		1       77      1       66      1       0       109583.49 124     4456083.0 ms
success		1       78      2       15      2       0       109623.33 123     4456083.0 ms
success		1       79      3       39      3       0       108707.25 122     4456098.0 ms
success		1       80      1       105     1       0       108438.71 121     4456098.0 ms
success		1       81      3       32      3       0       107783.76 120     4456098.0 ms
success		1       82      2       45      2       0       107956.33 119     4456098.0 ms
success		1       83      2       66      2       0       107920.53 118     4456098.0 ms
success		1       84      1       35      1       0       107661.33 117     4456098.0 ms
success		1       85      1       31      1       0       107591.58 116     4456098.0 ms
success		1       86      1       100     1       0       107488.72 115     4456098.0 ms
success		1       87      1       85      1       0       107219.55 114     4456098.0 ms
success		1       88      1       68      1       0       107154.88 113     4456098.0 ms
success		1       89      1       112     1       0       106986.19 112     4456098.0 ms
success		1       90      1       28      1       0       106643.74 111     4456098.0 ms
success		1       91      2       38      2       0       106643.31 110     4456098.0 ms
success		1       92      1       47      1       0       106775.11 109     4456098.0 ms
success		1       93      4       44      4       0       106292.80 108     4456098.0 ms
success		1       94      1       7       1       0       105947.86 107     4456098.0 ms
success		1       95      1       57      1       0       105757.75 106     4456098.0 ms
success		1       96      1       10      1       0       105288.09 105     4456098.0 ms
success		1       97      1       79      1       0       104877.10 104     4456098.0 ms
success		1       98      2       6       2       0       104540.87 103     4456098.0 ms
success		1       99      1       80      1       0       103828.37 102     4456098.0 ms
success		1       100     2       49      2       0       102257.88 101     4456098.0 ms
success		1       101     2       83      2       0       101498.54 100     4456098.0 ms
success		1       102     1       60      1       0       101050.59 99      4456098.0 ms
success		1       103     1       64      1       0       100467.87 98      4456098.0 ms
success		1       104     2       55      2       0       100623.78 97      4456098.0 ms
success		1       105     3       64      3       0       100581.62 96      4456098.0 ms
success		1       106     2       91      2       0       100244.63 95      4456098.0 ms
success		1       107     3       44      3       0       100324.08 94      4456098.0 ms
success		1       108     1       33      1       0       100264.99 93      4456098.0 ms
success		1       109     2       64      2       0       100002.79 92      4456098.0 ms
success		1       110     5       45      5       0       101489.43 91      4456098.0 ms
success		1       111     4       10      4       0       101389.23 90      4456098.0 ms
success		1       112     1       1       1       0       100586.45 89      4456098.0 ms
success		1       113     2       20      2       0       100558.58 88      4456098.0 ms
success		1       114     2       85      2       0       99917.56  87      4456098.0 ms
success		1       115     2       51      2       0       99606.15  86      4456098.0 ms
success		1       116     4       39      4       0       100130.20 85      4456098.0 ms
success		1       117     4       54      4       0       98604.73  84      4456098.0 ms
success		1       118     2       31      2       0       97644.48  83      4456098.0 ms
success		1       119     2       16      2       0       97870.22  82      4456098.0 ms
success		1       120     2       27      2       0       98234.79  81      4456098.0 ms
success		1       121     3       73      3       0       97047.33  80      4456098.0 ms
success		1       122     6       15      6       0       97271.06  79      4456098.0 ms
success		1       123     6       21      6       0       96441.86  78      4456098.0 ms
success		1       124     3       31      3       0       96362.52  77      4456098.0 ms
success		1       125     3       37      3       0       94904.40  76      4456098.0 ms
success		1       126     3       13      3       0       94733.58  75      4456098.0 ms
success		1       127     3       51      3       0       93555.43  74      4456098.0 ms
success		1       128     2       6       2       0       93613.45  73      4456098.0 ms
success		1       129     2       39      2       0       92565.47  72      4456098.0 ms
success		1       130     2       58      2       0       91958.86  71      4456114.0 ms
success		1       131     7       52      7       0       91919.83  70      4456114.0 ms
success		1       132     5       56      5       0       91489.13  69      4456114.0 ms
success		1       133     3       28      3       0       89758.29  68      4456114.0 ms
success		1       134     2       0       2       0       89548.31  67      4456114.0 ms
success		1       135     2       14      2       0       89306.77  66      4456114.0 ms
success		1       136     1       64      1       0       89223.19  65      4456114.0 ms
success		1       137     1       64      1       0       89181.20  64      4456114.0 ms
success		1       138     4       7       4       0       88633.51  63      4456114.0 ms
success		1       139     2       9       2       0       88386.15  62      4456114.0 ms
success		1       140     3       21      3       0       87071.04  61      4456114.0 ms
success		1       141     1       2       1       0       86944.71  60      4456114.0 ms
success		1       142     4       6       4       0       86334.20  59      4456114.0 ms
success		1       143     5       37      5       0       85735.54  58      4456114.0 ms
success		1       144     3       29      3       0       84728.23  57      4456114.0 ms
success		1       145     1       39      1       0       83254.43  56      4456114.0 ms
success		1       146     7       33      7       0       82778.71  55      4456114.0 ms
success		1       147     8       31      8       0       84522.51  54      4456114.0 ms
success		1       148     3       5       3       0       82337.61  53      4456114.0 ms
success		1       149     7       20      7       0       81242.47  52      4456114.0 ms
success		1       150     10      17      10      0       79295.25  51      4456114.0 ms
success		1       151     3       19      3       0       78063.93  50      4456114.0 ms
success		1       152     3       27      3       0       75925.29  49      4456114.0 ms
success		1       153     5       14      5       0       73931.75  48      4456114.0 ms
success		1       154     3       28      3       0       73755.65  47      4456114.0 ms
success		1       155     4       44      4       0       72257.94  46      4456114.0 ms
success		1       156     5       6       5       0       70373.70  45      4456114.0 ms
success		1       157     4       16      4       0       70219.04  44      4456114.0 ms
success		1       158     7       2       7       0       70295.66  43      4456114.0 ms
success		1       159     6       1       6       0       68333.80  42      4456130.0 ms
success		1       160     3       24      3       0       68035.55  41      4456130.0 ms
success		1       161     3       40      3       0       68439.72  40      4456130.0 ms
success		1       162     1       20      1       0       66976.31  39      4456130.0 ms
success		1       163     2       5       2       0       66232.01  38      4456130.0 ms
success		1       164     2       37      2       0       65864.23  37      4456130.0 ms
success		1       165     3       19      3       0       64085.40  36      4456130.0 ms
success		1       166     11      31      11      0       63190.99  35      4456130.0 ms
success		1       167     10      27      10      0       61853.21  34      4456130.0 ms
success		1       168     6       0       6       0       60667.75  33      4456130.0 ms
success		1       169     2       9       2       0       60273.17  32      4456130.0 ms
success		1       170     4       30      4       0       58999.36  31      4456130.0 ms
success		1       171     7       2       7       0       56717.83  30      4456130.0 ms
success		1       172     7       12      7       0       56402.93  29      4456130.0 ms
success		1       173     11      13      11      0       54782.82  28      4456130.0 ms
success		1       174     4       15      4       0       54674.05  27      4456130.0 ms
success		1       175     7       1       7       0       52177.04  26      4456130.0 ms
success		1       176     5       9       5       0       51179.32  25      4456130.0 ms
success		1       177     10      13      10      0       50625.42  24      4456130.0 ms
success		1       178     4       2       4       0       48644.00  23      4456130.0 ms
success		1       179     5       4       5       0       47339.85  22      4456130.0 ms
success		1       180     9       21      9       0       47396.05  21      4456130.0 ms
success		1       181     8       1       8       0       44627.61  20      4456130.0 ms
success		1       182     5       9       5       0       42264.50  19      4456130.0 ms
success		1       183     7       15      7       0       41514.12  18      4456130.0 ms
success		1       184     8       3       8       0       39394.53  17      4456130.0 ms
success		1       185     14      15      13      0       39212.04  16      4456145.0 ms
success		1       186     15      5       15      0       37862.51  15      4456145.0 ms
success		1       187     15      3       15      0       35507.27  14      4456145.0 ms
success		1       188     17      4       17      0       33897.35  13      4456145.0 ms
success		1       189     20      5       19      0       33326.04  12      4456161.0 ms
success		1       190     15      5       14      0       28861.43  11      4456176.0 ms
success		1       191     20      0       19      0       27022.41  10      4456208.0 ms
success		1       192     43      6       23      0       24270.83  9       4456894.0 ms
success		1       193     43      5       22      0       21151.04  8       4458064.0 ms
success		1       194     49      1       26      0       18139.00  7       4459016.0 ms
success		1       195     168     6       31      0       15015.59  6       4468516.0 ms
success		1       0       1       172     1       0       133745.38 201     5702788.0 ms
success		1       1       1       113     1       0       133555.27 200     5702788.0 ms
success		1       2       1       29      1       0       133430.70 199     5702788.0 ms
success		1       3       1       74      1       0       133255.28 198     5702788.0 ms
success		1       4       1       130     1       0       132919.28 197     5702788.0 ms
success		1       5       1       26      1       0       132319.19 196     5702788.0 ms
success		1       6       1       86      1       0       132207.67 195     5702788.0 ms
success		1       7       1       28      1       0       131791.28 194     5702788.0 ms
success		1       8       1       101     1       0       131620.57 193     5702788.0 ms
success		1       9       1       142     1       0       131396.23 192     5702803.0 ms
success		1       10      1       166     1       0       131199.17 191     5702803.0 ms
success		1       11      1       186     1       0       131033.37 190     5702803.0 ms
success		1       12      1       121     1       0       130756.68 189     5702803.0 ms
success		1       13      1       0       1       0       130573.69 188     5702803.0 ms
success		1       14      1       79      1       0       130345.42 187     5702803.0 ms
success		1       15      1       166     1       0       130111.91 186     5702803.0 ms
success		1       16      1       138     1       0       129929.76 185     5702803.0 ms
success		1       17      1       142     1       0       129699.91 184     5702803.0 ms
success		1       18      1       25      1       0       129502.94 183     5702803.0 ms
success		1       19      1       129     1       0       129375.78 182     5702803.0 ms
success		1       20      1       91      1       0       128985.63 181     5702803.0 ms
success		1       21      1       137     1       0       128801.48 180     5702803.0 ms
success		1       22      1       80      1       0       128973.35 179     5702803.0 ms
success		1       23      1       169     1       0       128361.76 178     5702803.0 ms
success		1       24      1       142     1       0       128186.78 177     5702803.0 ms
success		1       25      1       134     1       0       128032.38 176     5702803.0 ms
success		1       26      2       166     2       0       127889.09 175     5702803.0 ms
success		1       27      1       105     1       0       127435.25 174     5702803.0 ms
success		1       28      1       2       1       0       125087.85 173     5702803.0 ms
success		1       29      1       100     1       0       124825.92 172     5702803.0 ms
success		1       30      1       0       1       0       124496.46 171     5702803.0 ms
success		1       31      1       12      1       0       123727.12 170     5702803.0 ms
success		1       32      1       26      1       0       123431.70 169     5702803.0 ms
success		1       33      1       4       1       0       123342.39 168     5702803.0 ms
success		1       34      1       134     1       0       123088.89 167     5702803.0 ms
success		1       35      1       5       1       0       122752.65 166     5702803.0 ms
success		1       36      2       41      2       0       123044.65 165     5702803.0 ms
success		1       37      2       164     2       0       122801.08 164     5702803.0 ms
success		1       38      1       94      1       0       122756.94 163     5702803.0 ms
success		1       39      2       8       2       0       122698.55 162     5702803.0 ms
success		1       40      1       122     1       0       122440.45 161     5702819.0 ms
success		1       41      1       134     1       0       122035.24 160     5702819.0 ms
success		1       42      1       68      1       0       121939.12 159     5702819.0 ms
success		1       43      1       131     1       0       121689.38 158     5702819.0 ms
success		1       44      1       91      1       0       121699.99 157     5702819.0 ms
success		1       45      2       150     2       0       121408.19 156     5702819.0 ms
success		1       46      2       70      2       0       121420.39 155     5702819.0 ms
success		1       47      1       110     1       0       121180.35 154     5702819.0 ms
success		1       48      1       81      1       0       120611.56 153     5702819.0 ms
success		1       49      1       71      1       0       120713.27 152     5702819.0 ms
success		1       50      3       114     3       0       120178.37 151     5702819.0 ms
success		1       51      3       144     3       0       119201.37 150     5702819.0 ms
success		1       52      2       75      2       0       117691.71 149     5702819.0 ms
success		1       53      1       98      1       0       117578.96 148     5702819.0 ms
success		1       54      2       5       2       0       117194.43 147     5702819.0 ms
success		1       55      1       135     1       0       117091.56 146     5702819.0 ms
success		1       56      1       15      1       0       116562.36 145     5702819.0 ms
success		1       57      1       110     1       0       116440.37 144     5702819.0 ms
success		1       58      1       75      1       0       116055.60 143     5702819.0 ms
success		1       59      2       103     2       0       117101.36 142     5702819.0 ms
success		1       60      2       122     2       0       116686.96 141     5702819.0 ms
success		1       61      1       137     1       0       116394.46 140     5702819.0 ms
success		1       62      1       80      1       0       116231.08 139     5702819.0 ms
success		1       63      1       36      1       0       116174.05 138     5702819.0 ms
success		1       64      1       121     1       0       116347.85 137     5702819.0 ms
success		1       65      2       64      2       0       115376.58 136     5702819.0 ms
success		1       66      1       2       1       0       115158.11 135     5702819.0 ms
success		1       67      1       47      1       0       114551.32 134     5702819.0 ms
success		1       68      2       78      2       0       114674.68 133     5702819.0 ms
success		1       69      1       115     1       0       114294.24 132     5702819.0 ms
success		1       70      1       23      1       0       114150.28 131     5702819.0 ms
success		1       71      1       81      1       0       111626.67 130     5702819.0 ms
success		1       72      1       84      1       0       111397.22 129     5702819.0 ms
success		1       73      1       53      1       0       111142.89 128     5702819.0 ms
success		1       74      1       75      1       0       110931.50 127     5702819.0 ms
success		1       75      3       41      3       0       110042.13 126     5702819.0 ms
success		1       76      1       123     1       0       108386.14 125     5702819.0 ms
success		1       77      2       93      2       0       108398.45 124     5702819.0 ms
success		1       78      1       98      1       0       108304.51 123     5702819.0 ms
success		1       79      3       77      3       0       108273.73 122     5702834.0 ms
success		1       80      2       85      2       0       108507.67 121     5702834.0 ms
success		1       81      1       82      1       0       108403.32 120     5702834.0 ms
success		1       82      1       105     1       0       106622.54 119     5702834.0 ms
success		1       83      1       111     1       0       106440.15 118     5702834.0 ms
success		1       84      2       70      2       0       105799.10 117     5702834.0 ms
success		1       85      1       81      1       0       105717.13 116     5702834.0 ms
success		1       86      1       83      1       0       105524.17 115     5702834.0 ms
success		1       87      1       81      1       0       104313.30 114     5702834.0 ms
success		1       88      1       24      1       0       104378.77 113     5702834.0 ms
success		1       89      3       44      3       0       103919.82 112     5702834.0 ms
success		1       90      1       67      1       0       103753.84 111     5702834.0 ms
success		1       91      2       41      2       0       103706.85 110     5702834.0 ms
success		1       92      1       48      1       0       103367.11 109     5702834.0 ms
success		1       93      1       65      1       0       101918.15 108     5702834.0 ms
success		1       94      1       91      1       0       101804.49 107     5702834.0 ms
success		1       95      1       101     1       0       101591.99 106     5702834.0 ms
success		1       96      2       87      2       0       99596.17  105     5702834.0 ms
success		1       97      3       20      3       0       98556.10  104     5702834.0 ms
success		1       98      1       101     1       0       98310.84  103     5702834.0 ms
success		1       99      1       50      1       0       98122.22  102     5702834.0 ms
success		1       100     2       46      2       0       96842.56  101     5702834.0 ms
success		1       101     2       94      2       0       96026.08  100     5702834.0 ms
success		1       102     4       42      4       0       94946.45  99      5702834.0 ms
success		1       103     1       38      1       0       95083.25  98      5702834.0 ms
success		1       104     2       4       2       0       94812.09  97      5702834.0 ms
success		1       105     2       11      2       0       94721.68  96      5702834.0 ms
success		1       106     1       1       1       0       94709.92  95      5702834.0 ms
success		1       107     2       77      2       0       94081.80  94      5702834.0 ms
success		1       108     3       5       3       0       94030.60  93      5702834.0 ms
success		1       109     3       6       3       0       90944.01  92      5702834.0 ms
success		1       110     1       25      1       0       90324.88  91      5702834.0 ms
success		1       111     1       49      1       0       90191.01  90      5702834.0 ms
success		1       112     3       79      3       0       89756.50  89      5702834.0 ms
success		1       113     2       68      2       0       90031.79  88      5702834.0 ms
success		1       114     1       59      1       0       90059.70  87      5702850.0 ms
success		1       115     1       73      1       0       89950.02  86      5702850.0 ms
success		1       116     4       25      4       0       91555.27  85      5702850.0 ms
success		1       117     5       27      5       0       90498.92  84      5702850.0 ms
success		1       118     2       27      2       0       90377.31  83      5702850.0 ms
success		1       119     1       14      1       0       90461.22  82      5702850.0 ms
success		1       120     3       22      3       0       89846.69  81      5702850.0 ms
success		1       121     2       13      2       0       89597.26  80      5702850.0 ms
success		1       122     8       58      8       0       89740.65  79      5702850.0 ms
success		1       123     2       43      2       0       89492.69  78      5702850.0 ms
success		1       124     3       10      3       0       89188.45  77      5702850.0 ms
success		1       125     1       31      1       0       88244.76  76      5702850.0 ms
success		1       126     1       2       1       0       87616.93  75      5702850.0 ms
success		1       127     3       60      3       0       88046.88  74      5702850.0 ms
success		1       128     4       47      4       0       87480.94  73      5702850.0 ms
success		1       129     3       69      3       0       87436.87  72      5702850.0 ms
success		1       130     3       24      3       0       85764.65  71      5702850.0 ms
success		1       131     3       16      3       0       85589.19  70      5702850.0 ms
success		1       132     4       8       4       0       85419.80  69      5702850.0 ms
success		1       133     5       38      5       0       84224.99  68      5702850.0 ms
success		1       134     7       24      7       0       84643.74  67      5702850.0 ms
success		1       135     2       39      2       0       83290.79  66      5702850.0 ms
success		1       136     2       61      2       0       84093.07  65      5702850.0 ms
success		1       137     4       2       4       0       85091.22  64      5702866.0 ms
success		1       138     1       34      1       0       83789.11  63      5702866.0 ms
success		1       139     1       50      1       0       81489.90  62      5702866.0 ms
success		1       140     1       26      1       0       81465.82  61      5702866.0 ms
success		1       141     2       46      2       0       81406.79  60      5702866.0 ms
success		1       142     3       3       3       0       81333.21  59      5702866.0 ms
success		1       143     1       9       1       0       81366.36  58      5702866.0 ms
success		1       144     1       47      1       0       80816.52  57      5702866.0 ms
success		1       145     2       19      2       0       79766.07  56      5702866.0 ms
success		1       146     6       14      6       0       78042.65  55      5702866.0 ms
success		1       147     6       48      6       0       77080.66  54      5702866.0 ms
success		1       148     2       5       2       0       77211.37  53      5702866.0 ms
success		1       149     2       18      2       0       76577.66  52      5702866.0 ms
success		1       150     6       40      6       0       75614.26  51      5702866.0 ms
success		1       151     2       7       2       0       75613.60  50      5702866.0 ms
success		1       152     3       37      3       0       75567.99  49      5702866.0 ms
success		1       153     1       18      1       0       75168.99  48      5702866.0 ms
success		1       154     3       28      3       0       75306.13  47      5702866.0 ms
success		1       155     5       31      5       0       75429.54  46      5702866.0 ms
success		1       156     6       5       6       0       73424.80  45      5702866.0 ms
success		1       157     5       0       5       0       72317.14  44      5702866.0 ms
success		1       158     6       8       6       0       70370.11  43      5702866.0 ms
success		1       159     7       35      7       0       70760.32  42      5702881.0 ms
success		1       160     4       21      4       0       69234.98  41      5702881.0 ms
success		1       161     1       2       1       0       67879.72  40      5702881.0 ms
success		1       162     5       33      5       0       66083.49  39      5702881.0 ms
success		1       163     4       2       4       0       65504.62  38      5702881.0 ms
success		1       164     5       19      5       0       65379.92  37      5702881.0 ms
success		1       165     13      16      13      0       63370.60  36      5702881.0 ms
success		1       166     5       1       5       0       61606.12  35      5702881.0 ms
success		1       167     4       16      4       0       60467.07  34      5702881.0 ms
success		1       168     4       11      4       0       60141.54  33      5702881.0 ms
success		1       169     2       3       2       0       60144.21  32      5702881.0 ms
success		1       170     2       29      2       0       58767.52  31      5702881.0 ms
success		1       171     9       30      9       0       58003.57  30      5702881.0 ms
success		1       172     3       16      3       0       56554.82  29      5702881.0 ms
success		1       173     11      17      11      0       55671.13  28      5702881.0 ms
success		1       174     10      26      10      0       54953.69  27      5702897.0 ms
success		1       175     8       7       8       0       54256.53  26      5702897.0 ms
success		1       176     2       5       2       0       53287.19  25      5702897.0 ms
success		1       177     12      5       12      0       52205.67  24      5702897.0 ms
success		1       178     4       12      4       0       50402.90  23      5702897.0 ms
success		1       179     2       1       2       0       48463.27  22      5702897.0 ms
success		1       180     6       5       6       0       48823.89  21      5702897.0 ms
success		1       181     7       9       7       0       46685.64  20      5702897.0 ms
success		1       182     12      13      12      0       45693.15  19      5702897.0 ms
success		1       183     15      6       15      0       43563.56  18      5702897.0 ms
success		1       184     14      1       14      0       42337.06  17      5702897.0 ms
success		1       185     13      15      13      0       40858.50  16      5702897.0 ms
success		1       186     14      5       14      0       38647.81  15      5702912.0 ms
success		1       187     17      9       17      0       37081.64  14      5702912.0 ms
success		1       188     17      4       16      0       34645.10  13      5702928.0 ms
success		1       189     16      4       15      0       32675.71  12      5702928.0 ms
success		1       190     19      8       19      0       30150.51  11      5702944.0 ms
success		1       191     21      0       16      0       26666.90  10      5703084.0 ms
success		1       192     28      8       22      0       24009.02  9       5703271.0 ms
success		1       193     33      3       24      0       21295.95  8       5703630.0 ms
success		1       194     57      3       24      0       17906.83  7       5706313.0 ms
success		1       195     170     3       29      0       15041.65  6       5723457.0 ms
success		1       196     4716    0       34      0       11911.90  5       6338792.0 ms
cross iterater0

R.size:5

1		398	291	113	53	258	237	238	141	95	114	321	211	202	387	386	57	143	353	357	20	139	255	311	315	193	24	186	116	133	94	10	313	196	72	134	225	388	60	37	249	288	226	173	90	175	217	164	228	156	85	169	158	390	148	19	174	301	364	32	210	49	63	38	272	213	243	360	275	46	14	75	172	394	62	110	358	124	266	45	11	337	108	142	84	182	81	
2		265	350	316	355	70	129	378	292	304	234	312	399	274	78	15	50	362	268	147	112	283	73	306	263	16	299	215	310	375	66	307	354	34	333	161	6	305	377	117	368	198	115	271	4	280	166	284	326	334	122	289	325	335	356	314	248	149	293	107	224	18	295	330	281	12	51	349	290	82	178	279	157	276	184	359	389	
3		88	277	190	402	401	397	183	144	201	102	318	71	165	200	222	246	208	204	47	177	396	67	86	103	125	207	96	235	189	203	111	285	379	145	352	153	87	221	146	348	336	240	317	121	104	323	269	220	97	287	48	42	328	185	54	152	227	329	298	309	259	302	339	338	385	376	69	132	214	242	286	58	403	170	123	52	181	3	106	187	303	382	159	59	83	278	
4		192	13	23	395	400	188	128	380	2	8	294	327	131	245	76	91	391	7	232	155	135	374	308	167	168	256	267	93	180	300	218	332	136	61	340	371	365	43	392	30	366	253	151	282	239	55	65	345	89	25	343	236	9	77	257	341	351	369	342	229	17	373	404	219	260	367	28	241	251	35	212	163	138	194	247	99	33	118	230	273	199	100	393	29	22	140	
5		162	127	98	344	137	254	105	39	250	126	381	92	5	150	41	244	44	120	40	319	347	80	296	205	324	68	197	1	26	384	270	320	331	21	370	372	346	179	64	31	363	79	262	297	209	261	74	176	27	264	252	233	130	160	191	56	195	216	154	383	361	101	36	231	206	223	109	119	171	322	

data1/pdp400/LR2_4_8.txt
total_cost 11910.292216

