success		1       0       1       53      1       0       43628.51  104     15.0     ms
success		1       1       1       50      1       0       43218.92  103     15.0     ms
success		1       2       1       21      1       0       43267.09  102     15.0     ms
success		1       3       1       34      1       0       43070.83  101     15.0     ms
success		1       4       1       45      1       0       42440.86  100     15.0     ms
success		1       5       1       84      1       0       42292.93  99      15.0     ms
success		1       6       2       48      2       0       41560.90  98      15.0     ms
success		1       7       1       32      1       0       41563.92  97      15.0     ms
success		1       8       1       80      1       0       41406.07  96      15.0     ms
success		1       9       1       90      1       0       40844.72  95      31.0     ms
success		1       10      1       22      1       0       40158.01  94      31.0     ms
success		1       11      1       73      1       0       40015.16  93      31.0     ms
success		1       12      1       81      1       0       39562.16  92      31.0     ms
success		1       13      1       42      1       0       38884.79  91      31.0     ms
success		1       14      1       61      1       0       37900.12  90      31.0     ms
success		1       15      1       84      1       0       37792.08  89      31.0     ms
success		1       16      2       27      2       0       37639.78  88      31.0     ms
success		1       17      1       49      1       0       37262.23  87      31.0     ms
success		1       18      1       15      1       0       36923.20  86      31.0     ms
success		1       19      1       44      1       0       36872.34  85      31.0     ms
success		1       20      1       24      1       0       36733.19  84      31.0     ms
success		1       21      1       38      1       0       36793.50  83      31.0     ms
success		1       22      1       18      1       0       36817.64  82      31.0     ms
success		1       23      1       19      1       0       36647.78  81      31.0     ms
success		1       24      2       24      2       0       36250.95  80      31.0     ms
success		1       25      1       70      1       0       36332.92  79      31.0     ms
success		1       26      1       27      1       0       35855.47  78      31.0     ms
success		1       27      1       59      1       0       35445.01  77      31.0     ms
success		1       28      1       3       1       0       35336.13  76      31.0     ms
success		1       29      1       51      1       0       35080.81  75      31.0     ms
success		1       30      1       23      1       0       34682.32  74      31.0     ms
success		1       31      1       64      1       0       34635.58  73      31.0     ms
success		1       32      1       10      1       0       34064.88  72      31.0     ms
success		1       33      1       48      1       0       33699.45  71      31.0     ms
success		1       34      1       61      1       0       33634.22  70      31.0     ms
success		1       35      1       8       1       0       33173.93  69      31.0     ms
success		1       36      1       18      1       0       32667.61  68      31.0     ms
success		1       37      2       5       2       0       31962.42  67      31.0     ms
success		1       38      1       49      1       0       31499.77  66      31.0     ms
success		1       39      2       37      2       0       30785.52  65      31.0     ms
success		1       40      2       24      2       0       30525.56  64      31.0     ms
success		1       41      2       3       2       0       30022.17  63      31.0     ms
success		1       42      1       47      1       0       29353.03  62      31.0     ms
success		1       43      2       42      2       0       28647.17  61      31.0     ms
success		1       44      1       16      1       0       28088.81  60      31.0     ms
success		1       45      1       27      1       0       27875.84  59      31.0     ms
success		1       46      1       43      1       0       27267.07  58      31.0     ms
success		1       47      2       14      2       0       26434.33  57      31.0     ms
success		1       48      1       29      1       0       26111.93  56      31.0     ms
success		1       49      1       10      1       0       25597.41  55      31.0     ms
success		1       50      3       16      3       0       25400.77  54      31.0     ms
success		1       51      2       41      2       0       24362.75  53      31.0     ms
success		1       52      1       45      1       0       23811.39  52      31.0     ms
success		1       53      2       42      2       0       23568.47  51      31.0     ms
success		1       54      2       13      2       0       23280.72  50      31.0     ms
success		1       55      2       35      2       0       22595.06  49      31.0     ms
success		1       56      2       9       2       0       22664.72  48      31.0     ms
success		1       57      2       8       2       0       22012.04  47      31.0     ms
success		1       58      2       14      2       0       21840.19  46      31.0     ms
success		1       59      3       26      3       0       21336.31  45      31.0     ms
success		1       60      2       32      2       0       20930.43  44      31.0     ms
success		1       61      3       16      3       0       20405.85  43      31.0     ms
success		1       62      3       22      3       0       19828.99  42      31.0     ms
success		1       63      2       36      2       0       19019.82  41      31.0     ms
success		1       64      6       15      3       0       18928.69  38      46.0     ms
success		1       65      3       27      3       0       18355.53  37      46.0     ms
success		1       66      2       14      2       0       17341.41  36      46.0     ms
success		1       67      4       29      3       0       17338.18  35      46.0     ms
success		1       68      5       17      3       0       17026.81  34      46.0     ms
success		1       69      6       29      4       0       17384.94  33      46.0     ms
success		1       70      16      21      3       0       13720.62  30      93.0     ms
success		1       71      21      26      4       0       13124.07  29      124.0    ms
success		1       72      13      1       2       0       12334.47  28      171.0    ms
success		1       73      48      5       4       0       11248.28  27      234.0    ms
success		1       74      63      14      3       0       11251.07  26      343.0    ms
success		1       75      139     20      4       0       10370.96  25      561.0    ms
success		1       76      427     17      5       0       9707.81   24      1185.0   ms
success		1       0       1       28      1       0       56462.02  104     1950.0   ms
success		1       1       1       99      1       0       55767.44  103     1950.0   ms
success		1       2       1       64      1       0       55598.81  102     1950.0   ms
success		1       3       1       72      1       0       55305.94  101     1950.0   ms
success		1       4       1       15      1       0       54965.95  100     1950.0   ms
success		1       5       1       37      1       0       54479.13  99      1950.0   ms
success		1       6       1       33      1       0       53799.67  98      1950.0   ms
success		1       7       1       0       1       0       52745.36  97      1950.0   ms
success		1       8       1       51      1       0       52555.83  96      1950.0   ms
success		1       9       1       83      1       0       52212.52  95      1950.0   ms
success		1       10      1       29      1       0       51578.96  94      1950.0   ms
success		1       11      1       81      1       0       50715.26  93      1950.0   ms
success		1       12      1       65      1       0       50012.10  92      1950.0   ms
success		1       13      1       28      1       0       49696.01  91      1950.0   ms
success		1       14      1       72      1       0       49588.63  90      1950.0   ms
success		1       15      1       16      1       0       49424.02  89      1950.0   ms
success		1       16      2       53      2       0       48918.50  88      1950.0   ms
success		1       17      1       20      1       0       48280.90  87      1950.0   ms
success		1       18      1       35      1       0       47695.28  86      1965.0   ms
success		1       19      1       64      1       0       47018.48  85      1965.0   ms
success		1       20      2       43      2       0       46150.67  84      1965.0   ms
success		1       21      2       47      2       0       45586.37  83      1965.0   ms
success		1       22      1       81      1       0       44533.24  82      1965.0   ms
success		1       23      1       47      1       0       43928.23  81      1965.0   ms
success		1       24      1       60      1       0       43362.39  80      1965.0   ms
success		1       25      1       62      1       0       42415.65  79      1965.0   ms
success		1       26      3       39      3       0       41399.14  78      1965.0   ms
success		1       27      2       77      2       0       40321.94  77      1965.0   ms
success		1       28      1       31      1       0       39653.86  76      1965.0   ms
success		1       29      1       63      1       0       39066.27  75      1965.0   ms
success		1       30      1       34      1       0       38246.54  74      1965.0   ms
success		1       31      1       25      1       0       37554.42  73      1965.0   ms
success		1       32      1       11      1       0       36598.46  72      1965.0   ms
success		1       33      1       15      1       0       36007.52  71      1965.0   ms
success		1       34      2       33      2       0       35929.19  70      1965.0   ms
success		1       35      1       9       1       0       35799.63  69      1965.0   ms
success		1       36      2       44      2       0       34755.17  68      1965.0   ms
success		1       37      3       14      3       0       34598.92  67      1965.0   ms
success		1       38      1       5       1       0       34172.74  66      1965.0   ms
success		1       39      2       41      2       0       33683.71  65      1965.0   ms
success		1       40      2       18      2       0       33434.99  64      1965.0   ms
success		1       41      2       4       2       0       32571.66  63      1965.0   ms
success		1       42      2       13      2       0       32069.79  62      1965.0   ms
success		1       43      2       32      2       0       31406.46  61      1965.0   ms
success		1       44      1       42      1       0       31108.90  60      1965.0   ms
success		1       45      3       9       3       0       30378.36  59      1965.0   ms
success		1       46      1       29      1       0       29870.38  58      1965.0   ms
success		1       47      3       33      3       0       29815.88  57      1965.0   ms
success		1       48      4       28      4       0       29553.03  56      1965.0   ms
success		1       49      2       37      2       0       29075.17  55      1965.0   ms
success		1       50      2       16      2       0       28420.97  54      1965.0   ms
success		1       51      3       5       3       0       27869.92  53      1965.0   ms
success		1       52      3       16      3       0       26883.22  52      1965.0   ms
success		1       53      1       45      1       0       26303.62  51      1965.0   ms
success		1       54      1       14      1       0       25360.30  50      1965.0   ms
success		1       55      2       4       2       0       25029.41  49      1965.0   ms
success		1       56      1       47      1       0       24559.15  48      1965.0   ms
success		1       57      2       8       2       0       24038.43  47      1965.0   ms
success		1       58      2       3       2       0       23322.88  46      1965.0   ms
success		1       59      3       20      3       0       22639.58  45      1965.0   ms
success		1       60      2       7       2       0       22167.00  44      1965.0   ms
success		1       61      2       29      2       0       21116.76  43      1965.0   ms
success		1       62      2       20      2       0       20420.17  42      1965.0   ms
success		1       63      4       23      3       0       22089.97  41      1965.0   ms
success		1       64      1       3       1       0       21298.78  40      1965.0   ms
success		1       65      4       5       2       0       18501.45  38      1965.0   ms
success		1       66      4       13      4       0       17536.29  37      1965.0   ms
success		1       67      3       13      3       0       16760.09  36      1965.0   ms
success		1       68      7       23      3       0       17941.47  34      1965.0   ms
success		1       69      6       33      3       0       16535.56  33      1965.0   ms
success		1       70      3       29      3       0       15406.92  32      1965.0   ms
success		1       71      5       25      4       0       14626.29  31      1965.0   ms
success		1       72      11      10      4       0       13715.10  30      1981.0   ms
success		1       73      20      25      2       0       13095.18  29      1996.0   ms
success		1       74      17      4       5       0       13306.64  28      2012.0   ms
success		1       75      38      8       3       0       12164.74  27      2043.0   ms
success		1       76      95      6       4       0       11646.58  26      2168.0   ms
success		1       77      129     5       5       0       10525.34  25      2371.0   ms
success		1       0       1       62      1       0       56688.09  104     3010.0   ms
success		1       1       1       73      1       0       55971.41  103     3010.0   ms
success		1       2       1       9       1       0       55113.97  102     3010.0   ms
success		1       3       1       12      1       0       54554.76  101     3010.0   ms
success		1       4       1       31      1       0       54497.18  100     3010.0   ms
success		1       5       1       31      1       0       54099.89  99      3010.0   ms
success		1       6       1       87      1       0       53534.53  98      3010.0   ms
success		1       7       1       25      1       0       52642.30  97      3010.0   ms
success		1       8       1       12      1       0       51839.05  96      3026.0   ms
success		1       9       1       66      1       0       51257.52  95      3026.0   ms
success		1       10      1       64      1       0       50886.39  94      3026.0   ms
success		1       11      1       64      1       0       50367.83  93      3026.0   ms
success		1       12      1       56      1       0       50106.23  92      3026.0   ms
success		1       13      1       0       1       0       49388.61  91      3026.0   ms
success		1       14      1       62      1       0       48634.44  90      3026.0   ms
success		1       15      1       15      1       0       47904.25  89      3026.0   ms
success		1       16      1       72      1       0       47412.09  88      3026.0   ms
success		1       17      2       7       2       0       47055.19  87      3026.0   ms
success		1       18      1       67      1       0       46585.15  86      3026.0   ms
success		1       19      1       74      1       0       45943.13  85      3026.0   ms
success		1       20      2       67      2       0       44830.42  84      3026.0   ms
success		1       21      1       12      1       0       44387.23  83      3026.0   ms
success		1       22      1       67      1       0       44081.00  82      3026.0   ms
success		1       23      1       35      1       0       43200.71  81      3026.0   ms
success		1       24      1       6       1       0       42874.57  80      3026.0   ms
success		1       25      2       69      2       0       42620.46  79      3026.0   ms
success		1       26      2       49      2       0       41774.00  78      3026.0   ms
success		1       27      1       5       1       0       40848.62  77      3026.0   ms
success		1       28      1       28      1       0       40349.01  76      3026.0   ms
success		1       29      1       17      1       0       39711.94  75      3026.0   ms
success		1       30      1       6       1       0       38762.22  74      3026.0   ms
success		1       31      2       69      2       0       38221.50  73      3026.0   ms
success		1       32      2       27      2       0       37861.31  72      3026.0   ms
success		1       33      2       34      2       0       37338.22  71      3026.0   ms
success		1       34      2       68      2       0       36597.73  70      3026.0   ms
success		1       35      2       2       2       0       35852.18  69      3026.0   ms
success		1       36      1       40      1       0       35253.13  68      3026.0   ms
success		1       37      2       43      2       0       34771.40  67      3026.0   ms
success		1       38      1       54      1       0       34583.83  66      3026.0   ms
success		1       39      2       25      2       0       33664.71  65      3026.0   ms
success		1       40      1       54      1       0       33271.10  64      3026.0   ms
success		1       41      2       21      2       0       32621.58  63      3026.0   ms
success		1       42      3       29      3       0       31720.35  62      3026.0   ms
success		1       43      2       0       2       0       31160.60  61      3026.0   ms
success		1       44      2       34      2       0       30643.69  60      3026.0   ms
success		1       45      2       30      2       0       29912.68  59      3026.0   ms
success		1       46      2       33      2       0       29164.53  58      3026.0   ms
success		1       47      1       8       1       0       28551.95  57      3026.0   ms
success		1       48      2       32      2       0       28381.16  56      3026.0   ms
success		1       49      2       51      2       0       28209.83  55      3026.0   ms
success		1       50      1       24      1       0       27249.44  54      3026.0   ms
success		1       51      1       4       1       0       26888.12  53      3026.0   ms
success		1       52      3       27      3       0       26464.08  52      3026.0   ms
success		1       53      4       30      4       0       25800.69  51      3026.0   ms
success		1       54      2       38      2       0       25113.30  50      3026.0   ms
success		1       55      3       15      3       0       24204.87  49      3026.0   ms
success		1       56      2       41      2       0       23422.95  48      3026.0   ms
success		1       57      3       13      3       0       22874.62  47      3026.0   ms
success		1       58      3       37      3       0       22955.64  46      3026.0   ms
success		1       59      1       41      1       0       22132.68  45      3026.0   ms
success		1       60      3       4       3       0       21337.31  44      3026.0   ms
success		1       61      3       20      2       0       21026.67  40      3026.0   ms
success		1       62      2       6       2       0       20084.05  39      3026.0   ms
success		1       63      3       29      3       0       19495.77  38      3026.0   ms
success		1       64      2       9       2       0       18360.60  37      3026.0   ms
success		1       65      3       4       3       0       17294.32  36      3026.0   ms
success		1       66      5       17      4       0       17678.57  35      3026.0   ms
success		1       67      5       1       3       0       17097.60  34      3026.0   ms
success		1       68      12      7       4       0       16138.67  33      3041.0   ms
success		1       69      3       28      3       0       15234.11  32      3041.0   ms
success		1       70      4       8       4       0       14572.45  31      3041.0   ms
success		1       71      31      30      3       0       13637.48  30      3057.0   ms
success		1       72      12      12      3       0       12609.84  29      3073.0   ms
success		1       73      24      11      4       0       13125.42  28      3088.0   ms
success		1       74      27      2       6       0       11548.27  27      3104.0   ms
success		1       75      38      5       4       0       11601.69  26      3151.0   ms
success		1       76      97      12      4       0       10991.16  25      3260.0   ms
success		1       0       1       13      1       0       56322.87  104     3946.0   ms
success		1       1       1       69      1       0       55622.81  103     3946.0   ms
success		1       2       1       52      1       0       54968.38  102     3946.0   ms
success		1       3       1       58      1       0       54721.70  101     3946.0   ms
success		1       4       2       39      2       0       54253.86  100     3946.0   ms
success		1       5       1       14      1       0       53300.34  99      3946.0   ms
success		1       6       1       48      1       0       53077.12  98      3946.0   ms
success		1       7       1       6       1       0       52260.37  97      3946.0   ms
success		1       8       2       43      2       0       51913.26  96      3946.0   ms
success		1       9       1       17      1       0       51253.12  95      3946.0   ms
success		1       10      1       7       1       0       50620.99  94      3946.0   ms
success		1       11      1       80      1       0       50279.05  93      3946.0   ms
success		1       12      1       18      1       0       49554.17  92      3946.0   ms
success		1       13      1       17      1       0       49158.37  91      3946.0   ms
success		1       14      1       86      1       0       48969.74  90      3946.0   ms
success		1       15      1       64      1       0       48643.14  89      3946.0   ms
success		1       16      1       58      1       0       47910.40  88      3946.0   ms
success		1       17      1       23      1       0       47247.57  87      3946.0   ms
success		1       18      2       47      2       0       46456.88  86      3946.0   ms
success		1       19      2       62      2       0       45992.83  85      3946.0   ms
success		1       20      1       75      1       0       45534.36  84      3946.0   ms
success		1       21      2       23      2       0       45091.65  83      3946.0   ms
success		1       22      1       71      1       0       43984.41  82      3946.0   ms
success		1       23      1       29      1       0       43638.70  81      3946.0   ms
success		1       24      2       52      2       0       43181.00  80      3946.0   ms
success		1       25      1       3       1       0       42650.84  79      3946.0   ms
success		1       26      1       59      1       0       42016.70  78      3946.0   ms
success		1       27      1       53      1       0       41254.73  77      3946.0   ms
success		1       28      2       0       2       0       40985.19  76      3946.0   ms
success		1       29      1       56      1       0       40549.61  75      3946.0   ms
success		1       30      1       4       1       0       39387.25  74      3946.0   ms
success		1       31      1       45      1       0       38304.34  73      3946.0   ms
success		1       32      2       31      2       0       37987.90  72      3946.0   ms
success		1       33      1       26      1       0       37684.03  71      3946.0   ms
success		1       34      1       48      1       0       36988.54  70      3946.0   ms
success		1       35      1       45      1       0       36459.79  69      3946.0   ms
success		1       36      1       30      1       0       35489.63  68      3946.0   ms
success		1       37      1       40      1       0       35083.39  67      3946.0   ms
success		1       38      1       47      1       0       34225.65  66      3946.0   ms
success		1       39      1       64      1       0       33403.74  65      3946.0   ms
success		1       40      1       41      1       0       32688.08  64      3946.0   ms
success		1       41      2       38      2       0       32367.94  63      3946.0   ms
success		1       42      2       54      2       0       31887.37  62      3946.0   ms
success		1       43      2       5       2       0       30978.88  61      3946.0   ms
success		1       44      2       31      2       0       30111.95  60      3946.0   ms
success		1       45      3       50      3       0       30089.39  59      3946.0   ms
success		1       46      3       39      3       0       29389.37  58      3946.0   ms
success		1       47      2       22      2       0       28559.06  57      3946.0   ms
success		1       48      1       16      1       0       28099.50  56      3946.0   ms
success		1       49      1       7       1       0       27558.50  55      3946.0   ms
success		1       50      2       43      2       0       27237.92  54      3946.0   ms
success		1       51      1       29      1       0       26885.46  53      3946.0   ms
success		1       52      2       5       2       0       26201.53  52      3946.0   ms
success		1       53      1       3       1       0       25625.64  51      3946.0   ms
success		1       54      2       8       2       0       25187.47  50      3946.0   ms
success		1       55      2       8       2       0       24343.06  49      3946.0   ms
success		1       56      3       2       3       0       23499.97  48      3946.0   ms
success		1       57      2       45      2       0       22488.57  47      3946.0   ms
success		1       58      3       6       3       0       21654.83  46      3946.0   ms
success		1       59      2       3       2       0       21696.27  45      3946.0   ms
success		1       60      3       36      3       0       21211.22  44      3946.0   ms
success		1       61      2       22      2       0       20722.02  43      3946.0   ms
success		1       62      2       18      2       0       20343.61  42      3946.0   ms
success		1       63      4       22      3       0       21517.18  41      3946.0   ms
success		1       64      2       13      2       0       20670.85  40      3946.0   ms
success		1       65      3       27      3       0       19440.68  39      3946.0   ms
success		1       66      3       6       3       0       18774.74  38      3946.0   ms
success		1       67      5       34      3       0       20502.11  37      3946.0   ms
success		1       68      5       29      5       0       19323.30  36      3946.0   ms
success		1       69      5       30      3       0       17172.35  35      3946.0   ms
success		1       70      5       27      3       0       18094.87  34      3962.0   ms
success		1       71      7       15      5       0       16921.30  33      3962.0   ms
success		1       72      3       28      3       0       16047.36  32      3962.0   ms
success		1       73      7       11      2       0       15253.84  31      3962.0   ms
success		1       74      6       24      3       0       14730.52  30      3962.0   ms
success		1       75      29      22      3       0       12500.85  29      3993.0   ms
success		1       76      22      3       3       0       13055.79  28      4009.0   ms
success		1       77      29      17      4       0       11995.48  27      4040.0   ms
success		1       78      37      1       4       0       10841.83  26      4087.0   ms
success		1       79      128     9       3       0       10897.43  25      4274.0   ms
success		1       0       1       103     1       0       56739.82  104     5038.0   ms
success		1       1       1       64      1       0       56123.62  103     5038.0   ms
success		1       2       1       17      1       0       55460.43  102     5038.0   ms
success		1       3       1       79      1       0       55210.28  101     5038.0   ms
success		1       4       1       26      1       0       54285.01  100     5038.0   ms
success		1       5       1       91      1       0       53865.58  99      5038.0   ms
success		1       6       2       29      2       0       53596.27  98      5038.0   ms
success		1       7       1       29      1       0       52808.17  97      5038.0   ms
success		1       8       1       70      1       0       52235.59  96      5038.0   ms
success		1       9       1       18      1       0       51627.18  95      5038.0   ms
success		1       10      1       22      1       0       50740.64  94      5038.0   ms
success		1       11      1       14      1       0       50308.89  93      5038.0   ms
success		1       12      1       85      1       0       49774.31  92      5038.0   ms
success		1       13      2       30      2       0       49145.52  91      5038.0   ms
success		1       14      2       41      2       0       48506.70  90      5038.0   ms
success		1       15      1       4       1       0       47762.73  89      5038.0   ms
success		1       16      1       1       1       0       47157.59  88      5038.0   ms
success		1       17      1       46      1       0       47016.84  87      5038.0   ms
success		1       18      1       75      1       0       46163.87  86      5038.0   ms
success		1       19      1       21      1       0       45360.89  85      5038.0   ms
success		1       20      1       11      1       0       44852.37  84      5038.0   ms
success		1       21      1       55      1       0       44236.34  83      5038.0   ms
success		1       22      1       4       1       0       44023.35  82      5038.0   ms
success		1       23      2       25      2       0       43561.24  81      5038.0   ms
success		1       24      2       26      2       0       43329.84  80      5038.0   ms
success		1       25      2       29      2       0       42667.66  79      5038.0   ms
success		1       26      1       9       1       0       42306.34  78      5038.0   ms
success		1       27      1       7       1       0       41812.08  77      5038.0   ms
success		1       28      2       61      2       0       41873.65  76      5038.0   ms
success		1       29      1       58      1       0       41139.97  75      5038.0   ms
success		1       30      2       34      2       0       40638.81  74      5038.0   ms
success		1       31      1       45      1       0       39878.94  73      5038.0   ms
success		1       32      2       27      2       0       39055.40  72      5038.0   ms
success		1       33      1       29      1       0       38138.29  71      5038.0   ms
success		1       34      1       20      1       0       37751.94  70      5038.0   ms
success		1       35      2       42      2       0       36981.12  69      5038.0   ms
success		1       36      1       13      1       0       36676.79  68      5038.0   ms
success		1       37      2       54      2       0       36577.36  67      5038.0   ms
success		1       38      2       0       2       0       36138.17  66      5038.0   ms
success		1       39      2       47      2       0       35635.60  65      5038.0   ms
success		1       40      2       38      2       0       34879.04  64      5038.0   ms
success		1       41      2       22      2       0       34171.65  63      5038.0   ms
success		1       42      1       5       1       0       33481.29  62      5038.0   ms
success		1       43      3       48      3       0       32510.76  61      5038.0   ms
success		1       44      2       8       2       0       32371.16  60      5054.0   ms
success		1       45      1       7       1       0       31457.66  59      5054.0   ms
success		1       46      1       7       1       0       30754.45  58      5054.0   ms
success		1       47      2       53      2       0       30306.84  57      5054.0   ms
success		1       48      3       49      3       0       29509.21  56      5054.0   ms
success		1       49      1       52      1       0       28920.04  55      5054.0   ms
success		1       50      1       28      1       0       28324.84  54      5054.0   ms
success		1       51      1       16      1       0       28053.62  53      5054.0   ms
success		1       52      2       16      2       0       27382.65  52      5054.0   ms
success		1       53      2       32      2       0       26640.73  51      5054.0   ms
success		1       54      2       43      2       0       26294.35  50      5054.0   ms
success		1       55      2       48      2       0       25255.46  49      5054.0   ms
success		1       56      2       9       2       0       24632.88  48      5054.0   ms
success		1       57      3       10      3       0       24254.75  47      5054.0   ms
success		1       58      2       23      2       0       23303.39  46      5054.0   ms
success		1       59      2       40      2       0       22714.98  45      5054.0   ms
success		1       60      2       23      2       0       21834.34  44      5054.0   ms
success		1       61      2       13      2       0       21513.85  43      5054.0   ms
success		1       62      5       8       3       0       23228.59  41      5054.0   ms
success		1       63      4       6       4       0       22244.55  40      5054.0   ms
success		1       64      3       26      3       0       21038.04  39      5054.0   ms
success		1       65      3       9       3       0       19888.65  38      5069.0   ms
success		1       66      5       10      3       0       19403.25  36      5069.0   ms
success		1       67      5       0       3       0       17476.37  35      5069.0   ms
success		1       68      2       22      2       0       16950.52  34      5069.0   ms
success		1       69      4       22      2       0       15538.93  33      5085.0   ms
success		1       70      10      7       3       0       15848.82  32      5085.0   ms
success		1       71      12      25      5       0       15163.42  31      5085.0   ms
success		1       72      7       7       3       0       13873.13  30      5085.0   ms
success		1       73      22      4       4       0       14363.07  29      5101.0   ms
success		1       74      9       9       3       0       12246.72  28      5116.0   ms
success		1       75      34      0       4       0       12302.84  27      5132.0   ms
success		1       76      29      2       3       0       11666.46  26      5163.0   ms
success		1       77      163     17      4       0       10434.13  25      5397.0   ms
success		1       78      212     22      3       0       10022.70  24      5709.0   ms
success		1       0       1       47      1       0       56796.40  104     6333.0   ms
success		1       1       1       2       1       0       56372.64  103     6333.0   ms
success		1       2       1       33      1       0       55977.80  102     6333.0   ms
success		1       3       1       42      1       0       55842.77  101     6333.0   ms
success		1       4       1       44      1       0       55431.56  100     6333.0   ms
success		1       5       1       54      1       0       54746.89  99      6333.0   ms
success		1       6       1       15      1       0       54474.02  98      6333.0   ms
success		1       7       1       83      1       0       54280.39  97      6333.0   ms
success		1       8       1       57      1       0       53691.85  96      6333.0   ms
success		1       9       1       20      1       0       53285.85  95      6333.0   ms
success		1       10      1       15      1       0       52750.68  94      6333.0   ms
success		1       11      1       60      1       0       52166.75  93      6333.0   ms
success		1       12      1       34      1       0       51473.43  92      6333.0   ms
success		1       13      2       58      2       0       51236.34  91      6333.0   ms
success		1       14      2       2       2       0       50218.62  90      6333.0   ms
success		1       15      1       23      1       0       49096.41  89      6333.0   ms
success		1       16      2       62      2       0       48488.09  88      6333.0   ms
success		1       17      2       30      2       0       47916.02  87      6333.0   ms
success		1       18      2       69      2       0       47860.63  86      6333.0   ms
success		1       19      2       59      2       0       46934.40  85      6333.0   ms
success		1       20      1       81      1       0       46489.75  84      6333.0   ms
success		1       21      1       13      1       0       45786.62  83      6333.0   ms
success		1       22      1       40      1       0       45328.86  82      6333.0   ms
success		1       23      1       68      1       0       45052.36  81      6333.0   ms
success		1       24      1       27      1       0       44276.60  80      6333.0   ms
success		1       25      1       1       1       0       43680.98  79      6333.0   ms
success		1       26      1       23      1       0       43236.75  78      6333.0   ms
success		1       27      1       75      1       0       42197.94  77      6333.0   ms
success		1       28      2       29      2       0       41571.07  76      6333.0   ms
success		1       29      2       0       2       0       40627.54  75      6333.0   ms
success		1       30      1       65      1       0       40136.53  74      6333.0   ms
success		1       31      1       59      1       0       39253.00  73      6333.0   ms
success		1       32      1       45      1       0       38426.89  72      6333.0   ms
success		1       33      1       57      1       0       38071.09  71      6333.0   ms
success		1       34      2       54      2       0       37443.03  70      6333.0   ms
success		1       35      1       12      1       0       37090.21  69      6333.0   ms
success		1       36      2       28      2       0       36383.25  68      6333.0   ms
success		1       37      1       21      1       0       36010.30  67      6333.0   ms
success		1       38      2       66      2       0       35055.57  66      6333.0   ms
success		1       39      2       22      2       0       34203.28  65      6333.0   ms
success		1       40      1       62      1       0       33848.45  64      6333.0   ms
success		1       41      1       5       1       0       33156.50  63      6333.0   ms
success		1       42      2       59      2       0       32541.85  62      6333.0   ms
success		1       43      1       60      1       0       31847.18  61      6333.0   ms
success		1       44      2       55      2       0       31359.38  60      6333.0   ms
success		1       45      1       35      1       0       30753.77  59      6333.0   ms
success		1       46      3       22      3       0       29831.49  58      6333.0   ms
success		1       47      1       30      1       0       29207.53  57      6333.0   ms
success		1       48      1       4       1       0       28651.43  56      6333.0   ms
success		1       49      3       22      3       0       28032.51  55      6333.0   ms
success		1       50      2       3       2       0       27424.61  54      6333.0   ms
success		1       51      2       21      2       0       27245.25  53      6333.0   ms
success		1       52      2       46      2       0       26764.32  52      6333.0   ms
success		1       53      1       31      1       0       25980.05  51      6333.0   ms
success		1       54      3       23      3       0       25180.71  50      6333.0   ms
success		1       55      2       14      2       0       24089.86  49      6333.0   ms
success		1       56      2       2       2       0       24033.59  48      6349.0   ms
success		1       57      2       35      2       0       23726.81  47      6349.0   ms
success		1       58      3       34      3       0       23348.39  46      6349.0   ms
success		1       59      1       18      1       0       22874.97  45      6349.0   ms
success		1       60      3       27      3       0       22139.28  44      6349.0   ms
success		1       61      2       33      2       0       21560.16  43      6349.0   ms
success		1       62      3       38      3       0       20308.14  42      6349.0   ms
success		1       63      3       13      3       0       19708.95  41      6349.0   ms
success		1       64      3       9       3       0       18962.45  40      6349.0   ms
success		1       65      5       18      3       0       19936.58  39      6349.0   ms
success		1       66      2       29      2       0       19256.89  38      6349.0   ms
success		1       67      4       3       4       0       18037.58  37      6349.0   ms
success		1       68      2       18      2       0       16970.71  36      6349.0   ms
success		1       69      4       21      3       0       17871.70  35      6349.0   ms
success		1       70      3       30      3       0       16536.54  34      6349.0   ms
success		1       71      6       3       3       0       17542.59  33      6349.0   ms
success		1       72      12      9       3       0       15825.20  32      6349.0   ms
success		1       73      12      25      3       0       14911.52  31      6349.0   ms
success		1       74      6       8       3       0       15016.67  30      6349.0   ms
success		1       75      6       15      3       0       14030.30  29      6364.0   ms
success		1       76      16      5       4       0       13012.79  28      6364.0   ms
success		1       77      39      21      5       0       11285.05  27      6395.0   ms
success		1       78      113     6       3       0       11460.16  26      6458.0   ms
success		1       79      104     9       4       0       10216.58  25      6551.0   ms
cross iterater0
rand   	fail		7500.79   10615.83  25      7659.0   ms cross
rand   	success		7969.83   10218.31  25      7815.0   ms cross
ab
ab6	3
cross iterater1
rand   	success		7604.56   10621.90  25      8158.0   ms cross
rand   	fail		8317.56   11256.73  25      8907.0   ms cross
rand   	fail		7306.47   10707.72  25      9593.0   ms cross
rand   	success		8055.61   10486.65  25      9609.0   ms cross
ab
ab6	5
fail		7564.19   10517.18  25      10233.0  ms
cross iterater2
rand   	success		8556.95   10360.04  25      10311.0  ms cross
rand   	success		8293.43   11028.94  26      10327.0  ms cross
rand   	success		7534.74   10468.63  25      10451.0  ms cross
rand   	fail		8170.06   11331.21  25      10935.0  ms cross
ab
ab7	2
ab6	1
fail		7732.81   10570.70  25      11559.0  ms
cross iterater3
rand   	success		7725.35   10633.03  26      11653.0  ms cross
rand   	success		8317.19   10489.88  25      11871.0  ms cross
rand   	fail		8120.51   11252.90  25      12635.0  ms cross
rand   	success		7867.99   10510.73  25      12885.0  ms cross
ab
ab7	5
fail		8225.05   11303.25  25      13603.0  ms
cross iterater4
rand   	success		7936.98   10848.87  25      13727.0  ms cross
rand   	success		7913.30   10565.63  25      13977.0  ms cross
ab
ab7	0
cross iterater5
ab
ab6	2
fail		7960.25   10661.64  24      14757.0  ms
fail		8467.30   11301.92  25      15475.0  ms
cross iterater6
rand   	success		7403.63   10849.41  25      15490.0  ms cross
rand   	success		7438.59   9574.51   24      15646.0  ms cross
rand   	
rand   	success		7119.58   9821.29   24      16364.0  ms cross
ab
ab6	5
fail		7497.12   10503.40  25      17097.0  ms
cross iterater7
rand   	success		8067.70   10426.58  25      17284.0  ms cross
rand   	success		7714.43   11225.73  26      17300.0  ms cross
rand   	success		7090.20   10559.92  25      17612.0  ms cross
rand   	success		6980.88   9592.93   24      17986.0  ms cross
ab
ab6	1
cross iterater8
rand   	success		7966.90   11064.30  26      18002.0  ms cross
rand   	success		7636.02   10803.67  25      18142.0  ms cross
rand   	success		7568.76   10102.00  24      18657.0  ms cross
rand   	success		8082.70   10014.91  25      18938.0  ms cross
rand   	fail		7133.91   11020.86  25      19733.0  ms cross
rand   	fail		7045.29   10412.25  25      20435.0  ms cross
ab
ab6	5
fail		7438.59   9867.44   24      21153.0  ms
fail		7119.58   10190.05  24      21917.0  ms
cross iterater9
rand   	success		7349.15   10024.83  24      22448.0  ms cross
rand   	success		7586.83   11279.23  26      22448.0  ms cross
rand   	success		7948.83   10899.52  25      22682.0  ms cross
rand   	success		7027.10   9348.01   24      23306.0  ms cross
ab
ab7	2
cross iterater10
rand   	success		7399.79   10382.95  25      23509.0  ms cross
rand   	success		6963.47   9672.32   24      23587.0  ms cross
rand   	
rand   	fail		7709.60   11156.85  25      25084.0  ms cross
ab
ab6	4
ab7	0
cross iterater11
rand   	success		6979.49   10649.19  25      25225.0  ms cross
rand   	
rand   	fail		7572.54   10907.61  25      26582.0  ms cross
rand   	success		8087.04   10185.93  25      26597.0  ms cross
rand   	fail		7114.79   10725.34  25      27315.0  ms cross
rand   	
ab
ab6	4
ab7	3
fail		7734.81   10593.89  24      28828.0  ms
fail		7564.85   10508.85  24      29577.0  ms
cross iterater12
rand   	
rand   	fail		7404.95   11000.07  25      30841.0  ms cross
ab
ab7	4
fail		7597.95   10315.67  24      31558.0  ms
fail		7696.38   10350.30  24      32057.0  ms
cross iterater13
rand   	
rand   	
rand   	
rand   	
ab
ab7	2
ab6	3
fail		7713.90   10685.10  24      35770.0  ms
cross iterater14
rand   	fail		7662.05   10858.09  25      36410.0  ms cross
rand   	success		7164.46   9909.48   24      37096.0  ms cross
rand   	
rand   	
ab
ab6	4
fail		7710.28   10504.69  24      39030.0  ms
fail		6980.88   10192.99  24      39920.0  ms
cross iterater15
rand   	
rand   	
rand   	
rand   	fail		7455.25   10884.66  25      42821.0  ms cross
ab
ab7	0
ab6	4
cross iterater16
ab
ab6	4
ab7	3
cross iterater17
rand   	
rand   	success		7284.28   10066.52  24      43570.0  ms cross
rand   	fail		7038.47   10033.01  24      44303.0  ms cross
rand   	
ab
ab6	0
ab7	5
fail		7080.00   10154.85  24      45801.0  ms
fail		7828.48   10488.45  24      46612.0  ms
fail		7283.31   10004.07  24      47330.0  ms
cross iterater18
rand   	
rand   	fail		7516.11   10211.50  24      48718.0  ms cross
ab
ab6	5
ab7	2
cross iterater19
rand   	
rand   	
ab
ab6	3
fail		7155.09   10515.80  24      50777.0  ms
fail		7290.64   10098.11  24      51479.0  ms
cross iterater20
rand   	
rand   	
rand   	
rand   	success		7370.68   10690.17  25      53601.0  ms cross
rand   	fail		7351.16   10991.56  25      54272.0  ms cross
rand   	fail		8094.53   11853.53  25      54911.0  ms cross
ab
ab7	1
cross iterater21
ab
ab7	0
fail		7686.37   10195.59  24      55426.0  ms
cross iterater22
rand   	fail		8260.86   11527.15  25      56112.0  ms cross
rand   	fail		6734.31   10930.64  25      56783.0  ms cross
rand   	fail		7593.99   11296.54  25      57485.0  ms cross
rand   	success		7599.36   10467.85  25      57594.0  ms cross
rand   	success		7622.43   9290.36   24      57953.0  ms cross
rand   	
ab
ab6	3
fail		7252.08   10384.17  24      59342.0  ms
fail		7038.47   10033.01  24      60044.0  ms
cross iterater23
rand   	success		6994.18   10948.43  25      60168.0  ms cross
rand   	success		8073.65   9974.79   24      60621.0  ms cross
rand   	
rand   	success		7722.73   10591.50  25      61557.0  ms cross
rand   	success		7202.93   9673.90   24      62103.0  ms cross
rand   	
ab
ab7	4
cross iterater24
rand   	success		7406.01   10333.43  24      62805.0  ms cross
rand   	
rand   	
rand   	
rand   	
rand   	
ab
ab6	2
ab7	5
fail		7648.65   10049.98  24      66954.0  ms
cross iterater25
rand   	
rand   	
ab
ab6	4
ab7	5
fail		7242.78   10072.12  24      69169.0  ms
fail		7179.62   9949.96   24      69825.0  ms
cross iterater26
rand   	success		7547.71   10250.09  25      69840.0  ms cross
rand   	fail		7773.98   10279.98  25      70433.0  ms cross
rand   	fail		6994.93   10763.50  25      71213.0  ms cross
rand   	success		7435.07   10342.37  25      71213.0  ms cross
rand   	success		7429.05   9418.99   24      71837.0  ms cross
rand   	
ab
ab7	1
fail		7526.65   9959.21   24      73257.0  ms
cross iterater27
rand   	fail		7817.29   11001.85  25      73927.0  ms cross
rand   	
ab
ab7	1
fail		7462.54   9982.38   24      75425.0  ms
fail		7648.65   10049.98  24      76189.0  ms
cross iterater28
ab
ab7	0
fail		7614.92   10180.77  24      76876.0  ms
fail		7515.08   10151.30  24      77578.0  ms
fail		7462.54   9982.38   24      78280.0  ms
cross iterater29
rand   	success		7422.24   10473.54  25      78295.0  ms cross
rand   	fail		7747.30   11199.22  25      78763.0  ms cross
rand   	fail		7262.52   11010.09  25      79387.0  ms cross
rand   	success		7665.02   9607.01   24      79497.0  ms cross
ab
ab7	4
fail		7515.08   10151.30  24      80230.0  ms
cross iterater30
rand   	
rand   	fail		8043.52   11562.59  25      81618.0  ms cross
ab
ab7	5
cross iterater31
rand   	success		7704.35   10850.39  25      81821.0  ms cross
rand   	fail		8172.19   11602.25  25      82492.0  ms cross
rand   	
rand   	success		7683.82   10954.91  25      83350.0  ms cross
rand   	success		7011.56   9728.82   24      83880.0  ms cross
rand   	
ab
ab7	3
fail		7011.56   9684.78   24      85269.0  ms
fail		7505.91   10169.53  24      86017.0  ms
cross iterater32
rand   	
rand   	success		7303.19   10540.74  24      86829.0  ms cross
rand   	
rand   	fail		6856.92   10030.84  24      88279.0  ms cross
ab
ab7	2
cross iterater33
rand   	success		7342.25   10184.06  24      88623.0  ms cross
rand   	success		8010.84   11250.00  25      88732.0  ms cross
rand   	fail		7667.59   11025.17  25      89403.0  ms cross
rand   	success		7282.29   9867.01   24      90027.0  ms cross
ab
ab7	5
ab6	4
fail		7282.29   9929.17   24      90885.0  ms
fail		7011.56   9684.78   24      91587.0  ms
cross iterater34
rand   	success		6995.25   10020.50  24      91587.0  ms cross
rand   	fail		7712.39   11104.37  25      92211.0  ms cross
ab
ab7	3
ab6	0
cross iterater35
rand   	success		7127.50   10950.70  25      92211.0  ms cross
rand   	fail		7612.48   11145.10  25      92850.0  ms cross
rand   	success		7106.55   9282.10   24      93552.0  ms cross
rand   	success		7863.14   10585.20  25      93817.0  ms cross
rand   	success		6931.85   9636.40   24      94254.0  ms cross
rand   	
ab
ab7	4
fail		7337.67   9963.88   24      95799.0  ms
fail		7011.56   9684.78   24      96500.0  ms
fail		7282.29   9929.17   24      97124.0  ms
fail		7106.55   10136.53  24      97780.0  ms
cross iterater36
rand   	success		7427.72   10743.54  25      97780.0  ms cross
rand   	fail		7157.04   11043.01  25      98482.0  ms cross
rand   	success		7460.41   9974.74   24      99059.0  ms cross
rand   	success		7443.64   10871.52  25      99277.0  ms cross
rand   	fail		7309.15   10933.11  25      99995.0  ms cross
rand   	success		7671.71   10045.59  24      100385.0 ms cross
ab
ab7	0
ab6	5
fail		7460.41   10166.34  24      101102.0 ms
cross iterater37
rand   	success		7320.46   10720.40  25      101102.0 ms cross
rand   	fail		7780.76   10911.99  25      101836.0 ms cross
rand   	success		7235.79   9419.57   24      102163.0 ms cross
rand   	success		7278.33   10535.01  25      102163.0 ms cross
rand   	fail		7840.84   11324.92  25      102865.0 ms cross
rand   	fail		7419.17   10716.33  25      103536.0 ms cross
ab
ab6	4
ab7	3
fail		7337.67   9963.88   24      104269.0 ms
cross iterater38
rand   	success		7569.90   10624.47  25      104347.0 ms cross
rand   	fail		7074.30   10229.12  25      105034.0 ms cross
rand   	fail		8205.81   10854.79  25      105689.0 ms cross
rand   	fail		7439.22   10533.27  25      106406.0 ms cross
ab
ab7	2
ab6	0
cross iterater39
rand   	success		7625.40   9784.93   25      106625.0 ms cross
rand   	fail		7597.62   10541.53  25      107296.0 ms cross
rand   	fail		7126.40   10442.67  25      108029.0 ms cross
rand   	success		7712.10   10912.96  25      108232.0 ms cross
rand   	success		7322.65   9468.04   24      108481.0 ms cross
rand   	
ab
ab7	5
fail		7261.85   10164.73  24      109402.0 ms
fail		7290.28   10170.01  24      110010.0 ms
cross iterater40
rand   	success		7378.88   11008.15  25      110026.0 ms cross
rand   	fail		7867.61   11182.69  25      110728.0 ms cross
rand   	
rand   	fail		7646.47   10736.49  25      112085.0 ms cross
ab
ab7	5
ab6	3
fail		7360.48   9949.62   24      112756.0 ms
cross iterater41
rand   	fail		7749.98   11058.65  25      113489.0 ms cross
rand   	
rand   	fail		7161.70   10628.22  25      114768.0 ms cross
rand   	
rand   	
rand   	
ab
ab7	0
ab6	4
fail		7258.09   9957.07   24      117716.0 ms
cross iterater42
ab
ab6	4
ab7	5
cross iterater43
rand   	
rand   	
rand   	
rand   	fail		7051.71   10168.61  24      120462.0 ms cross
rand   	
rand   	
ab
ab6	4
ab7	5
cross iterater44
rand   	fail		7026.34   11438.42  25      122615.0 ms cross
rand   	success		7660.75   11088.49  25      122615.0 ms cross
rand   	fail		7667.53   11221.38  25      123348.0 ms cross
rand   	fail		7523.58   11032.72  25      124066.0 ms cross
ab
ab6	5
ab7	2
cross iterater45
rand   	success		6780.19   9480.93   24      124658.0 ms cross
rand   	
rand   	
rand   	success		7591.46   10043.85  24      126187.0 ms cross
ab
ab6	1
ab7	5
cross iterater46
ab
ab6	3
fail		7574.41   10060.86  24      126889.0 ms
cross iterater47
ab
ab6	3
fail		7264.69   10183.47  24      127654.0 ms
cross iterater48
rand   	fail		6905.81   10125.74  24      128355.0 ms cross
rand   	fail		7650.54   10928.67  25      129073.0 ms cross
rand   	success		7721.26   9718.72   24      129791.0 ms cross
rand   	
ab
ab7	0
fail		7414.99   10185.22  24      131132.0 ms
fail		7456.66   10243.85  24      131772.0 ms
cross iterater49
rand   	success		7583.11   10616.74  24      131772.0 ms cross
rand   	fail		7542.59   11003.75  25      132396.0 ms cross
rand   	success		7545.85   9582.74   24      132926.0 ms cross
rand   	
ab
ab6	1
ab7	0
fail		7721.26   10020.33  24      134315.0 ms
cross iterater50
rand   	
rand   	
ab
ab7	1
fail		6905.81   10125.74  24      136452.0 ms
cross iterater51
rand   	fail		7877.95   11392.91  25      137138.0 ms cross
rand   	success		7363.71   9672.23   24      137544.0 ms cross
rand   	
rand   	success		7096.53   10051.26  24      138168.0 ms cross
ab
cross iterater52
rand   	success		7365.56   10628.65  25      138168.0 ms cross
rand   	success		7580.21   9502.07   24      138823.0 ms cross
rand   	
rand   	success		7664.68   10887.12  25      139572.0 ms cross
rand   	fail		7318.52   10727.92  25      140227.0 ms cross
rand   	
ab
ab6	5
fail		7580.21   10144.70  24      141662.0 ms
fail		7096.53   10081.03  24      142317.0 ms
cross iterater53
rand   	success		7681.83   10713.87  25      142442.0 ms cross
rand   	fail		7918.07   11527.92  25      143160.0 ms cross
rand   	fail		7452.81   10634.48  25      143831.0 ms cross
rand   	success		6865.56   10309.79  25      143831.0 ms cross
rand   	fail		6652.86   10274.98  25      144548.0 ms cross
rand   	fail		7571.07   11277.71  25      145172.0 ms cross
ab
ab6	0
ab7	3
cross iterater54
rand   	
rand   	success		7428.58   10030.20  24      146233.0 ms cross
rand   	
rand   	
ab
ab6	3
fail		7363.71   9961.43   24      148277.0 ms
fail		6987.73   9895.47   24      149057.0 ms
cross iterater55
rand   	success		7772.45   10659.33  25      149353.0 ms cross
rand   	fail		7088.96   10806.60  25      150086.0 ms cross
rand   	success		7107.44   10098.86  24      150429.0 ms cross
rand   	success		7150.17   9877.39   24      150429.0 ms cross
rand   	
rand   	
ab
ab7	1
ab6	4
fail		7277.52   10273.58  24      152567.0 ms
cross iterater56
rand   	
rand   	
ab
ab7	4
fail		7363.71   9961.43   24      154626.0 ms
fail		6987.73   9895.47   24      155421.0 ms
cross iterater57
rand   	success		7617.57   9843.41   25      155624.0 ms cross
rand   	fail		7604.23   11187.18  25      156357.0 ms cross
rand   	success		7532.66   9685.60   24      157013.0 ms cross
rand   	success		7581.06   10702.71  25      157013.0 ms cross
rand   	fail		8064.67   11037.83  25      157668.0 ms cross
rand   	fail		7159.40   10959.64  25      158354.0 ms cross
ab
ab7	4
cross iterater58
rand   	fail		7002.24   10534.34  25      159072.0 ms cross
rand   	success		7010.92   9664.93   24      159087.0 ms cross
ab
ab7	3
fail		7496.93   10320.93  24      159758.0 ms
cross iterater59
rand   	success		6738.60   9254.11   24      159805.0 ms cross
rand   	success		7251.69   9741.61   24      160117.0 ms cross
rand   	fail		7121.41   9677.23   24      160897.0 ms cross
rand   	
ab
ab7	0
fail		7010.92   10045.19  24      162254.0 ms
fail		7129.62   9807.46   24      162925.0 ms
fail		6738.60   9834.59   24      163658.0 ms
cross iterater60
rand   	success		7532.87   10876.39  25      163658.0 ms cross
rand   	fail		7176.86   10496.32  25      164313.0 ms cross
rand   	fail		7913.60   10825.76  25      165015.0 ms cross
rand   	success		7039.33   10850.92  25      165015.0 ms cross
rand   	success		7033.35   9522.40   24      165109.0 ms cross
rand   	
ab
ab7	3
cross iterater61
rand   	success		7318.55   10974.37  25      165733.0 ms cross
rand   	fail		7434.88   10502.83  25      166497.0 ms cross
rand   	fail		7337.45   11033.82  25      167246.0 ms cross
rand   	success		7837.09   10002.56  24      167854.0 ms cross
ab
ab7	1
ab6	2
fail		6738.60   9834.59   24      168588.0 ms
cross iterater62
rand   	
rand   	fail		6671.95   9741.70   24      169914.0 ms cross
ab
ab7	3
fail		6671.95   9741.70   24      170553.0 ms
cross iterater63
rand   	success		7383.62   10086.62  24      171068.0 ms cross
rand   	fail		7622.11   10811.67  25      171692.0 ms cross
ab
ab7	2
ab6	5
cross iterater64
rand   	success		6679.59   10703.68  25      171786.0 ms cross
rand   	fail		7007.75   10727.60  25      172441.0 ms cross
rand   	fail		7324.86   10687.00  25      173034.0 ms cross
rand   	
ab
ab7	5
ab6	3
cross iterater65
rand   	fail		7467.02   9985.28   24      174531.0 ms cross
rand   	success		7618.87   10147.58  24      174531.0 ms cross
ab
ab7	5
ab6	1
cross iterater66
rand   	success		7970.46   11021.75  25      174531.0 ms cross
rand   	fail		7443.85   11257.16  25      175311.0 ms cross
rand   	fail		7899.67   11431.79  25      176107.0 ms cross
rand   	success		7542.74   9909.44   25      176122.0 ms cross
rand   	
rand   	success		6876.65   8623.97   24      176980.0 ms cross
ab
ab6	0
fail		7118.29   10201.91  24      177667.0 ms
fail		6897.34   9700.73   24      178369.0 ms
cross iterater67
ab
ab6	2
fail		7362.58   9901.17   24      179024.0 ms
fail		7448.98   10084.66  24      179710.0 ms
cross iterater68
ab
ab7	2
fail		6876.65   9367.42   24      180459.0 ms
cross iterater69
rand   	fail		7377.15   10846.11  25      181270.0 ms cross
rand   	fail		7417.10   11184.49  25      181754.0 ms cross
ab
ab7	5
ab6	4
cross iterater70
rand   	
rand   	success		7583.69   10425.27  25      182175.0 ms cross
rand   	success		6750.35   9717.97   24      182409.0 ms cross
rand   	
ab
ab7	0
fail		7225.48   9628.41   24      183220.0 ms
cross iterater71
ab
ab6	3
ab7	4
cross iterater72
rand   	
rand   	success		7086.34   9521.56   24      183642.0 ms cross
rand   	
rand   	
ab
fail		7225.48   9628.41   24      185061.0 ms
cross iterater73
rand   	fail		7571.70   11319.11  25      185482.0 ms cross
rand   	fail		7210.85   11160.92  25      185919.0 ms cross
ab
ab6	3
ab7	2
cross iterater74
rand   	fail		6776.12   10248.03  24      186434.0 ms cross
rand   	success		7521.38   10231.77  25      186434.0 ms cross
rand   	
rand   	fail		7861.46   11343.61  25      187261.0 ms cross
ab
ab6	3
ab7	2
fail		7199.15   10108.87  24      187682.0 ms
fail		6933.25   9884.16   24      188134.0 ms
cross iterater75
rand   	fail		7231.88   10839.82  25      188571.0 ms cross
rand   	success		7789.03   9731.51   25      188634.0 ms cross
rand   	success		7273.09   9610.30   24      188914.0 ms cross
rand   	
ab
ab7	0
fail		7037.66   9675.30   24      189835.0 ms
cross iterater76
rand   	success		8105.86   9626.07   24      190131.0 ms cross
rand   	success		6912.82   9646.28   24      190349.0 ms cross
ab
ab6	4
fail		8105.86   10598.80  24      190786.0 ms
cross iterater77
rand   	fail		7996.58   11273.81  25      191207.0 ms cross
rand   	
rand   	
rand   	
ab
ab6	3
ab7	4
fail		7260.91   9844.90   24      193079.0 ms
cross iterater78
rand   	fail		7337.11   10852.47  25      193469.0 ms cross
rand   	fail		7779.01   11467.38  25      193891.0 ms cross
rand   	fail		7828.41   11347.23  25      194312.0 ms cross
rand   	fail		7775.37   10858.09  25      194733.0 ms cross
ab
ab6	0
ab7	5
fail		6857.85   9536.07   24      195201.0 ms
cross iterater79
rand   	success		7398.64   10569.85  25      195263.0 ms cross
rand   	success		7359.13   9997.84   24      195685.0 ms cross
rand   	
rand   	fail		7213.08   10474.28  25      196496.0 ms cross
ab
ab6	1
ab7	3
cross iterater80
ab
ab6	3
ab7	5
cross iterater81
ab
ab6	2
ab7	4
fail		7205.50   10079.78  24      196964.0 ms
fail		6857.85   9536.07   24      197385.0 ms
cross iterater82
rand   	
rand   	fail		7469.26   10993.34  25      198305.0 ms cross
rand   	success		7326.97   9594.28   24      198477.0 ms cross
rand   	
ab
ab6	1
cross iterater83
ab
ab6	3
fail		7320.59   10257.86  24      199397.0 ms
fail		7403.63   10479.56  24      199943.0 ms
cross iterater84
rand   	fail		7519.76   11027.58  25      200365.0 ms cross
rand   	success		7239.47   9609.64   24      200645.0 ms cross
rand   	fail		7029.76   10167.80  24      201113.0 ms cross
rand   	success		7284.68   10053.62  24      201113.0 ms cross
ab
fail		6860.33   9481.65   24      201519.0 ms
cross iterater85
rand   	success		8121.99   10600.13  25      201628.0 ms cross
rand   	fail		7016.58   10474.50  25      202081.0 ms cross
rand   	fail		7348.11   10477.91  25      202517.0 ms cross
rand   	success		7415.58   10558.76  25      202549.0 ms cross
rand   	fail		7942.26   11213.82  25      202985.0 ms cross
rand   	success		7829.03   9356.38   24      203095.0 ms cross
ab
ab7	5
fail		7829.03   10237.10  24      203531.0 ms
cross iterater86
ab
ab7	0
cross iterater87
rand   	success		7802.82   10324.38  25      203594.0 ms cross
rand   	fail		7415.97   10674.28  25      203999.0 ms cross
rand   	
rand   	fail		6965.66   11025.07  25      204795.0 ms cross
ab
ab6	3
ab7	1
fail		7378.52   10425.55  24      205263.0 ms
fail		6825.42   9601.37   24      205622.0 ms
fail		6993.09   10095.06  24      206059.0 ms
cross iterater88
rand   	success		7218.38   10506.45  25      206059.0 ms cross
rand   	fail		7049.76   10835.38  25      206433.0 ms cross
rand   	fail		7703.01   10525.72  25      206870.0 ms cross
rand   	success		7957.33   10307.35  24      206870.0 ms cross
ab
ab7	5
fail		7829.03   10237.10  24      207275.0 ms
fail		6993.09   10095.06  24      207712.0 ms
fail		7343.92   10437.49  24      208149.0 ms
cross iterater89
rand   	success		7299.64   11010.37  25      208149.0 ms cross
rand   	fail		7459.60   10809.85  25      208570.0 ms cross
rand   	fail		7914.63   11272.87  25      208945.0 ms cross
rand   	fail		8224.25   11614.08  25      209366.0 ms cross
rand   	fail		7405.51   10571.03  25      209756.0 ms cross
rand   	fail		7445.30   11478.01  25      210224.0 ms cross
ab
ab7	1
ab6	5
fail		7394.11   10302.32  24      210614.0 ms
fail		6993.09   10095.06  24      211019.0 ms
cross iterater90
rand   	fail		8068.00   11360.58  25      211487.0 ms cross
rand   	fail		8070.87   11262.20  25      211862.0 ms cross
rand   	fail		7516.49   10598.95  25      212252.0 ms cross
rand   	success		6993.68   9490.38   25      212252.0 ms cross
rand   	fail		7507.71   11149.00  25      212657.0 ms cross
rand   	success		7539.33   8907.28   24      212813.0 ms cross
ab
ab6	5
ab7	1
fail		7539.33   9828.56   24      213235.0 ms
fail		7394.11   10302.32  24      213656.0 ms
cross iterater91
rand   	success		7179.10   9900.45   24      213905.0 ms cross
rand   	
rand   	
rand   	success		7401.07   10744.00  25      214748.0 ms cross
rand   	fail		7525.08   10790.21  25      215169.0 ms cross
rand   	fail		7057.22   10225.86  25      215512.0 ms cross
ab
ab6	0
cross iterater92
rand   	success		7251.76   9384.26   24      215668.0 ms cross
rand   	
rand   	
rand   	
ab
ab6	0
cross iterater93
rand   	success		7227.15   9848.98   24      217135.0 ms cross
rand   	fail		7542.53   10898.29  25      217462.0 ms cross
ab
ab6	4
fail		7990.71   10368.28  24      217883.0 ms
cross iterater94
rand   	success		7552.84   10072.28  24      218289.0 ms cross
rand   	fail		7506.40   11068.85  25      218726.0 ms cross
ab
ab6	3
fail		7941.75   10273.81  24      219163.0 ms
fail		7227.15   10096.00  24      219584.0 ms
cross iterater95
rand   	
rand   	
ab
ab7	3
fail		7724.19   10401.09  24      220801.0 ms
fail		7941.75   10273.81  24      221206.0 ms
cross iterater96
ab
ab6	1
fail		7263.22   10051.06  24      221627.0 ms
cross iterater97
rand   	success		7698.61   10983.81  25      221627.0 ms cross
rand   	fail		7762.18   11044.27  25      222033.0 ms cross
rand   	fail		7776.49   11452.93  25      222470.0 ms cross
rand   	success		7931.52   9882.32   24      222797.0 ms cross
ab
ab6	4
ab7	0
cross iterater98
rand   	fail		7477.01   10293.14  25      223203.0 ms cross
rand   	success		8059.91   10287.60  25      223265.0 ms cross
rand   	success		7188.20   9837.14   24      223530.0 ms cross
rand   	
ab
ab7	5
ab6	2
fail		6960.82   9587.15   24      224248.0 ms
fail		7251.72   9883.30   24      224872.0 ms
fail		7538.11   10264.09  24      225309.0 ms
cross iterater99
rand   	success		7314.72   10370.51  25      225340.0 ms cross
rand   	fail		7428.82   10644.16  25      225699.0 ms cross
rand   	success		6794.03   9753.66   24      225808.0 ms cross
rand   	
ab
ab6	4
ab7	1

R.size:24

1		200	203	50	85	25	29	68	67	39	206	
2		66	147	160	47	14	89	15	149	
3		148	197	154	24	169	105	
4		21	23	40	199	55	81	138	59	
5		5	180	176	128	4	10	34	108	191	60	
6		93	104	18	58	194	75	195	52	111	63	
7		32	103	124	141	69	51	136	171	65	94	
8		20	48	26	152	153	77	41	162	144	53	
9		120	182	163	97	61	100	207	64	
10		155	78	80	31	122	139	110	91	201	172	
11		45	178	27	173	112	168	145	92	179	109	
12		166	83	35	126	167	165	175	107	
13		131	38	184	37	140	99	
14		177	54	186	185	7	157	181	183	
15		101	36	193	46	125	209	33	121	95	17	
16		170	134	192	146	28	19	96	130	42	123	198	196	
17		161	3	88	8	127	98	135	117	
18		164	116	129	11	6	70	174	189	102	76	
19		57	119	13	43	204	90	188	158	82	72	
20		62	44	143	208	71	9	1	205	142	56	
21		190	118	156	132	202	87	106	84	
22		30	159	114	150	22	151	16	187	210	74	
23		73	12	86	115	79	49	137	133	
24		113	2	

data1/pdp200/LC1_2_2.txt
total_cost 6671.949588

