0  1  6   0.11      517            3939.2    2141.7    1.40      100 0         156       
0  2  4   73.43     504            2614.3    2232.0    123.29    100 0         155       
0  3  3   1.14      420            1966.8    1819.3    245.12    61  0         96        
0  4  3   0.41      406            1924.7    1885.9    451.66    57  0         90        
0  5  4   0.19      561            2168.1    1943.5    36.44     100 0         162       
0  6  3   6.37      454            1929.2    1887.5    328.75    79  0         107       
0  7  3   0.92      426            1928.4    1870.5    184.08    64  0         104       
0  8  3   0.47      402            1847.5    1653.5    60.15     42  0         74        
0  9  3   19.17     417            1876.3    1787.9    145.03    71  0         80        
0  10 3   43.91     555            1904.8    1883.2    243.04    100 0         155       
0  11 3   0.33      449            1701.4    1617.0    426.01    69  0         108       
2  1  8   750.21    774            14975.0   8957.3    1465.35   100 0         137       
2  2  7   3.52      782            12662.7   9466.5    494.36    100 0         149       
2  3  5   4.13      676            9919.3    8647.8    3493.14   41  0         72        
2  4  4   3.00      612            7537.2    5762.3    155.05    15  0         18        
2  5  6   223.22    669            10884.3   8611.0    1766.72   47  0         71        
2  6  5   72.63     630            9286.8    8332.3    365.25    28  0         42        
2  7  4   90.25     645            7619.1    7330.9    3420.74   30  0         45        
2  8  3   10.51     609            5517.4    5449.9    1257.11   12  0         24        
2  9  5   4.52      654            8861.8    7993.3    2849.35   42  0         59        
2  10 4   191.55    696            6672.8    6478.6    2552.42   50  0         82        
4  1  16  1201.48   1262           37916.2   23478.2   6199.16   76  0         106       
4  2  14  394.61    1232           34881.2   24302.8   1246.49   50  0         69        
4  3  9   112.66    1183           22909.0   19547.2   112.66    12  0         18        
4  4  6   555.59    1180           15205.2   14647.4   2901.63   2   0         4         
4  5  12  23.46     1205           27228.8   21321.9   1105.96   26  0         41        
4  6  9   354.41    1169           21814.6   20146.3   354.41    11  0         14        
4  7  7   705.16    1176           17933.7   17393.5   5650.78   0   0         0         
4  8  5   2904.23   786            12026.2   11848.8   2904.23   0   0         0         
4  9  10  713.05    1182           22228.1   19371.0   4003.77   18  0         28        
4  10 9   55.50     1184           19266.3   17374.0   2020.58   10  0         16        
6  1  27  9554.42   1825           102323.8  55060.6   9554.42   51  0         137       
6  2  20  667.92    1758           75433.9   53520.4   2618.39   15  0         46        
6  3  13  5583.07   1741           54435.5   46649.7   5583.07   7   0         12        
6  4  8   1813.10   879            32419.7   31275.7   1813.10   0   0         0         
6  5  18  6152.98   1742           67337.5   49529.0   8935.57   16  0         21        
6  6  14  9367.89   1741           55167.8   47462.1   9367.89   7   0         12        
6  7  10  4450.89   1753           41856.8   39669.6   4450.89   0   0         0         
6  8  7   8624.00   591            27517.8   27192.1   8624.00   0   0         0         
6  9  17  97.16     1735           60641.3   46124.7   5049.95   9   0         16        
6  10 13  522.42    1735           47693.1   40649.9   6842.45   2   0         2         
