success		1       0       1       21      1       0       111664.11 100     15.0     ms
success		1       1       1       20      1       0       111201.72 99      15.0     ms
success		1       2       1       42      1       0       109826.24 98      15.0     ms
success		1       3       1       20      1       0       108602.07 97      15.0     ms
success		1       4       2       39      2       0       109397.68 96      15.0     ms
success		1       5       1       27      1       0       109355.89 95      15.0     ms
success		1       6       1       12      1       0       109272.92 94      15.0     ms
success		1       7       1       60      1       0       108706.35 93      31.0     ms
success		1       8       1       5       1       0       107910.61 92      31.0     ms
success		1       9       1       40      1       0       107082.71 91      31.0     ms
success		1       10      1       47      1       0       106755.83 90      31.0     ms
success		1       11      1       48      1       0       105628.44 89      31.0     ms
success		1       12      1       64      1       0       104709.94 88      31.0     ms
success		1       13      1       81      1       0       103904.19 87      31.0     ms
success		1       14      1       8       1       0       103591.79 86      31.0     ms
success		1       15      1       84      1       0       102229.47 85      31.0     ms
success		1       16      1       76      1       0       100918.81 84      31.0     ms
success		1       17      2       77      2       0       99439.43  83      31.0     ms
success		1       18      1       7       1       0       98169.80  82      31.0     ms
success		1       19      1       53      1       0       96916.99  81      31.0     ms
success		1       20      1       26      1       0       95690.53  80      31.0     ms
success		1       21      1       52      1       0       94557.95  79      31.0     ms
success		1       22      2       16      2       0       93279.81  78      31.0     ms
success		1       23      1       15      1       0       92771.22  77      31.0     ms
success		1       24      1       54      1       0       91229.05  76      31.0     ms
success		1       25      1       29      1       0       90956.66  75      31.0     ms
success		1       26      1       3       1       0       90438.88  74      31.0     ms
success		1       27      2       16      2       0       89081.08  73      31.0     ms
success		1       28      1       58      1       0       88561.29  72      31.0     ms
success		1       29      1       63      1       0       87794.11  71      31.0     ms
success		1       30      2       32      2       0       86360.86  70      31.0     ms
success		1       31      2       44      2       0       85218.35  69      31.0     ms
success		1       32      1       23      1       0       83769.16  68      31.0     ms
success		1       33      1       61      1       0       83645.26  67      31.0     ms
success		1       34      1       6       1       0       82773.74  66      31.0     ms
success		1       35      2       0       2       0       81552.12  65      31.0     ms
success		1       36      1       60      1       0       80652.23  64      31.0     ms
success		1       37      2       20      2       0       79200.18  63      31.0     ms
success		1       38      2       40      2       0       78991.26  62      31.0     ms
success		1       39      1       54      1       0       77377.12  61      31.0     ms
success		1       40      2       2       2       0       75954.40  60      31.0     ms
success		1       41      2       5       2       0       75629.24  59      31.0     ms
success		1       42      1       23      1       0       75136.47  58      31.0     ms
success		1       43      1       11      1       0       74179.49  57      31.0     ms
success		1       44      2       52      2       0       74573.84  56      31.0     ms
success		1       45      1       17      1       0       73155.30  55      31.0     ms
success		1       46      2       51      2       0       71514.57  54      31.0     ms
success		1       47      3       5       3       0       71891.35  53      31.0     ms
success		1       48      2       46      2       0       71289.38  52      31.0     ms
success		1       49      2       7       2       0       70228.53  51      31.0     ms
success		1       50      1       20      1       0       69277.78  50      31.0     ms
success		1       51      1       2       1       0       67982.18  49      31.0     ms
success		1       52      1       39      1       0       66712.25  48      31.0     ms
success		1       53      2       38      2       0       65867.86  47      31.0     ms
success		1       54      1       12      1       0       64528.80  46      31.0     ms
success		1       55      4       3       4       0       63805.55  45      31.0     ms
success		1       56      1       8       1       0       62411.49  44      31.0     ms
success		1       57      3       21      3       0       62101.83  43      31.0     ms
success		1       58      3       29      3       0       61781.44  42      31.0     ms
success		1       59      2       9       2       0       61169.88  41      31.0     ms
success		1       60      1       31      1       0       60097.72  40      31.0     ms
success		1       61      2       13      2       0       58703.52  39      31.0     ms
success		1       62      4       8       4       0       57213.06  38      31.0     ms
success		1       63      3       0       3       0       55703.28  37      31.0     ms
success		1       64      4       33      4       0       54463.91  36      31.0     ms
success		1       65      4       28      4       0       52718.87  35      31.0     ms
success		1       66      2       13      2       0       51605.03  34      31.0     ms
success		1       67      4       22      4       0       51203.37  33      31.0     ms
success		1       68      4       29      4       0       48869.56  32      31.0     ms
success		1       69      2       18      2       0       47355.52  31      47.0     ms
success		1       70      3       28      3       0       46023.12  30      47.0     ms
success		1       71      4       26      4       0       46142.48  29      47.0     ms
success		1       72      5       18      5       0       45893.19  28      47.0     ms
success		1       73      2       3       2       0       44443.44  27      47.0     ms
success		1       74      4       24      4       0       42963.83  26      47.0     ms
success		1       75      3       19      3       0       41486.05  25      47.0     ms
success		1       76      3       3       3       0       40462.79  24      47.0     ms
success		1       77      5       13      5       0       38665.61  23      47.0     ms
success		1       78      5       2       5       0       36965.04  22      47.0     ms
success		1       79      6       19      6       0       35321.08  21      47.0     ms
success		1       80      9       9       8       0       33735.90  20      47.0     ms
success		1       81      4       15      4       0       31868.20  19      47.0     ms
success		1       82      5       6       5       0       30725.84  18      47.0     ms
success		1       83      9       2       8       0       31770.07  17      47.0     ms
success		1       84      5       11      5       0       29257.65  16      47.0     ms
success		1       85      8       6       8       0       26619.75  15      47.0     ms
success		1       86      8       11      8       0       24852.70  14      47.0     ms
success		1       87      16      13      7       0       22736.51  13      93.0     ms
success		1       88      23      1       11      0       22195.75  12      156.0    ms
success		1       89      22      0       6       0       20587.75  11      234.0    ms
success		1       90      39      0       8       0       18264.37  10      343.0    ms
success		1       91      239     2       9       0       16769.00  9       1185.0   ms
success		1       0       1       32      1       0       125547.44 100     6957.0   ms
success		1       1       1       28      1       0       124647.21 99      6957.0   ms
success		1       2       1       30      1       0       124236.68 98      6957.0   ms
success		1       3       1       8       1       0       123469.42 97      6957.0   ms
success		1       4       1       71      1       0       122381.10 96      6957.0   ms
success		1       5       1       46      1       0       121304.49 95      6957.0   ms
success		1       6       1       64      1       0       119485.24 94      6957.0   ms
success		1       7       1       69      1       0       119084.82 93      6957.0   ms
success		1       8       1       84      1       0       117955.94 92      6957.0   ms
success		1       9       1       32      1       0       116283.65 91      6957.0   ms
success		1       10      1       51      1       0       115581.74 90      6957.0   ms
success		1       11      2       28      2       0       113752.78 89      6957.0   ms
success		1       12      1       2       1       0       113331.04 88      6957.0   ms
success		1       13      1       29      1       0       112010.27 87      6957.0   ms
success		1       14      2       6       2       0       110440.33 86      6957.0   ms
success		1       15      1       6       1       0       109451.57 85      6957.0   ms
success		1       16      1       17      1       0       107973.64 84      6957.0   ms
success		1       17      1       53      1       0       106541.86 83      6957.0   ms
success		1       18      1       55      1       0       105915.04 82      6957.0   ms
success		1       19      1       16      1       0       104931.50 81      6957.0   ms
success		1       20      1       43      1       0       103754.58 80      6957.0   ms
success		1       21      1       28      1       0       103172.83 79      6957.0   ms
success		1       22      1       66      1       0       102401.21 78      6957.0   ms
success		1       23      3       33      3       0       101392.12 77      6957.0   ms
success		1       24      1       7       1       0       101002.17 76      6957.0   ms
success		1       25      1       2       1       0       100213.52 75      6957.0   ms
success		1       26      2       71      2       0       98529.12  74      6957.0   ms
success		1       27      1       25      1       0       98231.09  73      6957.0   ms
success		1       28      1       10      1       0       97623.65  72      6957.0   ms
success		1       29      1       32      1       0       96583.80  71      6957.0   ms
success		1       30      1       64      1       0       94682.74  70      6957.0   ms
success		1       31      1       56      1       0       92906.12  69      6957.0   ms
success		1       32      2       39      2       0       91206.57  68      6957.0   ms
success		1       33      1       48      1       0       89833.04  67      6957.0   ms
success		1       34      2       5       2       0       88288.66  66      6957.0   ms
success		1       35      2       65      2       0       87486.59  65      6957.0   ms
success		1       36      1       21      1       0       85917.65  64      6957.0   ms
success		1       37      2       0       2       0       84446.24  63      6957.0   ms
success		1       38      1       41      1       0       83968.51  62      6957.0   ms
success		1       39      1       38      1       0       82523.78  61      6957.0   ms
success		1       40      2       43      2       0       81297.68  60      6957.0   ms
success		1       41      2       41      2       0       80144.63  59      6957.0   ms
success		1       42      1       32      1       0       79055.93  58      6957.0   ms
success		1       43      2       30      2       0       78163.53  57      6957.0   ms
success		1       44      1       11      1       0       77956.58  56      6957.0   ms
success		1       45      2       41      2       0       77072.79  55      6957.0   ms
success		1       46      1       48      1       0       75610.62  54      6957.0   ms
success		1       47      3       44      3       0       74458.95  53      6957.0   ms
success		1       48      2       45      2       0       74430.75  52      6957.0   ms
success		1       49      2       4       2       0       73611.91  51      6957.0   ms
success		1       50      1       17      1       0       72210.84  50      6957.0   ms
success		1       51      2       10      2       0       70669.60  49      6957.0   ms
success		1       52      1       23      1       0       69505.36  48      6957.0   ms
success		1       53      2       3       2       0       68715.39  47      6957.0   ms
success		1       54      2       36      2       0       67048.85  46      6957.0   ms
success		1       55      2       18      2       0       65198.41  45      6957.0   ms
success		1       56      3       13      3       0       64567.95  44      6957.0   ms
success		1       57      2       5       2       0       63334.93  43      6957.0   ms
success		1       58      2       0       2       0       62462.60  42      6957.0   ms
success		1       59      2       5       2       0       60804.17  41      6957.0   ms
success		1       60      1       13      1       0       59701.42  40      6957.0   ms
success		1       61      3       3       3       0       58302.55  39      6957.0   ms
success		1       62      2       3       2       0       56927.53  38      6957.0   ms
success		1       63      2       35      2       0       56408.15  37      6957.0   ms
success		1       64      3       0       3       0       54703.45  36      6957.0   ms
success		1       65      2       19      2       0       53548.12  35      6957.0   ms
success		1       66      6       18      6       0       52904.69  34      6957.0   ms
success		1       67      4       24      4       0       51433.45  33      6957.0   ms
success		1       68      3       19      3       0       50067.94  32      6957.0   ms
success		1       69      2       14      2       0       48461.76  31      6957.0   ms
success		1       70      2       30      2       0       47655.52  30      6957.0   ms
success		1       71      2       10      2       0       46245.70  29      6957.0   ms
success		1       72      4       8       4       0       45207.46  28      6957.0   ms
success		1       73      4       11      4       0       43628.49  27      6957.0   ms
success		1       74      3       16      3       0       42939.94  26      6957.0   ms
success		1       75      3       22      3       0       41565.09  25      6957.0   ms
success		1       76      3       15      3       0       40602.80  24      6957.0   ms
success		1       77      6       9       6       0       38921.89  23      6957.0   ms
success		1       78      4       8       4       0       37604.56  22      6957.0   ms
success		1       79      4       6       4       0       36227.40  21      6957.0   ms
success		1       80      4       8       4       0       34639.32  20      6957.0   ms
success		1       81      2       17      2       0       32933.43  19      6957.0   ms
success		1       82      9       18      6       0       31749.58  18      6957.0   ms
success		1       83      6       8       6       0       29972.87  17      6957.0   ms
success		1       84      10      14      8       0       29295.53  16      6973.0   ms
success		1       85      7       1       7       0       27113.50  15      6973.0   ms
success		1       86      9       6       6       0       25625.80  14      6973.0   ms
success		1       87      11      9       7       0       23873.13  13      6973.0   ms
success		1       88      16      3       7       0       22548.46  12      6973.0   ms
success		1       89      11      6       7       0       20543.49  11      6988.0   ms
success		1       90      86      8       10      0       18637.46  10      7207.0   ms
success		1       91      489     8       11      0       16761.59  9       8892.0   ms
success		1       0       1       94      1       0       125464.10 100     13759.0  ms
success		1       1       1       83      1       0       123932.22 99      13759.0  ms
success		1       2       1       76      1       0       122884.87 98      13759.0  ms
success		1       3       1       19      1       0       122097.86 97      13774.0  ms
success		1       4       1       8       1       0       120815.07 96      13774.0  ms
success		1       5       1       38      1       0       120231.45 95      13774.0  ms
success		1       6       1       49      1       0       118745.02 94      13774.0  ms
success		1       7       1       44      1       0       117365.52 93      13774.0  ms
success		1       8       1       89      1       0       116568.67 92      13774.0  ms
success		1       9       2       54      2       0       116186.44 91      13774.0  ms
success		1       10      1       30      1       0       114740.62 90      13774.0  ms
success		1       11      1       32      1       0       113436.11 89      13774.0  ms
success		1       12      1       64      1       0       112396.38 88      13774.0  ms
success		1       13      1       70      1       0       112152.59 87      13774.0  ms
success		1       14      1       28      1       0       111837.46 86      13774.0  ms
success		1       15      1       19      1       0       110405.96 85      13774.0  ms
success		1       16      1       19      1       0       109706.85 84      13774.0  ms
success		1       17      1       16      1       0       109144.23 83      13774.0  ms
success		1       18      1       49      1       0       107416.55 82      13774.0  ms
success		1       19      1       80      1       0       106082.08 81      13774.0  ms
success		1       20      1       74      1       0       104589.63 80      13774.0  ms
success		1       21      1       58      1       0       103193.92 79      13774.0  ms
success		1       22      2       20      2       0       101739.30 78      13774.0  ms
success		1       23      1       12      1       0       101393.94 77      13774.0  ms
success		1       24      3       50      3       0       101381.80 76      13774.0  ms
success		1       25      1       73      1       0       100563.54 75      13774.0  ms
success		1       26      1       21      1       0       99933.21  74      13774.0  ms
success		1       27      1       40      1       0       99319.89  73      13774.0  ms
success		1       28      1       72      1       0       98452.72  72      13774.0  ms
success		1       29      1       23      1       0       96902.81  71      13774.0  ms
success		1       30      1       3       1       0       96104.00  70      13774.0  ms
success		1       31      3       55      3       0       94121.74  69      13774.0  ms
success		1       32      1       57      1       0       92775.18  68      13774.0  ms
success		1       33      1       47      1       0       90994.46  67      13774.0  ms
success		1       34      2       61      2       0       89623.96  66      13774.0  ms
success		1       35      2       34      2       0       87966.09  65      13774.0  ms
success		1       36      2       38      2       0       88029.40  64      13774.0  ms
success		1       37      2       41      2       0       87683.39  63      13774.0  ms
success		1       38      1       33      1       0       86529.52  62      13774.0  ms
success		1       39      1       17      1       0       85924.47  61      13774.0  ms
success		1       40      1       32      1       0       85407.74  60      13774.0  ms
success		1       41      1       15      1       0       84444.60  59      13774.0  ms
success		1       42      3       3       3       0       83512.23  58      13774.0  ms
success		1       43      2       15      2       0       81752.10  57      13774.0  ms
success		1       44      1       13      1       0       81339.33  56      13774.0  ms
success		1       45      3       27      3       0       79796.14  55      13774.0  ms
success		1       46      2       53      2       0       78709.65  54      13774.0  ms
success		1       47      4       43      4       0       76882.37  53      13774.0  ms
success		1       48      5       22      5       0       74925.17  52      13774.0  ms
success		1       49      2       12      2       0       74051.37  51      13774.0  ms
success		1       50      2       22      2       0       72633.27  50      13774.0  ms
success		1       51      2       12      2       0       71506.71  49      13774.0  ms
success		1       52      1       47      1       0       69865.96  48      13774.0  ms
success		1       53      3       11      3       0       68341.34  47      13774.0  ms
success		1       54      5       30      5       0       67924.20  46      13774.0  ms
success		1       55      4       31      4       0       67243.45  45      13774.0  ms
success		1       56      1       34      1       0       66189.81  44      13774.0  ms
success		1       57      2       43      2       0       64926.38  43      13774.0  ms
success		1       58      1       22      1       0       63743.41  42      13774.0  ms
success		1       59      3       16      3       0       61957.02  41      13774.0  ms
success		1       60      4       33      4       0       61458.93  40      13774.0  ms
success		1       61      3       7       3       0       60652.99  39      13774.0  ms
success		1       62      3       31      3       0       60433.28  38      13774.0  ms
success		1       63      1       6       1       0       59725.91  37      13774.0  ms
success		1       64      4       36      4       0       58077.88  36      13774.0  ms
success		1       65      2       3       2       0       56446.64  35      13774.0  ms
success		1       66      2       32      2       0       55117.26  34      13774.0  ms
success		1       67      4       8       4       0       53892.77  33      13774.0  ms
success		1       68      4       10      4       0       53117.59  32      13774.0  ms
success		1       69      3       12      3       0       51795.36  31      13774.0  ms
success		1       70      3       11      3       0       49829.57  30      13774.0  ms
success		1       71      2       0       2       0       48167.50  29      13774.0  ms
success		1       72      3       13      3       0       46623.24  28      13774.0  ms
success		1       73      5       5       5       0       44570.14  27      13774.0  ms
success		1       74      3       24      3       0       43389.09  26      13774.0  ms
success		1       75      5       19      5       0       41377.41  25      13774.0  ms
success		1       76      4       8       4       0       39750.28  24      13774.0  ms
success		1       77      2       11      2       0       37887.94  23      13774.0  ms
success		1       78      5       4       5       0       36000.48  22      13774.0  ms
success		1       79      6       12      6       0       34529.65  21      13774.0  ms
success		1       80      4       3       4       0       32878.41  20      13774.0  ms
success		1       81      3       9       3       0       31633.75  19      13774.0  ms
success		1       82      5       15      5       0       30190.26  18      13774.0  ms
success		1       83      5       11      5       0       28178.12  17      13774.0  ms
success		1       84      6       15      6       0       26731.89  16      13774.0  ms
success		1       85      9       4       7       0       27698.60  15      13774.0  ms
success		1       86      8       3       8       0       25677.57  14      13774.0  ms
success		1       87      12      13      7       0       24050.59  13      13774.0  ms
success		1       88      21      0       6       0       22526.92  12      13806.0  ms
success		1       89      12      10      6       0       20855.00  11      13821.0  ms
success		1       90      41      0       7       0       18594.81  10      13915.0  ms
success		1       91      193     4       9       0       16398.89  9       14820.0  ms
success		1       0       1       85      1       0       125107.70 100     23696.0  ms
success		1       1       1       78      1       0       124281.25 99      23696.0  ms
success		1       2       1       47      1       0       122949.11 98      23696.0  ms
success		1       3       2       91      2       0       121608.13 97      23696.0  ms
success		1       4       1       75      1       0       120870.71 96      23696.0  ms
success		1       5       1       13      1       0       120546.34 95      23696.0  ms
success		1       6       1       59      1       0       119560.84 94      23696.0  ms
success		1       7       1       90      1       0       118948.00 93      23711.0  ms
success		1       8       1       69      1       0       117696.51 92      23711.0  ms
success		1       9       1       85      1       0       116634.61 91      23711.0  ms
success		1       10      1       55      1       0       115942.66 90      23711.0  ms
success		1       11      1       12      1       0       114993.75 89      23711.0  ms
success		1       12      1       85      1       0       114105.65 88      23711.0  ms
success		1       13      1       34      1       0       112661.55 87      23711.0  ms
success		1       14      1       84      1       0       111090.10 86      23711.0  ms
success		1       15      1       77      1       0       110200.35 85      23711.0  ms
success		1       16      3       79      3       0       109231.63 84      23711.0  ms
success		1       17      1       44      1       0       108189.49 83      23711.0  ms
success		1       18      1       47      1       0       106798.18 82      23711.0  ms
success		1       19      1       2       1       0       106382.04 81      23711.0  ms
success		1       20      2       58      2       0       105097.61 80      23711.0  ms
success		1       21      1       43      1       0       103955.31 79      23711.0  ms
success		1       22      1       52      1       0       103328.57 78      23711.0  ms
success		1       23      1       19      1       0       101692.53 77      23711.0  ms
success		1       24      1       3       1       0       100268.16 76      23711.0  ms
success		1       25      1       38      1       0       99477.78  75      23711.0  ms
success		1       26      3       59      3       0       97720.86  74      23711.0  ms
success		1       27      1       44      1       0       95680.24  73      23711.0  ms
success		1       28      2       57      2       0       95452.90  72      23711.0  ms
success		1       29      1       59      1       0       95396.38  71      23711.0  ms
success		1       30      1       30      1       0       94205.51  70      23711.0  ms
success		1       31      1       3       1       0       93202.21  69      23711.0  ms
success		1       32      2       42      2       0       92131.89  68      23711.0  ms
success		1       33      3       36      3       0       90960.62  67      23711.0  ms
success		1       34      1       60      1       0       89299.46  66      23711.0  ms
success		1       35      1       36      1       0       87644.94  65      23711.0  ms
success		1       36      2       54      2       0       85529.75  64      23711.0  ms
success		1       37      1       63      1       0       84475.85  63      23711.0  ms
success		1       38      2       44      2       0       83764.46  62      23711.0  ms
success		1       39      1       39      1       0       83193.44  61      23711.0  ms
success		1       40      2       51      2       0       81955.17  60      23711.0  ms
success		1       41      1       13      1       0       81374.92  59      23711.0  ms
success		1       42      1       4       1       0       80309.58  58      23711.0  ms
success		1       43      1       44      1       0       78729.65  57      23711.0  ms
success		1       44      3       8       3       0       77736.16  56      23711.0  ms
success		1       45      1       21      1       0       77458.77  55      23711.0  ms
success		1       46      1       27      1       0       77129.62  54      23711.0  ms
success		1       47      1       35      1       0       75879.09  53      23711.0  ms
success		1       48      1       34      1       0       74461.80  52      23711.0  ms
success		1       49      2       6       2       0       74552.27  51      23711.0  ms
success		1       50      2       36      2       0       73208.47  50      23711.0  ms
success		1       51      2       24      2       0       71664.65  49      23711.0  ms
success		1       52      3       46      3       0       70762.61  48      23711.0  ms
success		1       53      3       26      3       0       69066.28  47      23711.0  ms
success		1       54      2       9       2       0       68047.44  46      23711.0  ms
success		1       55      1       10      1       0       67105.63  45      23711.0  ms
success		1       56      2       27      2       0       66659.39  44      23711.0  ms
success		1       57      1       22      1       0       65694.45  43      23711.0  ms
success		1       58      3       10      3       0       64800.43  42      23711.0  ms
success		1       59      2       25      2       0       63176.20  41      23711.0  ms
success		1       60      4       17      4       0       62418.58  40      23711.0  ms
success		1       61      1       1       1       0       60861.03  39      23711.0  ms
success		1       62      3       9       3       0       58911.56  38      23711.0  ms
success		1       63      3       1       3       0       57762.89  37      23711.0  ms
success		1       64      2       19      2       0       56271.53  36      23711.0  ms
success		1       65      2       28      2       0       54755.72  35      23711.0  ms
success		1       66      3       32      3       0       52896.39  34      23711.0  ms
success		1       67      4       14      4       0       51761.60  33      23711.0  ms
success		1       68      3       22      3       0       50303.44  32      23711.0  ms
success		1       69      5       4       5       0       49372.12  31      23711.0  ms
success		1       70      4       15      4       0       47854.56  30      23711.0  ms
success		1       71      3       3       3       0       47305.13  29      23711.0  ms
success		1       72      4       5       4       0       46200.61  28      23711.0  ms
success		1       73      6       8       6       0       44811.32  27      23711.0  ms
success		1       74      4       5       4       0       43362.62  26      23711.0  ms
success		1       75      3       21      3       0       42415.68  25      23711.0  ms
success		1       76      6       1       6       0       40630.97  24      23711.0  ms
success		1       77      4       4       4       0       39061.40  23      23711.0  ms
success		1       78      5       18      5       0       37982.38  22      23711.0  ms
success		1       79      5       20      5       0       36111.35  21      23711.0  ms
success		1       80      6       8       6       0       34144.50  20      23711.0  ms
success		1       81      3       2       3       0       32766.13  19      23711.0  ms
success		1       82      4       6       4       0       31311.30  18      23711.0  ms
success		1       83      6       10      6       0       29659.75  17      23711.0  ms
success		1       84      8       3       8       0       28465.94  16      23711.0  ms
success		1       85      5       4       5       0       26158.05  15      23711.0  ms
success		1       86      8       13      6       0       25265.20  14      23711.0  ms
success		1       87      12      2       5       0       23995.11  13      23727.0  ms
success		1       88      12      8       8       0       21643.94  12      23743.0  ms
success		1       89      22      6       9       0       20673.80  11      23774.0  ms
success		1       90      28      9       8       0       19107.93  10      23852.0  ms
success		1       91      54      3       16      0       16355.00  9       24086.0  ms
success		1       0       1       22      1       0       126127.24 100     32182.0  ms
success		1       1       1       47      1       0       125026.56 99      32182.0  ms
success		1       2       1       62      1       0       123590.68 98      32182.0  ms
success		1       3       1       97      1       0       122521.78 97      32182.0  ms
success		1       4       1       57      1       0       121873.88 96      32198.0  ms
success		1       5       1       37      1       0       120891.68 95      32198.0  ms
success		1       6       1       49      1       0       120503.38 94      32198.0  ms
success		1       7       1       48      1       0       119364.88 93      32198.0  ms
success		1       8       1       20      1       0       118546.15 92      32198.0  ms
success		1       9       1       82      1       0       117041.80 91      32198.0  ms
success		1       10      1       7       1       0       116068.23 90      32198.0  ms
success		1       11      1       3       1       0       115212.13 89      32198.0  ms
success		1       12      1       28      1       0       114950.71 88      32198.0  ms
success		1       13      1       68      1       0       113687.42 87      32198.0  ms
success		1       14      1       7       1       0       112792.09 86      32198.0  ms
success		1       15      1       29      1       0       111503.21 85      32198.0  ms
success		1       16      1       8       1       0       110753.21 84      32198.0  ms
success		1       17      1       58      1       0       109501.29 83      32198.0  ms
success		1       18      2       18      2       0       108475.33 82      32198.0  ms
success		1       19      1       10      1       0       107278.25 81      32198.0  ms
success		1       20      1       15      1       0       106432.94 80      32198.0  ms
success		1       21      1       50      1       0       104587.11 79      32198.0  ms
success		1       22      1       50      1       0       104109.38 78      32198.0  ms
success		1       23      1       76      1       0       102726.41 77      32198.0  ms
success		1       24      2       32      2       0       102173.32 76      32198.0  ms
success		1       25      1       25      1       0       100627.65 75      32198.0  ms
success		1       26      1       30      1       0       98508.07  74      32198.0  ms
success		1       27      1       29      1       0       96614.48  73      32198.0  ms
success		1       28      2       41      2       0       95142.63  72      32198.0  ms
success		1       29      1       4       1       0       94122.76  71      32198.0  ms
success		1       30      1       7       1       0       93174.28  70      32198.0  ms
success		1       31      2       15      2       0       92786.59  69      32198.0  ms
success		1       32      2       7       2       0       92271.95  68      32198.0  ms
success		1       33      1       64      1       0       91094.60  67      32198.0  ms
success		1       34      1       47      1       0       90664.81  66      32198.0  ms
success		1       35      1       57      1       0       89278.02  65      32198.0  ms
success		1       36      2       63      2       0       88349.88  64      32198.0  ms
success		1       37      1       49      1       0       88118.18  63      32198.0  ms
success		1       38      1       17      1       0       87803.05  62      32198.0  ms
success		1       39      2       10      2       0       86814.43  61      32198.0  ms
success		1       40      1       57      1       0       85244.09  60      32198.0  ms
success		1       41      1       0       1       0       83342.86  59      32198.0  ms
success		1       42      2       28      2       0       81687.15  58      32198.0  ms
success		1       43      2       9       2       0       80751.54  57      32198.0  ms
success		1       44      3       44      3       0       78946.84  56      32198.0  ms
success		1       45      3       11      3       0       77116.47  55      32198.0  ms
success		1       46      1       20      1       0       75909.41  54      32198.0  ms
success		1       47      1       27      1       0       75165.21  53      32198.0  ms
success		1       48      1       35      1       0       73585.12  52      32198.0  ms
success		1       49      4       49      4       0       72685.68  51      32198.0  ms
success		1       50      2       13      2       0       71950.81  50      32198.0  ms
success		1       51      3       24      3       0       70675.63  49      32198.0  ms
success		1       52      1       31      1       0       68938.48  48      32198.0  ms
success		1       53      1       39      1       0       67734.96  47      32198.0  ms
success		1       54      2       12      2       0       66304.97  46      32198.0  ms
success		1       55      3       38      3       0       64691.01  45      32198.0  ms
success		1       56      3       12      3       0       63327.33  44      32198.0  ms
success		1       57      1       20      1       0       62409.74  43      32198.0  ms
success		1       58      1       34      1       0       60952.20  42      32198.0  ms
success		1       59      3       16      3       0       59401.81  41      32198.0  ms
success		1       60      2       10      2       0       58173.85  40      32198.0  ms
success		1       61      3       19      3       0       57856.96  39      32198.0  ms
success		1       62      1       13      1       0       57559.98  38      32198.0  ms
success		1       63      1       27      1       0       56691.77  37      32198.0  ms
success		1       64      3       19      3       0       54844.04  36      32198.0  ms
success		1       65      5       13      5       0       53433.17  35      32198.0  ms
success		1       66      2       27      2       0       53633.20  34      32198.0  ms
success		1       67      2       8       2       0       52139.71  33      32198.0  ms
success		1       68      2       27      2       0       51304.74  32      32198.0  ms
success		1       69      1       15      1       0       49859.56  31      32198.0  ms
success		1       70      3       5       3       0       48169.78  30      32198.0  ms
success		1       71      3       16      3       0       46752.63  29      32198.0  ms
success		1       72      4       0       4       0       45962.71  28      32198.0  ms
success		1       73      4       13      4       0       44948.86  27      32198.0  ms
success		1       74      3       6       3       0       43322.97  26      32198.0  ms
success		1       75      4       12      4       0       41716.92  25      32198.0  ms
success		1       76      2       13      2       0       39978.19  24      32198.0  ms
success		1       77      3       1       3       0       38551.42  23      32198.0  ms
success		1       78      4       4       4       0       37213.54  22      32198.0  ms
success		1       79      4       14      4       0       35811.66  21      32198.0  ms
success		1       80      5       10      5       0       34234.02  20      32198.0  ms
success		1       81      11      17      9       0       34409.63  19      32198.0  ms
success		1       82      6       8       4       0       32544.38  18      32198.0  ms
success		1       83      6       14      5       0       31782.11  17      32198.0  ms
success		1       84      3       12      3       0       29265.82  16      32198.0  ms
success		1       85      7       11      7       0       26872.78  15      32198.0  ms
success		1       86      5       11      4       0       26111.30  14      32198.0  ms
success		1       87      5       9       5       0       23844.26  13      32198.0  ms
success		1       88      13      2       7       0       21875.80  12      32213.0  ms
success		1       89      17      1       8       0       20334.42  11      32229.0  ms
success		1       90      120     3       10      0       18644.10  10      32510.0  ms
success		1       91      89      1       10      0       16229.61  9       32728.0  ms
success		1       0       1       65      1       0       125917.76 100     37626.0  ms
success		1       1       1       58      1       0       124394.88 99      37626.0  ms
success		1       2       1       44      1       0       122679.55 98      37626.0  ms
success		1       3       1       5       1       0       121417.99 97      37626.0  ms
success		1       4       1       89      1       0       120390.37 96      37626.0  ms
success		1       5       1       56      1       0       119211.34 95      37626.0  ms
success		1       6       1       41      1       0       118037.28 94      37626.0  ms
success		1       7       1       26      1       0       117482.62 93      37626.0  ms
success		1       8       2       51      2       0       115702.38 92      37626.0  ms
success		1       9       2       21      2       0       114635.78 91      37626.0  ms
success		1       10      1       75      1       0       113440.35 90      37626.0  ms
success		1       11      1       61      1       0       113029.18 89      37626.0  ms
success		1       12      1       82      1       0       112023.74 88      37626.0  ms
success		1       13      1       79      1       0       111731.47 87      37626.0  ms
success		1       14      1       33      1       0       110225.34 86      37626.0  ms
success		1       15      1       78      1       0       109224.10 85      37626.0  ms
success		1       16      1       65      1       0       107281.71 84      37626.0  ms
success		1       17      1       75      1       0       105690.16 83      37626.0  ms
success		1       18      1       22      1       0       105480.95 82      37626.0  ms
success		1       19      1       78      1       0       104713.44 81      37626.0  ms
success		1       20      1       60      1       0       104354.01 80      37626.0  ms
success		1       21      1       4       1       0       103128.83 79      37626.0  ms
success		1       22      2       38      2       0       102869.59 78      37626.0  ms
success		1       23      1       69      1       0       100931.81 77      37626.0  ms
success		1       24      2       10      2       0       100326.56 76      37626.0  ms
success		1       25      1       10      1       0       100008.05 75      37626.0  ms
success		1       26      1       42      1       0       99126.95  74      37626.0  ms
success		1       27      2       64      2       0       97840.77  73      37626.0  ms
success		1       28      1       38      1       0       97427.13  72      37626.0  ms
success		1       29      1       35      1       0       96272.00  71      37626.0  ms
success		1       30      1       52      1       0       94795.53  70      37626.0  ms
success		1       31      2       34      2       0       92625.18  69      37626.0  ms
success		1       32      2       57      2       0       91634.12  68      37626.0  ms
success		1       33      2       10      2       0       90093.46  67      37626.0  ms
success		1       34      1       59      1       0       89215.36  66      37626.0  ms
success		1       35      1       36      1       0       88144.29  65      37626.0  ms
success		1       36      1       40      1       0       86560.56  64      37626.0  ms
success		1       37      1       56      1       0       85179.85  63      37626.0  ms
success		1       38      1       14      1       0       84440.15  62      37626.0  ms
success		1       39      3       20      3       0       84469.64  61      37626.0  ms
success		1       40      1       43      1       0       83010.49  60      37626.0  ms
success		1       41      2       46      2       0       82287.50  59      37626.0  ms
success		1       42      3       20      3       0       81520.04  58      37626.0  ms
success		1       43      1       26      1       0       81081.80  57      37626.0  ms
success		1       44      1       49      1       0       79670.96  56      37626.0  ms
success		1       45      3       38      3       0       78346.38  55      37626.0  ms
success		1       46      2       40      2       0       76799.22  54      37626.0  ms
success		1       47      1       1       1       0       75239.83  53      37626.0  ms
success		1       48      1       25      1       0       74971.82  52      37626.0  ms
success		1       49      2       41      2       0       73725.80  51      37626.0  ms
success		1       50      3       41      3       0       72024.68  50      37626.0  ms
success		1       51      1       27      1       0       70841.60  49      37626.0  ms
success		1       52      2       20      2       0       69553.23  48      37626.0  ms
success		1       53      1       34      1       0       68212.33  47      37626.0  ms
success		1       54      1       27      1       0       67196.18  46      37626.0  ms
success		1       55      1       21      1       0       65711.86  45      37626.0  ms
success		1       56      3       42      3       0       65047.61  44      37626.0  ms
success		1       57      4       29      4       0       63390.61  43      37626.0  ms
success		1       58      2       22      2       0       62388.97  42      37626.0  ms
success		1       59      3       36      3       0       61790.60  41      37626.0  ms
success		1       60      5       17      5       0       59931.22  40      37626.0  ms
success		1       61      2       28      2       0       58866.28  39      37626.0  ms
success		1       62      4       22      4       0       56920.50  38      37626.0  ms
success		1       63      5       35      5       0       56859.93  37      37626.0  ms
success		1       64      3       35      3       0       56030.40  36      37626.0  ms
success		1       65      1       14      1       0       54659.23  35      37626.0  ms
success		1       66      2       21      2       0       52772.84  34      37626.0  ms
success		1       67      4       29      4       0       51842.97  33      37626.0  ms
success		1       68      3       19      3       0       50577.37  32      37626.0  ms
success		1       69      2       3       2       0       48605.02  31      37626.0  ms
success		1       70      2       17      2       0       47182.34  30      37626.0  ms
success		1       71      6       14      6       0       45252.95  29      37626.0  ms
success		1       72      6       7       6       0       44123.58  28      37626.0  ms
success		1       73      5       2       5       0       42437.32  27      37626.0  ms
success		1       74      6       16      6       0       41649.00  26      37626.0  ms
success		1       75      5       9       5       0       41246.06  25      37626.0  ms
success		1       76      2       13      2       0       40311.03  24      37626.0  ms
success		1       77      3       18      3       0       38672.93  23      37626.0  ms
success		1       78      6       2       6       0       37060.95  22      37626.0  ms
success		1       79      2       10      2       0       35153.85  21      37626.0  ms
success		1       80      5       6       5       0       33599.80  20      37626.0  ms
success		1       81      3       0       3       0       31460.41  19      37626.0  ms
success		1       82      7       7       7       0       29579.57  18      37626.0  ms
success		1       83      5       7       5       0       28399.06  17      37626.0  ms
success		1       84      3       9       3       0       26606.91  16      37626.0  ms
success		1       85      8       12      8       0       24701.66  15      37626.0  ms
success		1       86      10      12      9       0       24581.51  14      37626.0  ms
success		1       87      9       0       7       0       23304.47  13      37642.0  ms
success		1       88      6       6       6       0       21645.12  12      37642.0  ms
success		1       89      22      4       10      0       20244.29  11      37658.0  ms
success		1       90      98      9       11      0       18371.42  10      37907.0  ms
success		1       91      223     9       14      0       16552.81  9       38828.0  ms
cross iterater0
rand   	success		9313.31   16107.36  9       46737.0  ms cross
rand   	success		10040.43  15962.46  9       47142.0  ms cross
ab
ab7	0
fail		10489.12  16918.71  9       57547.0  ms
cross iterater1
ab
cross iterater2
rand   	success		9631.25   16658.25  9       60106.0  ms cross
rand   	success		10567.34  16285.51  9       60106.0  ms cross
ab
fail		9631.25   16796.21  9       70152.0  ms
fail		9340.82   16565.99  9       78888.0  ms
cross iterater3
rand   	success		10620.73  16797.69  9       79247.0  ms cross
rand   	success		9270.80   16360.78  9       79247.0  ms cross
ab
cross iterater4
rand   	success		10568.40  16985.95  9       80011.0  ms cross
rand   	success		10215.12  17008.37  9       80697.0  ms cross
ab
ab7	4
ab6	2
fail		10620.73  16886.76  9       86719.0  ms
fail		9597.54   16882.39  9       95985.0  ms
cross iterater5
rand   	success		10531.83  17454.07  9       96188.0  ms cross
rand   	success		9182.35   17148.31  9       97108.0  ms cross
ab
ab7	4
ab6	3
fail		9573.77   16912.58  9       107685.0 ms
cross iterater6
rand   	success		10047.42  16656.05  9       108340.0 ms cross
rand   	success		10652.41  16759.81  9       108340.0 ms cross
ab
ab7	0
fail		9915.49   17252.26  9       118028.0 ms
cross iterater7
rand   	success		9294.67   16774.92  9       118075.0 ms cross
rand   	success		10435.87  17256.42  9       120305.0 ms cross
ab
ab6	0
ab7	4
fail		9690.68   16983.27  9       128246.0 ms
cross iterater8
ab
ab7	0
fail		10047.42  16898.31  9       135406.0 ms
fail		10011.62  16601.39  9       143143.0 ms
cross iterater9
rand   	success		10009.47  17082.73  9       143221.0 ms cross
rand   	success		10092.20  17050.25  9       143892.0 ms cross
ab
ab6	5
ab7	3
fail		9396.23   16902.39  9       149805.0 ms
fail		10652.41  16957.53  9       156294.0 ms
cross iterater10
rand   	success		8944.26   16425.82  9       156294.0 ms cross
rand   	success		9738.15   16635.74  9       156949.0 ms cross
ab
ab7	2
fail		8944.26   16684.79  9       167339.0 ms
cross iterater11
rand   	success		10313.66  16343.42  9       169273.0 ms cross
rand   	success		8920.84   16383.30  9       169273.0 ms cross
ab
ab7	0
fail		9806.01   16399.42  9       180583.0 ms
fail		10011.62  16601.39  9       190411.0 ms
cross iterater12
rand   	success		10206.62  16666.33  9       190582.0 ms cross
rand   	success		9946.01   16364.82  9       190582.0 ms cross
ab
ab7	4
ab6	1
fail		9536.58   16637.65  9       202860.0 ms
cross iterater13
ab
ab7	3
ab6	5
fail		9426.17   16409.05  9       210613.0 ms
fail		9398.67   16649.39  9       219582.0 ms
cross iterater14
rand   	success		10215.13  16820.99  9       219988.0 ms cross
rand   	success		10032.74  16892.76  9       221080.0 ms cross
ab
ab6	0
ab7	2
cross iterater15
ab
ab6	2
cross iterater16
rand   	success		9712.80   16483.30  9       221080.0 ms cross
rand   	success		9820.75   16624.11  9       221080.0 ms cross
ab
ab6	5
ab7	3
cross iterater17
rand   	success		9347.56   16645.29  9       222172.0 ms cross
rand   	success		10132.78  16129.03  9       227960.0 ms cross
ab
ab6	3
cross iterater18
rand   	success		10057.97  16311.69  9       228287.0 ms cross
rand   	success		10322.37  16952.20  9       228381.0 ms cross
ab
ab6	0
fail		9344.69   16496.05  9       238177.0 ms
fail		9545.93   16479.16  9       250501.0 ms
cross iterater19
ab
ab7	0
fail		9545.93   16479.16  9       262654.0 ms
fail		9175.48   16866.24  9       273885.0 ms
cross iterater20
rand   	success		10213.72  17099.79  9       274385.0 ms cross
rand   	success		10196.31  17262.89  9       274431.0 ms cross
ab
ab6	0
ab7	4
fail		9503.72   16509.66  9       282060.0 ms
fail		10033.84  16921.86  9       289282.0 ms
fail		9985.54   16536.40  9       295210.0 ms
cross iterater21
rand   	success		9486.14   16314.06  9       295678.0 ms cross
rand   	success		9292.94   17249.24  9       297784.0 ms cross
ab
ab6	0
fail		9486.14   16551.22  9       307363.0 ms
cross iterater22
rand   	success		9244.12   16405.43  9       307378.0 ms cross
rand   	success		10010.68  16961.57  9       308907.0 ms cross
ab
ab6	2
fail		9928.26   16417.76  9       316847.0 ms
cross iterater23
rand   	success		9804.05   15993.62  9       316863.0 ms cross
rand   	success		10575.51  16594.30  9       318002.0 ms cross
ab
ab6	4
cross iterater24
rand   	success		9713.36   16831.69  9       318002.0 ms cross
rand   	success		9928.63   16605.72  9       321449.0 ms cross
ab
ab7	2
ab6	0
fail		9928.26   16417.76  9       329998.0 ms
cross iterater25
rand   	success		10116.31  16543.89  9       331324.0 ms cross
rand   	success		10520.69  16219.72  9       331995.0 ms cross
ab
ab7	3
fail		9804.05   16554.52  9       340185.0 ms
fail		9958.26   16897.79  9       351307.0 ms
cross iterater26
rand   	success		10195.78  15851.79  9       351323.0 ms cross
rand   	fail		10028.13  18248.62  10      358936.0 ms cross
ab
ab7	3
ab6	1
fail		9866.45   16539.74  9       369653.0 ms
fail		9125.78   16927.99  9       380916.0 ms
cross iterater27
rand   	success		9683.84   16396.69  9       381711.0 ms cross
rand   	success		10082.23  16507.47  9       382507.0 ms cross
ab
ab7	5
fail		10502.33  17188.75  9       393442.0 ms
cross iterater28
rand   	success		9939.19   16464.20  9       398341.0 ms cross
rand   	success		10110.54  16204.12  9       398653.0 ms cross
ab
ab7	3
fail		9833.91   16374.75  9       408792.0 ms
cross iterater29
rand   	success		9473.70   16594.52  9       410649.0 ms cross
rand   	success		9939.59   17193.33  9       412037.0 ms cross
ab
ab7	2
ab6	5
fail		9677.28   16796.44  9       419993.0 ms
cross iterater30
rand   	success		10227.02  16057.91  9       420414.0 ms cross
rand   	success		9938.08   16665.33  9       420414.0 ms cross
ab
ab7	0
cross iterater31
ab
ab6	4
ab7	5
fail		9780.59   16761.14  9       426467.0 ms
cross iterater32
rand   	success		9670.49   16907.01  9       427107.0 ms cross
rand   	success		10084.40  16315.56  9       427107.0 ms cross
ab
ab6	4
fail		10084.40  16667.83  9       432769.0 ms
fail		9486.39   16401.26  9       441115.0 ms
fail		9447.73   16068.63  9       449134.0 ms
cross iterater33
rand   	success		9721.12   16881.65  9       449336.0 ms cross
rand   	success		10274.64  16310.55  9       450070.0 ms cross
ab
ab6	0
fail		9797.37   16510.76  9       457869.0 ms
fail		9935.87   17120.72  9       469928.0 ms
fail		10254.01  16118.11  9       483562.0 ms
cross iterater34
rand   	success		10462.25  16157.86  9       483578.0 ms cross
rand   	success		9930.34   16236.48  9       483578.0 ms cross
ab
fail		10274.64  16712.26  9       498211.0 ms
cross iterater35
rand   	success		9174.03   17310.23  9       498304.0 ms cross
rand   	success		9875.83   16027.62  9       504872.0 ms cross
ab
ab7	3
ab6	5
cross iterater36
ab
ab7	5
cross iterater37
rand   	success		10089.65  16417.32  9       504872.0 ms cross
rand   	success		9665.38   16547.05  9       506166.0 ms cross
ab
ab7	0
fail		10061.78  17275.04  9       519145.0 ms
fail		10647.06  16571.88  9       529753.0 ms
cross iterater38
rand   	success		9957.76   16415.21  9       530409.0 ms cross
rand   	success		9404.25   17026.76  9       530767.0 ms cross
ab
ab7	0
fail		10462.25  16754.05  9       542670.0 ms
cross iterater39
ab
ab6	3
ab7	5
fail		10380.44  16785.79  9       554105.0 ms
cross iterater40
rand   	success		9684.57   16884.40  9       554151.0 ms cross
rand   	success		10394.47  16344.08  9       554385.0 ms cross
ab
ab7	3
fail		10394.47  16781.00  9       565024.0 ms
cross iterater41
rand   	success		10202.57  16521.83  9       565321.0 ms cross
rand   	success		10481.29  17085.51  9       566007.0 ms cross
ab
ab7	4
fail		10603.54  16777.89  9       577364.0 ms
cross iterater42
ab
ab6	4
fail		9823.80   16683.92  9       589516.0 ms
fail		10818.47  16839.25  9       604040.0 ms
cross iterater43
rand   	success		9006.92   17181.29  9       604430.0 ms cross
rand   	success		9729.67   15890.89  9       604430.0 ms cross
ab
ab6	3
ab7	4
fail		9711.03   16467.49  9       615677.0 ms
fail		9303.83   16718.53  9       621652.0 ms
fail		10120.65  16903.17  9       633851.0 ms
fail		10603.54  16777.89  9       644942.0 ms
cross iterater44
rand   	success		9881.38   16667.58  9       646393.0 ms cross
rand   	success		9793.17   16614.03  9       647033.0 ms cross
ab
ab6	5
ab7	3
fail		10495.14  16976.80  9       657188.0 ms
fail		9367.52   16641.12  9       667453.0 ms
cross iterater45
rand   	success		10390.28  16316.13  9       669138.0 ms cross
rand   	success		9643.19   16489.31  9       669964.0 ms cross
ab
ab6	1
cross iterater46
ab
ab6	2
ab7	3
fail		10023.54  16568.78  9       681259.0 ms
fail		9836.25   16659.74  9       691570.0 ms
cross iterater47
rand   	success		9423.62   16858.14  9       691976.0 ms cross
rand   	success		9635.77   16724.73  9       691976.0 ms cross
ab
ab6	4
ab7	2
fail		10204.48  16563.44  9       702287.0 ms
cross iterater48
rand   	success		10498.02  16720.19  9       702287.0 ms cross
rand   	success		10177.12  17293.22  9       703036.0 ms cross
ab
ab6	4
ab7	1
fail		10023.54  16568.78  9       711132.0 ms
fail		9836.25   16659.74  9       722551.0 ms
cross iterater49
rand   	success		10397.98  16994.32  9       722551.0 ms cross
rand   	success		10006.86  17155.22  9       722551.0 ms cross
ab
ab6	0
ab7	1
fail		9357.08   16112.64  9       732520.0 ms
cross iterater50
rand   	success		9334.51   16748.64  9       733300.0 ms cross
rand   	fail		10712.44  17698.82  10      739118.0 ms cross
ab
ab7	0
ab6	1
fail		9181.24   16307.79  9       749055.0 ms
success		9213.23   14692.91  8       750210.0 ms
fail		10490.89  16822.46  9       762097.0 ms
cross iterater51
ab
ab6	4
cross iterater52
rand   	success		9842.35   16792.76  9       763984.0 ms cross
rand   	success		9918.12   16761.65  9       764468.0 ms cross
ab
ab6	2
ab7	4
fail		9138.85   16740.01  9       774155.0 ms
fail		9213.23   14938.84  8       785996.0 ms
cross iterater53
ab
ab7	0
fail		9711.73   16492.59  9       791206.0 ms
cross iterater54
rand   	success		9643.20   16584.30  9       791549.0 ms cross
rand   	
ab
ab6	5
fail		10573.51  17245.27  9       801673.0 ms
fail		10277.79  16622.08  9       808569.0 ms
fail		9432.30   16251.75  9       814184.0 ms
cross iterater55
rand   	success		10878.04  16645.72  9       815822.0 ms cross
rand   	success		10409.21  16652.61  9       816290.0 ms cross
ab
ab7	0
fail		9432.30   16251.75  9       825167.0 ms
cross iterater56
rand   	success		9851.60   16728.45  9       825666.0 ms cross
rand   	success		9770.10   15685.39  9       829129.0 ms cross
ab
ab6	2
ab7	5
fail		10190.06  16675.68  9       834776.0 ms
cross iterater57
ab
ab6	5
cross iterater58
rand   	success		9890.10   16839.15  9       834792.0 ms cross
rand   	success		9652.36   16540.99  9       839113.0 ms cross
ab
ab6	0
ab7	3
cross iterater59
ab
fail		9770.10   16184.22  9       849003.0 ms
cross iterater60
rand   	success		9644.15   16592.10  9       849284.0 ms cross
rand   	success		9328.89   16520.09  9       849284.0 ms cross
ab
ab6	1
ab7	3
cross iterater61
rand   	fail		9459.44   18112.79  10      856881.0 ms cross
rand   	success		9718.29   16719.69  9       858581.0 ms cross
ab
ab6	3
ab7	4
fail		10149.30  15997.43  9       867349.0 ms
fail		9596.20   16180.76  9       878783.0 ms
cross iterater62
ab
fail		9176.21   16576.18  9       889329.0 ms
cross iterater63
rand   	success		9646.61   15890.25  9       889329.0 ms cross
rand   	success		9865.82   16424.78  9       889625.0 ms cross
ab
ab6	1
cross iterater64
rand   	success		9651.49   16613.72  9       889625.0 ms cross
rand   	success		10157.65  16793.75  9       890483.0 ms cross
ab
ab6	0
ab7	4
fail		10624.46  16326.72  9       899952.0 ms
fail		9427.00   15525.81  9       908470.0 ms
cross iterater65
rand   	success		10021.00  16733.93  9       908735.0 ms cross
rand   	success		10114.82  16553.91  9       909593.0 ms cross
ab
ab6	0
ab7	1
cross iterater66
ab
ab6	4
fail		9315.65   16807.49  9       919624.0 ms
fail		9596.20   16180.76  9       929249.0 ms
cross iterater67
rand   	success		9654.98   16831.46  9       934412.0 ms cross
rand   	success		9424.88   16687.39  9       934443.0 ms cross
ab
ab6	3
ab7	1
fail		10390.81  16624.28  9       945613.0 ms
cross iterater68
ab
ab6	3
ab7	5
cross iterater69
rand   	fail		9982.74   17757.53  10      951837.0 ms cross
rand   	success		9853.52   16260.73  9       951837.0 ms cross
ab
ab6	5
fail		9818.89   16690.23  9       966142.0 ms
cross iterater70
rand   	success		9786.39   16932.94  9       967016.0 ms cross
rand   	success		10314.37  16371.84  9       967016.0 ms cross
ab
ab6	2
ab7	4
success		9410.62   15143.54  8       975892.0 ms
fail		9241.18   16846.11  9       986609.0 ms
fail		9003.62   16316.70  9       998215.0 ms
cross iterater71
ab
ab6	2
fail		9338.63   15264.81  8       1012832.0 ms
fail		9410.62   15040.01  8       1027231.0 ms
cross iterater72
rand   	
rand   	success		9185.92   14577.52  8       1039290.0 ms cross
ab
ab6	2
fail		9391.38   16842.74  9       1047791.0 ms
fail		9338.63   15264.81  8       1062206.0 ms
fail		9999.32   16657.77  9       1071425.0 ms
cross iterater73
rand   	success		9556.33   16768.96  9       1071488.0 ms cross
rand   	success		10035.31  16650.13  9       1071488.0 ms cross
ab
ab6	1
fail		9338.63   15264.81  8       1077634.0 ms
fail		9556.33   16802.70  9       1085340.0 ms
cross iterater74
ab
ab6	5
ab7	4
fail		9287.70   14645.94  8       1098584.0 ms
fail		9222.97   14689.11  8       1106868.0 ms
cross iterater75
rand   	success		9201.17   13987.64  8       1106868.0 ms cross
rand   	
ab
ab6	2
ab7	3
fail		9269.84   14984.57  8       1125385.0 ms
fail		9287.70   14645.94  8       1137038.0 ms
cross iterater76
rand   	success		9100.63   14675.35  8       1137038.0 ms cross
rand   	
ab
ab7	0
fail		9100.63   14895.50  8       1163714.0 ms
cross iterater77
rand   	success		9198.62   14693.39  8       1163714.0 ms cross
rand   	
ab
ab6	5
ab7	2
fail		9198.62   14948.57  8       1190483.0 ms
fail		9331.05   14612.39  8       1204242.0 ms
cross iterater78
rand   	success		9065.64   14739.90  8       1204257.0 ms cross
rand   	success		8958.95   13954.64  8       1204257.0 ms cross
ab
ab7	0
fail		9065.64   14815.67  8       1213290.0 ms
fail		8958.95   14056.28  8       1221168.0 ms
fail		9331.05   14612.39  8       1231261.0 ms
cross iterater79
rand   	fail		10306.02  16562.62  9       1238234.0 ms cross
rand   	fail		9750.09   16786.61  9       1253537.0 ms cross
ab
ab6	1
ab7	5
cross iterater80
rand   	fail		9608.40   16278.05  9       1263365.0 ms cross
rand   	
ab
ab6	5
ab7	4
fail		9287.70   14645.94  8       1287139.0 ms
fail		9448.41   15345.70  8       1297045.0 ms
cross iterater81
rand   	success		9042.36   14662.76  8       1297045.0 ms cross
rand   	success		9539.50   15101.25  8       1297045.0 ms cross
ab
ab6	2
ab7	5
fail		9427.88   15199.59  8       1306842.0 ms
cross iterater82
rand   	success		9140.32   14925.16  8       1308839.0 ms cross
rand   	success		9075.31   14652.72  8       1308854.0 ms cross
ab
ab6	5
ab7	2
fail		9287.70   14645.94  8       1320445.0 ms
cross iterater83
rand   	
rand   	
ab
ab6	3
ab7	0
fail		9002.24   15186.19  8       1347495.0 ms
fail		9162.09   14904.52  8       1355560.0 ms
fail		9454.22   14967.93  8       1370458.0 ms
fail		9287.30   14945.86  8       1384856.0 ms
fail		9263.93   15066.75  8       1399863.0 ms
cross iterater84
rand   	
rand   	fail		9209.69   16720.93  9       1424823.0 ms cross
ab
ab7	2
ab6	1
fail		9162.09   14904.52  8       1436523.0 ms
cross iterater85
rand   	
rand   	
ab
ab6	3
ab7	0
cross iterater86
rand   	success		8957.29   14694.34  8       1465351.0 ms cross
rand   	success		9743.90   15329.66  8       1466459.0 ms cross
ab
ab6	1
fail		9417.53   15270.75  8       1479532.0 ms
fail		9002.24   15186.19  8       1493103.0 ms
cross iterater87
ab
ab7	0
fail		9162.09   14904.52  8       1508828.0 ms
cross iterater88
ab
fail		9041.27   14918.19  8       1524428.0 ms
fail		8957.29   14975.00  8       1537984.0 ms
cross iterater89
rand   	success		9228.04   14820.76  8       1541151.0 ms cross
rand   	fail		9777.50   16389.57  9       1551306.0 ms cross
ab
ab6	0
fail		9041.27   14918.19  8       1560541.0 ms
cross iterater90
rand   	success		9020.01   14797.72  8       1560557.0 ms cross
rand   	
ab
ab6	3
fail		9020.01   14916.11  8       1586297.0 ms
fail		9228.04   14861.58  8       1597388.0 ms
cross iterater91
rand   	success		9194.71   14960.85  8       1597388.0 ms cross
rand   	success		9174.81   14732.70  8       1597388.0 ms cross
ab
ab7	0
ab6	5
fail		9041.27   14918.19  8       1612520.0 ms
cross iterater92
ab
ab6	3
ab7	5
fail		9228.04   14861.58  8       1625655.0 ms
cross iterater93
ab
fail		9174.81   14981.54  8       1639102.0 ms
cross iterater94
rand   	fail		9594.31   16833.00  9       1652159.0 ms cross
rand   	success		9669.60   15088.46  8       1657993.0 ms cross
ab
ab6	0
ab7	2
fail		9767.97   14613.06  8       1670239.0 ms
fail		9203.68   14857.42  8       1683764.0 ms
fail		9381.93   14822.99  8       1700752.0 ms
fail		9020.01   14916.11  8       1719597.0 ms
cross iterater95
ab
ab6	3
ab7	5
fail		9228.04   14861.58  8       1728770.0 ms
cross iterater96
rand   	fail		9937.41   16644.78  9       1740142.0 ms cross
rand   	
ab
ab6	3
ab7	4
fail		9381.93   14822.99  8       1759267.0 ms
fail		9440.64   14897.17  8       1767036.0 ms
fail		9203.68   14857.42  8       1776053.0 ms
cross iterater97
ab
ab6	3
fail		9203.68   14857.42  8       1783509.0 ms
cross iterater98
rand   	fail		9260.53   16269.55  9       1791028.0 ms cross
rand   	success		9624.87   15603.21  8       1791044.0 ms cross
ab
ab6	1
ab7	4
fail		9203.68   14857.42  8       1802042.0 ms
cross iterater99
rand   	success		9503.64   14922.40  8       1802042.0 ms cross
rand   	success		9396.92   14676.84  8       1802042.0 ms cross
ab
ab6	5
ab7	3
fail		9381.93   14822.99  8       1817922.0 ms

R.size:8

1		67	100	192	36	179	31	167	162	134	135	165	14	133	142	105	176	69	49	185	156	173	12	20	108	182	54	
2		183	181	152	47	65	71	194	44	191	38	57	3	13	187	113	106	82	28	76	153	39	126	
3		164	62	4	79	117	151	32	120	172	147	29	107	84	58	5	7	64	111	112	80	53	154	86	163	
4		116	74	73	91	161	21	6	92	19	132	200	193	146	27	68	196	145	102	9	129	37	125	155	175	1	72	87	201	
5		23	18	34	8	197	139	88	128	40	78	178	195	59	157	16	89	189	98	93	83	109	2	121	10	50	97	52	140	
6		131	41	26	45	199	95	48	184	103	15	51	81	75	124	144	158	149	160	101	22	136	24	171	202	
7		60	168	77	119	61	143	33	35	177	150	94	90	11	141	166	180	122	138	186	159	127	114	30	25	169	99	85	46	
8		56	118	137	43	63	104	170	66	123	130	198	17	70	174	96	55	42	110	188	190	148	115	

data1/pdp200/LR2_2_1.txt
total_cost 8957.287254

