success		1       0       1       32      1       0       156661.85 100     63.0     ms
success		1       1       1       34      1       0       155128.85 99      63.0     ms
success		1       2       1       44      1       0       152862.05 98      63.0     ms
success		1       3       1       14      1       0       151527.23 97      63.0     ms
success		1       4       1       25      1       0       150099.34 96      63.0     ms
success		1       5       1       67      1       0       148767.69 95      63.0     ms
success		1       6       1       43      1       0       148396.44 94      63.0     ms
success		1       7       1       54      1       0       146066.72 93      63.0     ms
success		1       8       1       66      1       0       146025.43 92      63.0     ms
success		1       9       1       38      1       0       144251.86 91      63.0     ms
success		1       10      1       76      1       0       143719.35 90      78.0     ms
success		1       11      1       76      1       0       142920.87 89      78.0     ms
success		1       12      1       69      1       0       141101.57 88      78.0     ms
success		1       13      1       63      1       0       140647.05 87      78.0     ms
success		1       14      3       10      3       0       139548.91 86      78.0     ms
success		1       15      1       76      1       0       137626.47 85      78.0     ms
success		1       16      1       64      1       0       136919.06 84      78.0     ms
success		1       17      2       13      2       0       135765.21 83      78.0     ms
success		1       18      1       41      1       0       135259.87 82      78.0     ms
success		1       19      1       65      1       0       134211.34 81      78.0     ms
success		1       20      1       63      1       0       133689.72 80      78.0     ms
success		1       21      1       20      1       0       133544.24 79      78.0     ms
success		1       22      1       58      1       0       133366.72 78      78.0     ms
success		1       23      1       46      1       0       131300.86 77      78.0     ms
success		1       24      2       64      2       0       129102.33 76      78.0     ms
success		1       25      1       31      1       0       126618.67 75      78.0     ms
success		1       26      1       18      1       0       125161.60 74      78.0     ms
success		1       27      1       19      1       0       123626.66 73      78.0     ms
success		1       28      1       65      1       0       121093.54 72      78.0     ms
success		1       29      2       3       2       0       119884.38 71      78.0     ms
success		1       30      1       57      1       0       117510.24 70      78.0     ms
success		1       31      4       65      4       0       118781.99 69      78.0     ms
success		1       32      1       62      1       0       117308.93 68      78.0     ms
success		1       33      1       49      1       0       115445.03 67      78.0     ms
success		1       34      2       2       2       0       112457.79 66      78.0     ms
success		1       35      3       53      3       0       110662.65 65      78.0     ms
success		1       36      1       43      1       0       109569.86 64      78.0     ms
success		1       37      3       48      3       0       108979.17 63      78.0     ms
success		1       38      1       39      1       0       106880.58 62      78.0     ms
success		1       39      1       52      1       0       106046.10 61      78.0     ms
success		1       40      1       13      1       0       104278.13 60      78.0     ms
success		1       41      2       31      2       0       102153.55 59      78.0     ms
success		1       42      1       30      1       0       99786.82  58      78.0     ms
success		1       43      2       1       2       0       97444.20  57      78.0     ms
success		1       44      2       29      2       0       95891.08  56      78.0     ms
success		1       45      1       37      1       0       95734.76  55      78.0     ms
success		1       46      1       44      1       0       93440.41  54      78.0     ms
success		1       47      2       25      2       0       92095.23  53      78.0     ms
success		1       48      2       47      2       0       90501.35  52      78.0     ms
success		1       49      2       30      2       0       90217.00  51      78.0     ms
success		1       50      3       44      3       0       88364.50  50      78.0     ms
success		1       51      1       1       1       0       86676.49  49      78.0     ms
success		1       52      2       1       2       0       85641.70  48      78.0     ms
success		1       53      3       3       3       0       83282.83  47      78.0     ms
success		1       54      2       19      2       0       82417.75  46      78.0     ms
success		1       55      4       36      4       0       80245.84  45      78.0     ms
success		1       56      4       7       4       0       77695.07  44      94.0     ms
success		1       57      3       3       3       0       76420.80  43      94.0     ms
success		1       58      3       12      3       0       74075.55  42      94.0     ms
success		1       59      6       31      6       0       73119.37  41      94.0     ms
success		1       60      2       4       2       0       71252.51  40      94.0     ms
success		1       61      1       15      1       0       70892.71  39      94.0     ms
success		1       62      1       35      1       0       69673.26  38      94.0     ms
success		1       63      2       22      2       0       67291.54  37      94.0     ms
success		1       64      3       12      3       0       64871.67  36      94.0     ms
success		1       65      3       19      3       0       63471.67  35      94.0     ms
success		1       66      4       24      4       0       61113.66  34      94.0     ms
success		1       67      3       29      3       0       59079.62  33      94.0     ms
success		1       68      1       4       1       0       58209.70  32      94.0     ms
success		1       69      5       30      5       0       56911.45  31      94.0     ms
success		1       70      2       26      2       0       54871.72  30      94.0     ms
success		1       71      6       4       6       0       52636.02  29      94.0     ms
success		1       72      2       3       2       0       52596.14  28      94.0     ms
success		1       73      3       21      3       0       51203.17  27      94.0     ms
success		1       74      2       26      2       0       50115.77  26      94.0     ms
success		1       75      5       21      5       0       47922.90  25      94.0     ms
success		1       76      4       17      4       0       45219.99  24      94.0     ms
success		1       77      5       6       5       0       42532.41  23      94.0     ms
success		1       78      6       19      6       0       40218.40  22      94.0     ms
success		1       79      5       3       5       0       37673.82  21      94.0     ms
success		1       80      6       7       6       0       36213.75  20      94.0     ms
success		1       81      6       18      6       0       34705.45  19      94.0     ms
success		1       82      7       12      6       0       32839.76  18      110.0    ms
success		1       83      5       9       5       0       30312.34  17      110.0    ms
success		1       84      7       5       7       0       27050.83  16      110.0    ms
success		1       85      7       10      7       0       24463.93  15      110.0    ms
success		1       86      3       10      3       0       23014.83  14      110.0    ms
success		1       87      8       4       6       0       21408.13  13      110.0    ms
success		1       88      7       0       5       0       18565.57  12      125.0    ms
success		1       89      9       2       7       0       16896.83  11      125.0    ms
success		1       90      10      0       7       0       13893.56  10      156.0    ms
success		1       91      19      6       12      0       11246.34  9       219.0    ms
success		1       92      62      8       10      0       8433.83   8       578.0    ms
success		1       0       1       63      1       0       169836.68 100     6349.0   ms
success		1       1       1       44      1       0       167383.49 99      6349.0   ms
success		1       2       1       65      1       0       165091.41 98      6365.0   ms
success		1       3       1       6       1       0       164256.66 97      6365.0   ms
success		1       4       1       87      1       0       162895.00 96      6365.0   ms
success		1       5       1       24      1       0       161941.47 95      6365.0   ms
success		1       6       1       42      1       0       160923.46 94      6365.0   ms
success		1       7       1       26      1       0       158743.16 93      6365.0   ms
success		1       8       1       74      1       0       157633.00 92      6365.0   ms
success		1       9       1       3       1       0       157065.22 91      6365.0   ms
success		1       10      1       74      1       0       155276.06 90      6365.0   ms
success		1       11      1       42      1       0       154825.01 89      6365.0   ms
success		1       12      1       78      1       0       153339.72 88      6365.0   ms
success		1       13      1       14      1       0       153170.07 87      6365.0   ms
success		1       14      1       37      1       0       152704.09 86      6365.0   ms
success		1       15      1       61      1       0       150917.47 85      6365.0   ms
success		1       16      1       2       1       0       148098.29 84      6365.0   ms
success		1       17      1       34      1       0       145436.74 83      6365.0   ms
success		1       18      2       46      2       0       143091.70 82      6365.0   ms
success		1       19      1       19      1       0       142636.47 81      6365.0   ms
success		1       20      1       5       1       0       139954.15 80      6365.0   ms
success		1       21      1       18      1       0       138264.23 79      6365.0   ms
success		1       22      1       63      1       0       136854.18 78      6365.0   ms
success		1       23      1       61      1       0       135854.82 77      6365.0   ms
success		1       24      1       35      1       0       134585.77 76      6365.0   ms
success		1       25      2       21      2       0       132476.45 75      6365.0   ms
success		1       26      1       45      1       0       130880.44 74      6365.0   ms
success		1       27      1       51      1       0       128211.80 73      6365.0   ms
success		1       28      2       62      2       0       125985.25 72      6365.0   ms
success		1       29      1       1       1       0       124722.87 71      6365.0   ms
success		1       30      1       59      1       0       122695.85 70      6365.0   ms
success		1       31      1       50      1       0       120661.13 69      6365.0   ms
success		1       32      1       57      1       0       119389.42 68      6365.0   ms
success		1       33      1       52      1       0       117379.76 67      6365.0   ms
success		1       34      3       24      3       0       116810.95 66      6365.0   ms
success		1       35      1       56      1       0       116473.71 65      6365.0   ms
success		1       36      3       47      3       0       114939.69 64      6365.0   ms
success		1       37      2       51      2       0       113123.83 63      6365.0   ms
success		1       38      1       6       1       0       111006.95 62      6365.0   ms
success		1       39      2       6       2       0       108875.32 61      6365.0   ms
success		1       40      1       48      1       0       106160.93 60      6365.0   ms
success		1       41      3       35      3       0       104053.40 59      6365.0   ms
success		1       42      3       31      3       0       102795.73 58      6365.0   ms
success		1       43      1       34      1       0       102061.34 57      6365.0   ms
success		1       44      3       28      3       0       100396.35 56      6365.0   ms
success		1       45      1       50      1       0       99693.89  55      6365.0   ms
success		1       46      1       24      1       0       97230.34  54      6365.0   ms
success		1       47      1       32      1       0       95799.75  53      6365.0   ms
success		1       48      3       14      3       0       94351.76  52      6365.0   ms
success		1       49      1       49      1       0       94133.40  51      6365.0   ms
success		1       50      2       1       2       0       91638.64  50      6365.0   ms
success		1       51      4       19      4       0       89642.27  49      6365.0   ms
success		1       52      1       36      1       0       88283.56  48      6365.0   ms
success		1       53      2       33      2       0       85894.39  47      6365.0   ms
success		1       54      3       43      3       0       83197.32  46      6365.0   ms
success		1       55      4       36      4       0       82962.07  45      6365.0   ms
success		1       56      2       44      2       0       80596.18  44      6365.0   ms
success		1       57      2       17      2       0       78893.96  43      6365.0   ms
success		1       58      3       23      3       0       77219.73  42      6365.0   ms
success		1       59      4       5       4       0       75140.63  41      6365.0   ms
success		1       60      5       40      5       0       72770.49  40      6365.0   ms
success		1       61      2       17      2       0       70731.88  39      6365.0   ms
success		1       62      5       32      5       0       68954.33  38      6365.0   ms
success		1       63      1       6       1       0       66655.13  37      6365.0   ms
success		1       64      3       12      3       0       64287.90  36      6365.0   ms
success		1       65      4       28      4       0       63290.68  35      6365.0   ms
success		1       66      3       20      3       0       62905.02  34      6365.0   ms
success		1       67      2       27      2       0       62259.13  33      6365.0   ms
success		1       68      2       14      2       0       59983.01  32      6365.0   ms
success		1       69      2       28      2       0       58306.91  31      6365.0   ms
success		1       70      4       1       4       0       57269.93  30      6365.0   ms
success		1       71      1       19      1       0       54668.65  29      6365.0   ms
success		1       72      2       22      2       0       52632.81  28      6365.0   ms
success		1       73      4       11      4       0       50266.23  27      6365.0   ms
success		1       74      3       22      3       0       48233.65  26      6365.0   ms
success		1       75      4       3       4       0       45758.51  25      6365.0   ms
success		1       76      4       9       4       0       43522.87  24      6365.0   ms
success		1       77      3       1       3       0       42077.85  23      6365.0   ms
success		1       78      3       12      3       0       39435.72  22      6365.0   ms
success		1       79      6       16      6       0       36409.68  21      6365.0   ms
success		1       80      4       16      4       0       35085.66  20      6365.0   ms
success		1       81      7       10      7       0       32656.48  19      6365.0   ms
success		1       82      5       15      5       0       31130.91  18      6365.0   ms
success		1       83      5       2       5       0       29296.22  17      6365.0   ms
success		1       84      8       4       8       0       27369.17  16      6365.0   ms
success		1       85      7       1       5       0       25995.46  15      6381.0   ms
success		1       86      6       0       6       0       24074.39  14      6381.0   ms
success		1       87      5       2       5       0       21101.46  13      6381.0   ms
success		1       88      8       10      8       0       17602.25  12      6381.0   ms
success		1       89      7       10      5       0       17395.66  11      6381.0   ms
success		1       90      16      8       12      0       13847.53  10      6396.0   ms
success		1       91      23      2       11      0       11539.02  9       6427.0   ms
success		1       92      49      1       13      0       9026.71   8       6583.0   ms
success		1       0       1       9       1       0       169781.88 100     12184.0  ms
success		1       1       1       8       1       0       169104.80 99      12184.0  ms
success		1       2       1       1       1       0       167836.89 98      12184.0  ms
success		1       3       1       58      1       0       165379.35 97      12184.0  ms
success		1       4       1       16      1       0       162550.44 96      12184.0  ms
success		1       5       1       38      1       0       160271.94 95      12184.0  ms
success		1       6       1       15      1       0       158297.03 94      12184.0  ms
success		1       7       1       49      1       0       156808.63 93      12184.0  ms
success		1       8       1       63      1       0       154184.73 92      12184.0  ms
success		1       9       1       23      1       0       151864.63 91      12184.0  ms
success		1       10      1       74      1       0       150559.50 90      12184.0  ms
success		1       11      1       21      1       0       148920.66 89      12184.0  ms
success		1       12      1       60      1       0       147715.52 88      12184.0  ms
success		1       13      1       2       1       0       147475.37 87      12184.0  ms
success		1       14      1       58      1       0       146633.02 86      12184.0  ms
success		1       15      1       56      1       0       144344.31 85      12184.0  ms
success		1       16      1       20      1       0       143801.90 84      12184.0  ms
success		1       17      1       27      1       0       143393.61 83      12184.0  ms
success		1       18      1       9       1       0       142076.73 82      12184.0  ms
success		1       19      2       53      2       0       141328.10 81      12184.0  ms
success		1       20      1       3       1       0       140747.22 80      12184.0  ms
success		1       21      2       52      2       0       140004.43 79      12184.0  ms
success		1       22      2       30      2       0       137332.88 78      12184.0  ms
success		1       23      1       55      1       0       134785.93 77      12184.0  ms
success		1       24      2       28      2       0       134362.44 76      12184.0  ms
success		1       25      1       41      1       0       132200.52 75      12184.0  ms
success		1       26      1       20      1       0       130855.21 74      12184.0  ms
success		1       27      2       45      2       0       129892.89 73      12184.0  ms
success		1       28      1       55      1       0       127541.75 72      12184.0  ms
success		1       29      2       55      2       0       127284.61 71      12184.0  ms
success		1       30      1       50      1       0       125403.67 70      12184.0  ms
success		1       31      3       53      3       0       124067.15 69      12184.0  ms
success		1       32      1       45      1       0       123128.95 68      12184.0  ms
success		1       33      1       56      1       0       121626.05 67      12184.0  ms
success		1       34      1       57      1       0       119267.66 66      12184.0  ms
success		1       35      4       0       4       0       117114.96 65      12184.0  ms
success		1       36      2       18      2       0       115519.61 64      12184.0  ms
success		1       37      2       28      2       0       114211.96 63      12184.0  ms
success		1       38      1       53      1       0       114016.72 62      12184.0  ms
success		1       39      1       51      1       0       112813.53 61      12184.0  ms
success		1       40      2       1       2       0       110351.61 60      12184.0  ms
success		1       41      2       44      2       0       108400.16 59      12184.0  ms
success		1       42      1       27      1       0       107521.71 58      12184.0  ms
success		1       43      1       35      1       0       106244.21 57      12184.0  ms
success		1       44      1       33      1       0       103523.72 56      12184.0  ms
success		1       45      1       3       1       0       102281.47 55      12184.0  ms
success		1       46      5       32      5       0       100568.37 54      12184.0  ms
success		1       47      3       16      3       0       99066.59  53      12184.0  ms
success		1       48      1       51      1       0       97476.46  52      12184.0  ms
success		1       49      1       32      1       0       95252.89  51      12184.0  ms
success		1       50      1       29      1       0       94311.29  50      12184.0  ms
success		1       51      2       33      2       0       92943.47  49      12184.0  ms
success		1       52      4       44      4       0       90662.18  48      12184.0  ms
success		1       53      3       37      3       0       88424.97  47      12184.0  ms
success		1       54      1       7       1       0       88240.54  46      12184.0  ms
success		1       55      5       45      5       0       87426.50  45      12184.0  ms
success		1       56      3       23      3       0       85652.84  44      12184.0  ms
success		1       57      1       7       1       0       83723.98  43      12184.0  ms
success		1       58      4       34      4       0       81331.18  42      12184.0  ms
success		1       59      1       21      1       0       78691.71  41      12184.0  ms
success		1       60      4       40      4       0       77887.97  40      12184.0  ms
success		1       61      3       12      3       0       75975.44  39      12184.0  ms
success		1       62      1       9       1       0       74173.22  38      12184.0  ms
success		1       63      4       13      4       0       71342.92  37      12184.0  ms
success		1       64      3       18      3       0       69184.43  36      12184.0  ms
success		1       65      3       4       3       0       67209.21  35      12184.0  ms
success		1       66      4       26      4       0       65902.15  34      12184.0  ms
success		1       67      4       26      4       0       63743.10  33      12184.0  ms
success		1       68      4       13      4       0       61015.25  32      12184.0  ms
success		1       69      2       7       2       0       58879.01  31      12184.0  ms
success		1       70      4       17      4       0       58173.52  30      12184.0  ms
success		1       71      2       3       2       0       56456.72  29      12184.0  ms
success		1       72      3       10      3       0       53706.92  28      12184.0  ms
success		1       73      6       27      6       0       52305.26  27      12184.0  ms
success		1       74      5       4       5       0       49901.61  26      12184.0  ms
success		1       75      2       7       2       0       47339.22  25      12184.0  ms
success		1       76      8       15      8       0       44996.12  24      12184.0  ms
success		1       77      5       21      5       0       42165.87  23      12184.0  ms
success		1       78      6       4       6       0       40543.77  22      12184.0  ms
success		1       79      5       6       5       0       37865.70  21      12184.0  ms
success		1       80      3       9       3       0       35822.58  20      12184.0  ms
success		1       81      6       14      6       0       33717.50  19      12199.0  ms
success		1       82      7       8       7       0       32716.10  18      12199.0  ms
success		1       83      9       16      7       0       30724.86  17      12199.0  ms
success		1       84      5       3       5       0       28550.75  16      12199.0  ms
success		1       85      6       11      6       0       25924.31  15      12199.0  ms
success		1       86      7       7       7       0       22704.87  14      12199.0  ms
success		1       87      8       6       8       0       19649.49  13      12199.0  ms
success		1       88      16      11      9       0       18619.14  12      12215.0  ms
success		1       89      9       1       9       0       15476.41  11      12215.0  ms
success		1       90      14      9       7       0       13656.96  10      12246.0  ms
success		1       91      25      7       10      0       10955.12  9       12309.0  ms
success		1       92      97      8       9       0       9181.99   8       12823.0  ms
success		1       0       1       51      1       0       169423.61 100     18907.0  ms
success		1       1       1       74      1       0       166933.97 99      18907.0  ms
success		1       2       1       69      1       0       166386.90 98      18907.0  ms
success		1       3       1       15      1       0       164269.08 97      18907.0  ms
success		1       4       1       41      1       0       162579.23 96      18907.0  ms
success		1       5       1       24      1       0       161570.35 95      18907.0  ms
success		1       6       2       29      2       0       159576.78 94      18907.0  ms
success		1       7       1       28      1       0       157629.96 93      18907.0  ms
success		1       8       1       35      1       0       155233.50 92      18907.0  ms
success		1       9       1       74      1       0       153440.19 91      18907.0  ms
success		1       10      1       6       1       0       151002.33 90      18907.0  ms
success		1       11      1       49      1       0       148529.38 89      18907.0  ms
success		1       12      2       41      2       0       147214.36 88      18907.0  ms
success		1       13      1       20      1       0       146711.24 87      18907.0  ms
success		1       14      1       72      1       0       144816.45 86      18907.0  ms
success		1       15      1       81      1       0       142354.69 85      18907.0  ms
success		1       16      1       12      1       0       141005.70 84      18907.0  ms
success		1       17      1       13      1       0       140700.59 83      18907.0  ms
success		1       18      1       26      1       0       139493.78 82      18907.0  ms
success		1       19      1       15      1       0       138416.46 81      18907.0  ms
success		1       20      1       67      1       0       137082.85 80      18907.0  ms
success		1       21      2       5       2       0       135240.32 79      18907.0  ms
success		1       22      1       52      1       0       133723.31 78      18907.0  ms
success		1       23      1       14      1       0       133068.06 77      18907.0  ms
success		1       24      1       61      1       0       132092.70 76      18907.0  ms
success		1       25      1       3       1       0       131882.63 75      18907.0  ms
success		1       26      1       51      1       0       129522.42 74      18907.0  ms
success		1       27      3       25      3       0       127193.90 73      18907.0  ms
success		1       28      1       22      1       0       126522.11 72      18907.0  ms
success		1       29      1       30      1       0       125937.98 71      18907.0  ms
success		1       30      1       12      1       0       123652.35 70      18907.0  ms
success		1       31      1       27      1       0       123067.43 69      18907.0  ms
success		1       32      2       3       2       0       120804.17 68      18907.0  ms
success		1       33      3       53      3       0       118272.25 67      18907.0  ms
success		1       34      1       43      1       0       116970.13 66      18907.0  ms
success		1       35      1       33      1       0       114546.40 65      18907.0  ms
success		1       36      3       6       3       0       113682.03 64      18907.0  ms
success		1       37      2       34      2       0       111344.59 63      18907.0  ms
success		1       38      2       19      2       0       110984.29 62      18907.0  ms
success		1       39      1       61      1       0       110614.11 61      18923.0  ms
success		1       40      1       20      1       0       109522.32 60      18923.0  ms
success		1       41      2       45      2       0       107802.95 59      18923.0  ms
success		1       42      2       29      2       0       107520.10 58      18923.0  ms
success		1       43      1       13      1       0       105638.72 57      18923.0  ms
success		1       44      3       22      3       0       103573.72 56      18923.0  ms
success		1       45      2       32      2       0       103060.23 55      18923.0  ms
success		1       46      1       42      1       0       101829.04 54      18923.0  ms
success		1       47      1       49      1       0       100494.83 53      18923.0  ms
success		1       48      2       16      2       0       97732.40  52      18923.0  ms
success		1       49      1       38      1       0       94992.89  51      18923.0  ms
success		1       50      1       16      1       0       94307.56  50      18923.0  ms
success		1       51      4       41      4       0       94046.86  49      18923.0  ms
success		1       52      2       16      2       0       92040.47  48      18923.0  ms
success		1       53      5       29      5       0       90109.94  47      18923.0  ms
success		1       54      4       27      4       0       87877.44  46      18923.0  ms
success		1       55      1       43      1       0       86441.98  45      18923.0  ms
success		1       56      3       25      3       0       84011.49  44      18923.0  ms
success		1       57      1       23      1       0       83155.85  43      18923.0  ms
success		1       58      1       42      1       0       81627.52  42      18923.0  ms
success		1       59      3       36      3       0       80496.85  41      18923.0  ms
success		1       60      3       6       3       0       78646.18  40      18923.0  ms
success		1       61      4       8       4       0       76334.78  39      18923.0  ms
success		1       62      2       25      2       0       74556.32  38      18923.0  ms
success		1       63      4       0       4       0       72188.88  37      18923.0  ms
success		1       64      5       21      5       0       69890.54  36      18923.0  ms
success		1       65      2       8       2       0       69460.01  35      18923.0  ms
success		1       66      1       34      1       0       69281.42  34      18923.0  ms
success		1       67      2       17      2       0       66868.87  33      18923.0  ms
success		1       68      1       21      1       0       64754.88  32      18923.0  ms
success		1       69      4       26      4       0       62152.34  31      18923.0  ms
success		1       70      4       28      4       0       59526.39  30      18923.0  ms
success		1       71      2       8       2       0       57729.99  29      18923.0  ms
success		1       72      2       23      2       0       56134.33  28      18923.0  ms
success		1       73      1       23      1       0       53860.22  27      18923.0  ms
success		1       74      4       18      4       0       52006.02  26      18923.0  ms
success		1       75      3       6       3       0       49771.40  25      18923.0  ms
success		1       76      3       2       3       0       47200.38  24      18923.0  ms
success		1       77      5       22      5       0       45096.29  23      18923.0  ms
success		1       78      6       18      6       0       42711.66  22      18923.0  ms
success		1       79      8       6       8       0       40170.26  21      18923.0  ms
success		1       80      4       2       4       0       37329.31  20      18923.0  ms
success		1       81      3       11      3       0       34650.90  19      18923.0  ms
success		1       82      4       18      4       0       32246.08  18      18923.0  ms
success		1       83      4       13      4       0       30151.06  17      18923.0  ms
success		1       84      3       4       3       0       27731.25  16      18923.0  ms
success		1       85      5       14      5       0       25805.96  15      18923.0  ms
success		1       86      6       13      6       0       23623.75  14      18923.0  ms
success		1       87      9       0       9       0       20869.85  13      18923.0  ms
success		1       88      10      9       8       0       18479.48  12      18923.0  ms
success		1       89      13      4       5       0       16123.64  11      18938.0  ms
success		1       90      12      1       10      0       13344.82  10      18954.0  ms
success		1       91      18      6       12      0       11627.47  9       18985.0  ms
success		1       92      62      1       11      0       9086.04   8       19266.0  ms
success		1       0       1       8       1       0       170081.49 100     23025.0  ms
success		1       1       1       39      1       0       169657.47 99      23025.0  ms
success		1       2       1       58      1       0       167331.42 98      23025.0  ms
success		1       3       1       84      1       0       166675.10 97      23025.0  ms
success		1       4       1       74      1       0       163713.51 96      23025.0  ms
success		1       5       1       58      1       0       161733.83 95      23025.0  ms
success		1       6       1       59      1       0       159540.18 94      23025.0  ms
success		1       7       1       58      1       0       157254.45 93      23025.0  ms
success		1       8       1       49      1       0       155199.32 92      23025.0  ms
success		1       9       1       48      1       0       154405.10 91      23025.0  ms
success		1       10      1       65      1       0       152263.85 90      23025.0  ms
success		1       11      2       85      2       0       150068.83 89      23025.0  ms
success		1       12      1       50      1       0       148887.00 88      23025.0  ms
success		1       13      1       51      1       0       147692.40 87      23025.0  ms
success		1       14      1       75      1       0       145373.27 86      23025.0  ms
success		1       15      1       0       1       0       143971.43 85      23025.0  ms
success		1       16      1       9       1       0       141852.36 84      23025.0  ms
success		1       17      1       21      1       0       141448.58 83      23025.0  ms
success		1       18      1       68      1       0       140120.36 82      23025.0  ms
success		1       19      2       36      2       0       138436.80 81      23025.0  ms
success		1       20      2       56      2       0       137170.86 80      23025.0  ms
success		1       21      1       4       1       0       136773.32 79      23025.0  ms
success		1       22      1       24      1       0       135979.10 78      23025.0  ms
success		1       23      1       61      1       0       133634.32 77      23025.0  ms
success		1       24      1       69      1       0       132240.13 76      23025.0  ms
success		1       25      1       51      1       0       129953.70 75      23025.0  ms
success		1       26      1       9       1       0       129566.66 74      23025.0  ms
success		1       27      2       3       2       0       128475.91 73      23025.0  ms
success		1       28      1       42      1       0       126214.66 72      23025.0  ms
success		1       29      1       6       1       0       124771.76 71      23025.0  ms
success		1       30      1       51      1       0       124386.97 70      23025.0  ms
success		1       31      2       41      2       0       121924.75 69      23025.0  ms
success		1       32      2       49      2       0       120230.90 68      23025.0  ms
success		1       33      1       40      1       0       117535.52 67      23025.0  ms
success		1       34      1       6       1       0       116081.93 66      23025.0  ms
success		1       35      1       4       1       0       114619.63 65      23025.0  ms
success		1       36      1       35      1       0       114289.25 64      23025.0  ms
success		1       37      1       42      1       0       112859.77 63      23041.0  ms
success		1       38      1       20      1       0       111577.56 62      23041.0  ms
success		1       39      2       20      2       0       110037.02 61      23041.0  ms
success		1       40      2       14      2       0       108690.98 60      23041.0  ms
success		1       41      2       16      2       0       106135.41 59      23041.0  ms
success		1       42      2       20      2       0       104217.58 58      23041.0  ms
success		1       43      1       46      1       0       103266.45 57      23041.0  ms
success		1       44      1       0       1       0       101378.10 56      23041.0  ms
success		1       45      2       32      2       0       100054.01 55      23041.0  ms
success		1       46      1       36      1       0       99141.50  54      23041.0  ms
success		1       47      1       15      1       0       97828.05  53      23041.0  ms
success		1       48      3       10      3       0       97014.53  52      23041.0  ms
success		1       49      2       33      2       0       95851.61  51      23041.0  ms
success		1       50      2       8       2       0       93458.36  50      23041.0  ms
success		1       51      1       10      1       0       91625.93  49      23041.0  ms
success		1       52      1       45      1       0       90119.01  48      23041.0  ms
success		1       53      3       22      3       0       87483.43  47      23041.0  ms
success		1       54      2       11      2       0       84961.21  46      23041.0  ms
success		1       55      4       32      4       0       83853.20  45      23041.0  ms
success		1       56      2       21      2       0       81548.63  44      23041.0  ms
success		1       57      2       26      2       0       80553.34  43      23041.0  ms
success		1       58      2       20      2       0       77543.88  42      23041.0  ms
success		1       59      3       17      3       0       77033.31  41      23041.0  ms
success		1       60      3       7       3       0       75231.04  40      23041.0  ms
success		1       61      1       29      1       0       74015.13  39      23041.0  ms
success		1       62      3       26      3       0       71366.79  38      23041.0  ms
success		1       63      3       35      3       0       69168.77  37      23041.0  ms
success		1       64      5       34      5       0       67948.90  36      23041.0  ms
success		1       65      1       8       1       0       65546.75  35      23041.0  ms
success		1       66      2       30      2       0       63398.19  34      23041.0  ms
success		1       67      4       16      4       0       60559.90  33      23041.0  ms
success		1       68      3       28      3       0       58660.32  32      23041.0  ms
success		1       69      5       15      5       0       56288.13  31      23041.0  ms
success		1       70      2       30      2       0       56455.81  30      23041.0  ms
success		1       71      2       8       2       0       53913.48  29      23041.0  ms
success		1       72      7       25      7       0       52045.47  28      23041.0  ms
success		1       73      4       12      4       0       49773.96  27      23041.0  ms
success		1       74      6       13      6       0       46774.20  26      23041.0  ms
success		1       75      4       12      4       0       44231.65  25      23041.0  ms
success		1       76      1       15      1       0       41608.24  24      23041.0  ms
success		1       77      3       22      3       0       39880.54  23      23041.0  ms
success		1       78      1       0       1       0       37367.89  22      23041.0  ms
success		1       79      3       19      3       0       36813.64  21      23041.0  ms
success		1       80      3       19      3       0       35952.57  20      23041.0  ms
success		1       81      7       11      7       0       33304.67  19      23041.0  ms
success		1       82      3       16      3       0       30911.97  18      23041.0  ms
success		1       83      5       4       5       0       28647.07  17      23041.0  ms
success		1       84      3       4       3       0       26753.25  16      23041.0  ms
success		1       85      6       11      6       0       24611.70  15      23041.0  ms
success		1       86      8       3       6       0       23009.16  14      23041.0  ms
success		1       87      7       0       6       0       21749.09  13      23041.0  ms
success		1       88      10      11      8       0       18260.71  12      23041.0  ms
success		1       89      7       3       7       0       16087.19  11      23041.0  ms
success		1       90      16      5       10      0       13534.44  10      23057.0  ms
success		1       91      31      0       9       0       11477.74  9       23103.0  ms
success		1       92      198     3       14      0       8750.97   8       23665.0  ms
success		1       0       1       69      1       0       169891.35 100     27144.0  ms
success		1       1       1       43      1       0       168377.04 99      27144.0  ms
success		1       2       1       8       1       0       166184.72 98      27144.0  ms
success		1       3       1       91      1       0       165078.67 97      27144.0  ms
success		1       4       1       29      1       0       162588.89 96      27144.0  ms
success		1       5       1       1       1       0       160621.64 95      27144.0  ms
success		1       6       1       18      1       0       159971.88 94      27144.0  ms
success		1       7       1       69      1       0       157783.32 93      27144.0  ms
success		1       8       1       31      1       0       156345.99 92      27144.0  ms
success		1       9       1       16      1       0       154057.53 91      27144.0  ms
success		1       10      1       54      1       0       153320.47 90      27144.0  ms
success		1       11      1       16      1       0       150712.89 89      27144.0  ms
success		1       12      1       40      1       0       150267.73 88      27144.0  ms
success		1       13      1       43      1       0       149345.72 87      27144.0  ms
success		1       14      1       55      1       0       147240.60 86      27144.0  ms
success		1       15      1       69      1       0       145341.95 85      27144.0  ms
success		1       16      1       43      1       0       143450.57 84      27144.0  ms
success		1       17      1       11      1       0       142063.86 83      27144.0  ms
success		1       18      1       25      1       0       140972.17 82      27144.0  ms
success		1       19      1       17      1       0       140821.84 81      27144.0  ms
success		1       20      1       60      1       0       139402.15 80      27144.0  ms
success		1       21      1       46      1       0       136994.75 79      27144.0  ms
success		1       22      1       65      1       0       134864.52 78      27144.0  ms
success		1       23      1       75      1       0       134576.76 77      27144.0  ms
success		1       24      1       42      1       0       131770.91 76      27144.0  ms
success		1       25      1       58      1       0       129727.36 75      27144.0  ms
success		1       26      2       8       2       0       128075.72 74      27144.0  ms
success		1       27      1       51      1       0       125256.87 73      27144.0  ms
success		1       28      1       14      1       0       124171.57 72      27144.0  ms
success		1       29      1       20      1       0       121299.29 71      27144.0  ms
success		1       30      2       17      2       0       119420.88 70      27144.0  ms
success		1       31      2       11      2       0       119015.07 69      27144.0  ms
success		1       32      1       13      1       0       117211.35 68      27144.0  ms
success		1       33      2       37      2       0       115904.86 67      27144.0  ms
success		1       34      2       49      2       0       114955.54 66      27144.0  ms
success		1       35      1       14      1       0       112329.16 65      27144.0  ms
success		1       36      1       1       1       0       109425.17 64      27144.0  ms
success		1       37      2       7       2       0       107479.43 63      27144.0  ms
success		1       38      1       44      1       0       107337.29 62      27144.0  ms
success		1       39      2       42      2       0       105406.37 61      27144.0  ms
success		1       40      3       33      3       0       102918.21 60      27144.0  ms
success		1       41      1       21      1       0       100322.98 59      27144.0  ms
success		1       42      4       43      4       0       99144.92  58      27144.0  ms
success		1       43      1       0       1       0       97620.29  57      27144.0  ms
success		1       44      1       13      1       0       96256.14  56      27144.0  ms
success		1       45      2       45      2       0       93526.46  55      27144.0  ms
success		1       46      2       23      2       0       91039.00  54      27144.0  ms
success		1       47      1       20      1       0       89389.49  53      27144.0  ms
success		1       48      3       23      3       0       87081.08  52      27144.0  ms
success		1       49      3       41      3       0       85588.38  51      27144.0  ms
success		1       50      2       8       2       0       85169.41  50      27144.0  ms
success		1       51      2       18      2       0       83950.22  49      27144.0  ms
success		1       52      1       1       1       0       81475.89  48      27144.0  ms
success		1       53      1       38      1       0       80088.36  47      27144.0  ms
success		1       54      4       30      4       0       78718.92  46      27144.0  ms
success		1       55      3       41      3       0       76928.51  45      27144.0  ms
success		1       56      1       36      1       0       76486.11  44      27144.0  ms
success		1       57      1       10      1       0       74181.04  43      27144.0  ms
success		1       58      2       25      2       0       71808.22  42      27144.0  ms
success		1       59      4       15      4       0       70158.79  41      27144.0  ms
success		1       60      1       33      1       0       69823.92  40      27144.0  ms
success		1       61      2       0       2       0       69166.42  39      27144.0  ms
success		1       62      4       29      4       0       67338.74  38      27144.0  ms
success		1       63      2       22      2       0       64603.64  37      27144.0  ms
success		1       64      3       36      3       0       63727.85  36      27144.0  ms
success		1       65      3       4       3       0       63709.95  35      27144.0  ms
success		1       66      3       10      3       0       61703.30  34      27144.0  ms
success		1       67      3       32      3       0       60001.20  33      27144.0  ms
success		1       68      5       24      5       0       59561.27  32      27144.0  ms
success		1       69      5       31      5       0       58231.91  31      27144.0  ms
success		1       70      3       2       3       0       55562.44  30      27144.0  ms
success		1       71      2       21      2       0       53468.32  29      27144.0  ms
success		1       72      3       9       3       0       51762.48  28      27144.0  ms
success		1       73      5       21      5       0       49436.72  27      27144.0  ms
success		1       74      4       3       4       0       47601.91  26      27144.0  ms
success		1       75      4       8       4       0       46176.26  25      27144.0  ms
success		1       76      7       8       7       0       44439.48  24      27144.0  ms
success		1       77      7       16      7       0       42707.68  23      27144.0  ms
success		1       78      4       6       4       0       40262.67  22      27144.0  ms
success		1       79      3       8       3       0       38561.95  21      27144.0  ms
success		1       80      3       16      3       0       36048.85  20      27144.0  ms
success		1       81      6       9       6       0       33699.15  19      27144.0  ms
success		1       82      7       3       6       0       34175.96  18      27159.0  ms
success		1       83      3       16      3       0       31145.79  17      27159.0  ms
success		1       84      7       0       7       0       27953.61  16      27159.0  ms
success		1       85      6       2       6       0       25159.60  15      27159.0  ms
success		1       86      8       13      8       0       22490.09  14      27159.0  ms
success		1       87      5       9       4       0       20539.92  13      27159.0  ms
success		1       88      8       1       8       0       17764.55  12      27159.0  ms
success		1       89      14      7       8       0       16526.11  11      27159.0  ms
success		1       90      14      1       12      0       13642.87  10      27159.0  ms
success		1       91      18      7       11      0       11460.76  9       27175.0  ms
success		1       92      64      0       14      0       8604.26   8       27300.0  ms
cross iterater0
ab
ab6	4
ab7	2
fail		7647.07   8413.32   8       35162.0  ms
cross iterater1
ab
ab6	3
cross iterater2
bad   	success		8021.48   8507.78   8       35162.0  ms cross
rand   	bad   	rand   	ab
ab6	2
cross iterater3
bad   	success		7678.68   8547.22   8       45083.0  ms cross
rand   	bad   	success		7445.43   7993.70   8       48047.0  ms cross
rand   	ab
ab6	1
fail		7678.68   8639.58   8       54942.0  ms
cross iterater4
bad   	success		7873.49   8578.88   8       54958.0  ms cross
rand   	bad   	success		7541.19   8228.91   8       58686.0  ms cross
rand   	ab
ab7	1
cross iterater5
bad   	success		8573.06   8952.67   8       61962.0  ms cross
rand   	bad   	success		8460.58   9037.06   8       65472.0  ms cross
rand   	ab
ab7	5
ab6	0
fail		7638.82   8432.80   8       72024.0  ms
cross iterater6
bad   	success		7456.77   8123.76   8       72024.0  ms cross
rand   	bad   	success		7336.06   8816.70   8       76454.0  ms cross
rand   	ab
ab7	4
fail		7795.26   8815.94   8       83021.0  ms
fail		7456.77   8159.15   8       87748.0  ms
cross iterater7
bad   	success		7762.07   8357.08   8       87764.0  ms cross
rand   	bad   	success		7806.50   8971.91   8       93426.0  ms cross
rand   	ab
ab6	1
cross iterater8
ab
ab6	4
fail		7796.97   8758.59   8       102693.0 ms
fail		7456.77   8159.15   8       106265.0 ms
fail		8023.90   8818.68   8       109650.0 ms
cross iterater9
bad   	success		8545.60   8569.12   8       109744.0 ms cross
rand   	bad   	success		7518.83   8075.86   8       114735.0 ms cross
rand   	ab
ab7	4
ab6	1
cross iterater10
ab
fail		7661.79   8729.00   8       125374.0 ms
fail		7778.64   8671.58   8       131458.0 ms
cross iterater11
bad   	success		7841.40   8542.12   8       132035.0 ms cross
rand   	bad   	success		7644.95   8748.44   8       137792.0 ms cross
rand   	ab
ab7	2
fail		7661.79   8729.00   8       144141.0 ms
cross iterater12
bad   	success		7719.55   8302.75   8       144156.0 ms cross
rand   	bad   	success		7543.90   8515.45   8       148446.0 ms cross
rand   	ab
ab7	0
fail		7726.73   8606.75   8       159413.0 ms
cross iterater13
bad   	success		7858.69   8376.69   8       159834.0 ms cross
rand   	bad   	success		8092.41   8654.96   8       165029.0 ms cross
rand   	ab
ab7	2
ab6	1
fail		7543.90   8564.90   8       175886.0 ms
fail		7638.82   8432.80   8       180316.0 ms
cross iterater14
ab
ab6	4
fail		7762.94   8719.70   8       185355.0 ms
fail		7726.73   8606.75   8       190955.0 ms
fail		7543.90   8564.90   8       196680.0 ms
cross iterater15
ab
ab7	0
cross iterater16
bad   	success		8109.96   8918.52   8       198037.0 ms cross
rand   	bad   	success		7879.66   8376.72   8       203669.0 ms cross
rand   	ab
ab6	5
fail		7543.90   8564.90   8       213887.0 ms
fail		7879.66   8671.31   8       218520.0 ms
cross iterater17
bad   	success		7646.75   8433.15   8       218520.0 ms cross
rand   	bad   	success		7687.77   8465.72   8       224541.0 ms cross
rand   	ab
ab6	0
ab7	5
cross iterater18
bad   	success		8329.75   8644.06   8       229580.0 ms cross
rand   	bad   	success		8552.05   8672.48   8       237380.0 ms cross
rand   	ab
ab6	4
ab7	3
fail		7589.93   8673.00   8       248580.0 ms
fail		7631.62   8691.75   8       254461.0 ms
cross iterater19
ab
ab6	3
fail		7737.88   9071.61   8       263743.0 ms
fail		7589.93   8673.00   8       267939.0 ms
cross iterater20
bad   	success		7785.97   8571.19   8       267955.0 ms cross
rand   	bad   	success		7686.23   8555.72   8       273103.0 ms cross
rand   	ab
ab7	0
fail		7680.34   8781.74   8       283570.0 ms
fail		7597.29   8725.11   8       286471.0 ms
cross iterater21
bad   	success		7895.44   8587.39   8       286487.0 ms cross
rand   	bad   	success		8047.09   8512.41   8       289654.0 ms cross
rand   	ab
ab6	3
ab7	4
cross iterater22
bad   	success		7621.46   8808.41   8       293086.0 ms cross
rand   	bad   	success		7740.81   8511.80   8       295862.0 ms cross
rand   	ab
ab6	5
fail		7803.14   8558.82   8       302929.0 ms
fail		8115.61   8754.30   8       305940.0 ms
cross iterater23
bad   	success		7927.49   8957.59   8       305971.0 ms cross
rand   	bad   	success		8028.85   8641.94   8       308826.0 ms cross
rand   	ab
ab6	2
ab7	5
fail		8115.61   8754.30   8       315175.0 ms
cross iterater24
bad   	success		7881.71   8576.22   8       315175.0 ms cross
rand   	bad   	success		7693.62   8274.99   8       318919.0 ms cross
rand   	ab
ab6	3
cross iterater25
bad   	success		7935.48   8707.01   8       322725.0 ms cross
rand   	bad   	success		8389.09   8652.62   8       327108.0 ms cross
rand   	ab
ab6	5
ab7	1
fail		7948.91   8547.68   8       333286.0 ms
cross iterater26
bad   	rand   	bad   	success		7989.61   8467.69   8       339963.0 ms cross
rand   	ab
ab6	1
fail		7748.98   8552.12   8       346421.0 ms
cross iterater27
bad   	success		7719.21   8457.14   8       346421.0 ms cross
rand   	bad   	success		8092.42   8665.30   8       349556.0 ms cross
rand   	ab
ab7	3
ab6	4
fail		7719.21   8474.03   8       355687.0 ms
cross iterater28
bad   	success		7802.19   8426.25   8       355687.0 ms cross
rand   	bad   	success		8343.74   8846.24   8       359977.0 ms cross
rand   	ab
ab7	2
ab6	4
fail		7635.03   8401.34   8       366014.0 ms
cross iterater29
bad   	rand   	bad   	success		7650.78   8321.35   8       372768.0 ms cross
rand   	ab
ab7	4
fail		7479.03   8473.29   8       378993.0 ms
cross iterater30
bad   	success		8287.03   9253.34   8       380365.0 ms cross
rand   	bad   	success		7831.65   8715.41   8       383735.0 ms cross
rand   	ab
ab7	1
ab6	3
cross iterater31
ab
ab7	3
cross iterater32
bad   	success		7752.94   8649.36   8       387666.0 ms cross
rand   	bad   	success		7923.74   8644.83   8       391238.0 ms cross
rand   	ab
ab7	4
ab6	1
fail		7903.63   8728.05   8       398243.0 ms
fail		7574.33   8564.35   8       402548.0 ms
fail		7947.35   8788.98   8       405715.0 ms
cross iterater33
bad   	success		7790.50   8362.22   8       405824.0 ms cross
rand   	bad   	success		7764.78   8652.53   8       409272.0 ms cross
rand   	ab
ab7	4
ab6	2
fail		7650.78   8417.09   8       414825.0 ms
cross iterater34
bad   	rand   	bad   	success		7957.09   8572.16   8       421049.0 ms cross
rand   	ab
ab7	1
fail		8190.39   9057.41   8       427757.0 ms
fail		7957.09   8630.45   8       431111.0 ms
cross iterater35
bad   	success		8026.11   8730.61   8       431111.0 ms cross
rand   	bad   	success		8055.80   8417.46   8       434558.0 ms cross
rand   	ab
ab6	1
fail		7894.04   8745.89   8       441641.0 ms
cross iterater36
bad   	success		7881.53   8407.15   8       441687.0 ms cross
rand   	bad   	success		8227.45   8806.63   8       446601.0 ms cross
rand   	ab
ab6	4
fail		7881.53   8556.70   8       452373.0 ms
cross iterater37
ab
ab6	1
fail		7650.78   8417.09   8       455602.0 ms
cross iterater38
bad   	success		8055.08   8369.40   8       455727.0 ms cross
rand   	bad   	success		8017.52   8627.82   8       459143.0 ms cross
rand   	ab
ab6	0
ab7	3
cross iterater39
bad   	success		7948.47   8457.00   8       462326.0 ms cross
rand   	bad   	success		7889.72   8566.17   8       465758.0 ms cross
rand   	ab
ab6	2
ab7	1
fail		7690.62   8488.58   8       473105.0 ms
fail		7650.78   8417.09   8       476241.0 ms
cross iterater40
bad   	success		8018.45   8997.01   8       476443.0 ms cross
rand   	bad   	success		8158.04   8763.70   8       479844.0 ms cross
rand   	ab
ab6	1
ab7	2
fail		8055.80   8610.67   8       485803.0 ms
fail		7650.78   8417.09   8       488923.0 ms
cross iterater41
bad   	rand   	bad   	rand   	ab
ab6	1
ab7	0
cross iterater42
bad   	success		7591.22   8287.59   8       502900.0 ms cross
rand   	bad   	success		8076.33   8903.56   8       506675.0 ms cross
rand   	ab
ab6	3
cross iterater43
bad   	success		8294.39   8674.75   8       510373.0 ms cross
rand   	bad   	success		7989.66   8522.49   8       513243.0 ms cross
rand   	ab
ab6	3
ab7	2
fail		7923.65   8556.57   8       519732.0 ms
fail		8055.80   8610.67   8       523617.0 ms
cross iterater44
ab
ab6	4
fail		8401.15   9099.23   8       526534.0 ms
fail		7591.22   8405.15   8       529342.0 ms
cross iterater45
bad   	success		8026.56   8562.17   8       529342.0 ms cross
rand   	bad   	success		7701.08   8381.15   8       532337.0 ms cross
rand   	ab
ab6	1
cross iterater46
bad   	rand   	bad   	success		7972.46   8819.73   8       542991.0 ms cross
rand   	ab
ab7	2
fail		7512.04   8496.44   8       552928.0 ms
cross iterater47
ab
ab7	0
fail		7512.04   8496.44   8       557920.0 ms
cross iterater48
bad   	success		8179.79   8948.24   8       558107.0 ms cross
rand   	bad   	success		8216.41   8578.45   8       563302.0 ms cross
rand   	ab
ab6	4
ab7	5
cross iterater49
bad   	success		7999.91   8827.46   8       569121.0 ms cross
rand   	bad   	success		7795.68   8355.77   8       574471.0 ms cross
rand   	ab
ab6	4
fail		8312.03   9165.38   8       584970.0 ms
fail		7795.68   8486.72   8       589728.0 ms
cross iterater50
bad   	success		7716.10   8370.87   8       589728.0 ms cross
rand   	bad   	success		8166.32   8819.37   8       595016.0 ms cross
rand   	ab
ab6	1
fail		8197.58   8831.93   8       605421.0 ms
fail		7795.68   8486.72   8       609929.0 ms
fail		7716.10   8499.58   8       615795.0 ms
cross iterater51
ab
ab6	5
fail		7716.10   8499.58   8       621535.0 ms
cross iterater52
ab
ab6	1
fail		7716.10   8499.58   8       626480.0 ms
fail		8024.19   8792.21   8       632221.0 ms
fail		8239.97   8812.22   8       637353.0 ms
cross iterater53
bad   	rand   	bad   	success		8037.00   8578.19   8       649147.0 ms cross
rand   	ab
ab6	4
ab7	5
cross iterater54
bad   	success		8181.69   8765.43   8       654497.0 ms cross
rand   	bad   	success		8280.79   8888.02   8       660113.0 ms cross
rand   	ab
ab6	5
ab7	0
fail		8284.97   8954.15   8       670315.0 ms
fail		7795.68   8486.72   8       675448.0 ms
fail		7716.10   8499.58   8       680237.0 ms
fail		8280.52   8863.11   8       685712.0 ms
cross iterater55
bad   	success		8168.80   8685.28   8       685728.0 ms cross
rand   	bad   	success		8371.33   8847.47   8       690595.0 ms cross
rand   	ab
ab6	1
fail		8168.80   8884.90   8       698894.0 ms
cross iterater56
bad   	success		8165.45   8360.52   8       698909.0 ms cross
rand   	bad   	success		7984.40   8778.70   8       704447.0 ms cross
rand   	ab
ab6	5
ab7	4
cross iterater57
bad   	success		8533.95   8856.68   8       710453.0 ms cross
rand   	bad   	success		7673.07   8237.59   8       716006.0 ms cross
rand   	ab
ab6	2
fail		8075.23   8781.47   8       725819.0 ms
fail		8204.49   8853.56   8       732152.0 ms
cross iterater58
bad   	success		8009.82   8726.89   8       732823.0 ms cross
rand   	bad   	success		8048.48   8758.34   8       738423.0 ms cross
rand   	ab
ab6	4
ab7	0
fail		8048.48   8818.53   8       749202.0 ms
cross iterater59
bad   	success		7897.48   8484.18   8       749670.0 ms cross
rand   	bad   	success		8276.16   8727.41   8       755661.0 ms cross
rand   	ab
ab6	3
fail		7976.50   8860.27   8       765910.0 ms
cross iterater60
bad   	success		8057.54   8943.65   8       765925.0 ms cross
rand   	bad   	success		7871.61   8577.19   8       772976.0 ms cross
rand   	ab
ab6	0
fail		8247.35   9032.36   8       780058.0 ms
cross iterater61
bad   	success		8889.30   9074.21   8       780854.0 ms cross
rand   	bad   	success		7744.01   8269.86   8       784411.0 ms cross
rand   	ab
ab6	5
ab7	1
cross iterater62
bad   	success		7876.43   8891.13   8       788654.0 ms cross
rand   	bad   	success		8410.48   8869.74   8       791727.0 ms cross
rand   	ab
ab6	4
ab7	1
fail		8005.80   8670.85   8       797733.0 ms
fail		8088.20   8769.02   8       801352.0 ms
cross iterater63
bad   	success		7979.48   8548.02   8       801352.0 ms cross
rand   	bad   	rand   	ab
ab6	1
fail		7979.48   8647.99   8       814253.0 ms
cross iterater64
ab
ab6	5
ab7	3
fail		7909.11   8577.63   8       818028.0 ms
fail		7979.48   8647.99   8       821132.0 ms
cross iterater65
bad   	success		7907.58   8602.24   8       821132.0 ms cross
rand   	bad   	success		8435.51   8502.41   8       824502.0 ms cross
rand   	ab
ab7	4
ab6	2
fail		8044.45   8793.62   8       831288.0 ms
fail		8161.82   8801.92   8       834329.0 ms
fail		7909.11   8577.63   8       837637.0 ms
cross iterater66
ab
ab6	2
fail		8111.64   8751.73   8       841193.0 ms
fail		8125.31   8790.36   8       844391.0 ms
cross iterater67
ab
ab6	1
fail		7909.11   8577.63   8       848057.0 ms
cross iterater68
bad   	success		7921.66   8517.92   8       848073.0 ms cross
rand   	bad   	success		8454.02   8709.17   8       852191.0 ms cross
rand   	ab
ab6	5
ab7	1
fail		8205.00   8824.64   8       862612.0 ms
fail		7909.11   8577.63   8       867276.0 ms
cross iterater69
bad   	success		7980.87   8583.19   8       867276.0 ms cross
rand   	bad   	rand   	ab
ab7	0
fail		7949.44   8614.49   8       889334.0 ms
cross iterater70
bad   	success		7909.45   8441.07   8       889349.0 ms cross
rand   	bad   	success		8286.47   8461.94   8       896541.0 ms cross
rand   	ab
ab6	2
fail		7970.80   8663.79   8       907289.0 ms
fail		7964.65   8684.33   8       912608.0 ms
cross iterater71
bad   	success		8081.31   8547.44   8       912671.0 ms cross
rand   	bad   	success		8044.04   8468.47   8       918240.0 ms cross
rand   	ab
ab7	1
ab6	5
cross iterater72
ab
ab7	2
fail		8142.96   9086.86   8       929191.0 ms
cross iterater73
bad   	rand   	bad   	success		7878.02   8409.63   8       940220.0 ms cross
rand   	ab
ab7	0
fail		7878.56   8598.35   8       950936.0 ms
cross iterater74
bad   	success		8230.30   8596.78   8       950968.0 ms cross
rand   	bad   	success		7960.30   8498.30   8       956739.0 ms cross
rand   	ab
ab6	5
ab7	0
fail		7878.56   8598.35   8       967035.0 ms
cross iterater75
bad   	success		8211.67   8753.85   8       967035.0 ms cross
rand   	bad   	rand   	ab
ab6	4
ab7	0
fail		8286.47   8534.14   8       992026.0 ms
fail		7878.56   8598.35   8       997501.0 ms
cross iterater76
bad   	success		7750.89   8518.43   8       997501.0 ms cross
rand   	bad   	success		8157.04   8631.43   8       1003959.0 ms cross
rand   	ab
ab6	1
ab7	0
fail		8286.47   8534.14   8       1015831.0 ms
fail		7988.96   8424.25   8       1021088.0 ms
cross iterater77
ab
ab6	3
cross iterater78
bad   	success		8181.22   8609.60   8       1021088.0 ms cross
rand   	bad   	success		7963.74   8375.91   8       1026454.0 ms cross
rand   	ab
ab6	4
fail		8286.47   8534.14   8       1037842.0 ms
fail		8083.94   8834.37   8       1043582.0 ms
cross iterater79
bad   	rand   	bad   	success		8018.68   8719.64   8       1054627.0 ms cross
rand   	ab
ab6	4
ab7	3
fail		7973.90   8893.50   8       1065282.0 ms
fail		8286.47   8534.14   8       1069852.0 ms
cross iterater80
bad   	rand   	bad   	success		8054.37   8307.59   8       1080912.0 ms cross
rand   	ab
ab7	0
fail		8054.37   8498.72   8       1093860.0 ms
cross iterater81
bad   	success		8089.86   8809.00   8       1093876.0 ms cross
rand   	bad   	success		7944.20   8432.51   8       1098633.0 ms cross
rand   	ab
ab6	3
ab7	0
fail		7985.58   8829.63   8       1111503.0 ms
cross iterater82
bad   	success		7972.74   8849.08   8       1111519.0 ms cross
rand   	bad   	success		8077.16   8604.16   8       1117041.0 ms cross
rand   	ab
ab6	4
ab7	0
fail		7626.87   8621.06   8       1128756.0 ms
cross iterater83
bad   	success		7804.62   8500.74   8       1128756.0 ms cross
rand   	bad   	success		7871.46   8308.69   8       1134981.0 ms cross
rand   	ab
ab6	1
cross iterater84
bad   	success		7754.14   8513.98   8       1140004.0 ms cross
rand   	bad   	success		8205.74   9000.33   8       1144652.0 ms cross
rand   	ab
ab6	5
ab7	4
cross iterater85
bad   	success		8246.62   8505.63   8       1149613.0 ms cross
rand   	bad   	success		7629.32   8512.98   8       1154792.0 ms cross
rand   	ab
ab6	4
ab7	2
fail		7684.32   8899.52   8       1165821.0 ms
fail		7667.36   8809.79   8       1168566.0 ms
cross iterater86
bad   	rand   	bad   	rand   	ab
ab6	1
fail		7519.29   8704.50   8       1186428.0 ms
fail		7871.46   8405.65   8       1189517.0 ms
fail		7667.36   8809.79   8       1193588.0 ms
cross iterater87
bad   	success		8413.79   8877.61   8       1193729.0 ms cross
rand   	bad   	success		7853.21   8356.06   8       1199844.0 ms cross
rand   	ab
ab7	4
ab6	5
cross iterater88
bad   	success		7776.32   8850.42   8       1205226.0 ms cross
rand   	bad   	success		7398.93   8444.10   8       1210514.0 ms cross
rand   	ab
ab7	2
ab6	1
fail		7848.78   8972.38   8       1220388.0 ms
cross iterater89
bad   	success		7884.60   8857.32   8       1220435.0 ms cross
rand   	bad   	success		8065.34   8424.95   8       1226909.0 ms cross
rand   	ab
ab6	3
ab7	4
fail		7398.93   8628.56   8       1237376.0 ms
cross iterater90
bad   	success		8053.91   8577.25   8       1237407.0 ms cross
rand   	bad   	success		7344.27   8462.26   8       1242306.0 ms cross
rand   	ab
ab6	1
fail		7377.57   8674.02   8       1255690.0 ms
cross iterater91
bad   	success		7244.85   8487.19   8       1255690.0 ms cross
rand   	bad   	success		8172.03   8738.68   8       1261977.0 ms cross
rand   	ab
ab7	5
ab6	1
fail		7377.57   8674.02   8       1268513.0 ms
fail		7914.10   9027.36   8       1273536.0 ms
cross iterater92
bad   	success		7379.86   8578.51   8       1273552.0 ms cross
rand   	bad   	success		8347.65   8880.15   8       1281102.0 ms cross
rand   	ab
ab6	1
ab7	2
fail		7761.83   8744.48   8       1292193.0 ms
cross iterater93
bad   	success		7346.58   8642.60   8       1292193.0 ms cross
rand   	bad   	success		7926.55   8461.36   8       1296780.0 ms cross
rand   	ab
ab7	3
ab6	1
cross iterater94
bad   	success		7704.14   8290.84   8       1302333.0 ms cross
rand   	bad   	success		7935.17   8842.62   8       1311053.0 ms cross
rand   	ab
fail		7784.75   8747.44   8       1324578.0 ms
fail		7612.36   8672.75   8       1330662.0 ms
cross iterater95
bad   	success		7995.77   8960.43   8       1330849.0 ms cross
rand   	bad   	success		7496.66   8364.30   8       1335763.0 ms cross
rand   	ab
ab6	3
cross iterater96
bad   	success		8037.89   8543.77   8       1342003.0 ms cross
rand   	bad   	success		7526.95   8562.91   8       1347915.0 ms cross
rand   	ab
ab7	2
ab6	1
fail		8207.75   8763.49   8       1360052.0 ms
fail		7935.17   8605.29   8       1366635.0 ms
fail		7704.14   8641.65   8       1371580.0 ms
cross iterater97
bad   	success		7818.28   8736.90   8       1372516.0 ms cross
rand   	bad   	success		8108.61   8756.87   8       1378319.0 ms cross
rand   	ab
ab6	4
ab7	3
fail		7496.66   8587.67   8       1388989.0 ms
cross iterater98
bad   	success		7904.57   8406.61   8       1389363.0 ms cross
rand   	bad   	success		8326.46   8996.90   8       1392982.0 ms cross
rand   	ab
ab6	1
ab7	0
fail		8029.49   8714.05   8       1399300.0 ms
fail		7496.66   8587.67   8       1404245.0 ms
fail		8207.75   8763.49   8       1408364.0 ms
cross iterater99
ab
ab7	3
fail		7976.85   8810.61   8       1411593.0 ms
fail		7496.66   8587.67   8       1414837.0 ms
fail		7520.13   8854.41   8       1418285.0 ms

R.size:8

1		196	107	198	115	38	166	113	26	137	60	133	53	30	16	61	49	37	5	190	91	54	161	83	157	111	114	
2		28	94	142	65	41	200	188	35	102	78	177	191	189	179	89	19	56	180	123	85	88	154	51	135	1	176	34	68	
3		148	183	63	46	2	138	25	145	126	90	155	71	62	141	103	100	146	195	117	17	152	66	
4		86	59	10	182	187	132	93	45	33	64	131	192	84	150	151	72	24	92	112	81	186	156	163	21	4	11	14	36	
5		144	42	6	29	110	184	15	199	143	128	48	27	134	43	202	97	31	181	121	158	159	80	82	58	95	52	
6		171	136	39	173	164	118	162	13	32	108	139	185	160	172	124	55	87	168	7	165	149	129	
7		104	67	153	99	70	18	116	3	73	77	12	50	96	20	127	193	194	74	120	130	125	109	44	105	201	23	
8		167	178	40	98	76	119	140	174	57	169	8	22	47	175	9	122	69	75	170	147	197	101	106	79	

data1/pdp200/LC2_2_7.txt
total_cost 7244.845278

