success		1       0       1       72      1       0       66555.60  100     15.0     ms
success		1       1       1       82      1       0       66542.02  99      15.0     ms
success		1       2       1       51      1       0       66669.97  98      15.0     ms
success		1       3       1       50      1       0       65651.87  97      15.0     ms
success		1       4       1       24      1       0       65525.74  96      15.0     ms
success		1       5       1       78      1       0       64938.90  95      15.0     ms
success		1       6       2       24      2       0       65058.21  94      15.0     ms
success		1       7       1       74      1       0       64974.29  93      15.0     ms
success		1       8       1       25      1       0       64947.20  92      15.0     ms
success		1       9       1       48      1       0       64995.72  91      15.0     ms
success		1       10      1       56      1       0       64707.25  90      15.0     ms
success		1       11      1       50      1       0       64688.63  89      15.0     ms
success		1       12      1       82      1       0       64768.47  88      15.0     ms
success		1       13      1       35      1       0       64725.86  87      15.0     ms
success		1       14      1       77      1       0       64809.74  86      15.0     ms
success		1       15      1       10      1       0       64519.83  85      15.0     ms
success		1       16      1       67      1       0       64577.75  84      15.0     ms
success		1       17      1       62      1       0       64688.21  83      15.0     ms
success		1       18      1       75      1       0       64647.14  82      15.0     ms
success		1       19      1       36      1       0       64387.99  81      15.0     ms
success		1       20      2       14      2       0       64403.07  80      15.0     ms
success		1       21      2       39      2       0       64170.30  79      15.0     ms
success		1       22      2       32      2       0       63063.74  78      15.0     ms
success		1       23      2       31      2       0       62575.58  77      15.0     ms
success		1       24      1       9       1       0       61689.24  76      15.0     ms
success		1       25      1       30      1       0       61617.52  75      15.0     ms
success		1       26      1       24      1       0       61836.67  74      15.0     ms
success		1       27      1       19      1       0       60817.98  73      15.0     ms
success		1       28      1       1       1       0       60671.75  72      15.0     ms
success		1       29      1       15      1       0       60750.86  71      15.0     ms
success		1       30      2       1       2       0       59472.75  70      15.0     ms
success		1       31      2       28      2       0       59720.13  69      15.0     ms
success		1       32      1       14      1       0       58861.51  68      15.0     ms
success		1       33      1       40      1       0       57518.66  67      15.0     ms
success		1       34      1       16      1       0       56677.99  66      15.0     ms
success		1       35      1       60      1       0       56873.98  65      15.0     ms
success		1       36      1       34      1       0       56786.64  64      15.0     ms
success		1       37      1       29      1       0       56619.42  63      15.0     ms
success		1       38      3       2       3       0       56514.95  62      15.0     ms
success		1       39      2       13      2       0       56179.03  61      31.0     ms
success		1       40      4       35      4       0       56151.77  60      31.0     ms
success		1       41      1       2       1       0       55049.42  59      31.0     ms
success		1       42      1       51      1       0       54076.69  58      31.0     ms
success		1       43      2       37      2       0       54030.57  57      31.0     ms
success		1       44      1       41      1       0       53737.90  56      31.0     ms
success		1       45      2       27      2       0       53746.79  55      31.0     ms
success		1       46      1       29      1       0       53600.49  54      31.0     ms
success		1       47      1       18      1       0       53693.12  53      31.0     ms
success		1       48      2       36      2       0       52866.80  52      31.0     ms
success		1       49      3       41      3       0       51629.99  51      31.0     ms
success		1       50      1       11      1       0       50600.26  50      31.0     ms
success		1       51      1       19      1       0       50043.72  49      31.0     ms
success		1       52      1       43      1       0       49463.52  48      31.0     ms
success		1       53      2       19      2       0       48112.96  47      31.0     ms
success		1       54      1       1       1       0       48273.98  46      31.0     ms
success		1       55      2       41      2       0       47129.51  45      31.0     ms
success		1       56      2       14      2       0       46913.22  44      31.0     ms
success		1       57      2       7       2       0       45629.10  43      31.0     ms
success		1       58      1       25      1       0       45132.40  42      31.0     ms
success		1       59      2       2       2       0       44950.05  41      31.0     ms
success		1       60      1       38      1       0       44801.54  40      31.0     ms
success		1       61      3       27      3       0       43451.35  39      31.0     ms
success		1       62      3       12      3       0       43257.28  38      31.0     ms
success		1       63      5       25      5       0       44332.32  37      31.0     ms
success		1       64      3       33      3       0       43803.31  36      31.0     ms
success		1       65      1       10      1       0       43158.24  35      31.0     ms
success		1       66      2       32      2       0       42212.30  34      31.0     ms
success		1       67      3       18      3       0       41801.51  33      31.0     ms
success		1       68      4       27      4       0       40468.60  32      31.0     ms
success		1       69      3       21      3       0       38074.13  31      31.0     ms
success		1       70      1       20      1       0       38101.00  30      31.0     ms
success		1       71      3       22      3       0       36550.78  29      31.0     ms
success		1       72      4       25      4       0       35806.67  28      31.0     ms
success		1       73      1       17      1       0       35513.89  27      31.0     ms
success		1       74      4       13      4       0       35762.06  26      46.0     ms
success		1       75      4       20      4       0       34403.30  25      46.0     ms
success		1       76      7       13      7       0       33152.71  24      46.0     ms
success		1       77      3       0       3       0       31863.65  23      46.0     ms
success		1       78      6       9       6       0       30918.80  22      46.0     ms
success		1       79      1       0       1       0       30292.79  21      46.0     ms
success		1       80      9       11      9       0       29086.63  20      46.0     ms
success		1       81      7       13      7       0       27668.73  19      46.0     ms
success		1       82      4       2       4       0       26613.27  18      46.0     ms
success		1       83      6       5       6       0       25604.11  17      46.0     ms
success		1       84      6       1       6       0       25176.44  16      46.0     ms
success		1       85      8       10      8       0       24092.45  15      46.0     ms
success		1       86      7       5       7       0       22689.48  14      46.0     ms
success		1       87      4       13      4       0       21848.73  13      46.0     ms
success		1       88      11      12      11      0       20042.55  12      46.0     ms
success		1       89      8       6       8       0       18752.41  11      46.0     ms
success		1       90      7       10      7       0       17599.02  10      62.0     ms
success		1       91      9       2       9       0       16180.84  9       62.0     ms
success		1       92      11      4       11      0       14688.82  8       62.0     ms
success		1       93      17      0       15      0       12022.49  7       93.0     ms
success		1       94      31      3       15      0       12157.47  6       452.0    ms
success		1       95      36      0       14      0       10264.29  5       1045.0   ms
success		1       96      2313    3       20      0       7894.66   4       70729.0  ms
success		1       0       1       34      1       0       82311.82  100     177432.0 ms
success		1       1       1       81      1       0       82069.33  99      177432.0 ms
success		1       2       1       56      1       0       81880.80  98      177432.0 ms
success		1       3       1       35      1       0       81704.12  97      177432.0 ms
success		1       4       1       25      1       0       81490.60  96      177432.0 ms
success		1       5       1       64      1       0       81170.44  95      177432.0 ms
success		1       6       1       26      1       0       80951.67  94      177432.0 ms
success		1       7       1       43      1       0       80813.88  93      177432.0 ms
success		1       8       1       91      1       0       78874.70  92      177432.0 ms
success		1       9       3       71      3       0       78460.67  91      177432.0 ms
success		1       10      1       77      1       0       78519.96  90      177432.0 ms
success		1       11      1       63      1       0       78267.23  89      177432.0 ms
success		1       12      1       65      1       0       78218.42  88      177432.0 ms
success		1       13      1       48      1       0       77704.62  87      177432.0 ms
success		1       14      1       3       1       0       76774.20  86      177432.0 ms
success		1       15      1       58      1       0       76517.22  85      177432.0 ms
success		1       16      1       8       1       0       75532.53  84      177432.0 ms
success		1       17      1       75      1       0       75427.11  83      177432.0 ms
success		1       18      1       31      1       0       74715.58  82      177432.0 ms
success		1       19      1       4       1       0       74389.90  81      177432.0 ms
success		1       20      1       9       1       0       73357.66  80      177432.0 ms
success		1       21      1       59      1       0       73103.88  79      177432.0 ms
success		1       22      1       45      1       0       72841.89  78      177432.0 ms
success		1       23      2       42      2       0       72582.07  77      177432.0 ms
success		1       24      1       2       1       0       71193.15  76      177432.0 ms
success		1       25      1       14      1       0       70972.16  75      177432.0 ms
success		1       26      1       72      1       0       70467.84  74      177432.0 ms
success		1       27      1       6       1       0       70197.02  73      177432.0 ms
success		1       28      1       9       1       0       69365.33  72      177432.0 ms
success		1       29      1       45      1       0       69350.07  71      177432.0 ms
success		1       30      1       52      1       0       68861.21  70      177432.0 ms
success		1       31      1       60      1       0       68172.84  69      177432.0 ms
success		1       32      1       41      1       0       66604.84  68      177432.0 ms
success		1       33      2       27      2       0       65908.87  67      177432.0 ms
success		1       34      1       65      1       0       65605.94  66      177432.0 ms
success		1       35      1       31      1       0       65407.47  65      177432.0 ms
success		1       36      1       54      1       0       63928.87  64      177432.0 ms
success		1       37      3       52      3       0       62474.63  63      177432.0 ms
success		1       38      1       18      1       0       62228.19  62      177432.0 ms
success		1       39      1       21      1       0       61932.27  61      177432.0 ms
success		1       40      1       38      1       0       61544.28  60      177432.0 ms
success		1       41      4       2       4       0       61657.03  59      177432.0 ms
success		1       42      1       56      1       0       61475.48  58      177432.0 ms
success		1       43      2       12      2       0       60153.40  57      177432.0 ms
success		1       44      1       50      1       0       58755.79  56      177432.0 ms
success		1       45      2       38      2       0       58795.75  55      177432.0 ms
success		1       46      1       1       1       0       58402.23  54      177432.0 ms
success		1       47      1       46      1       0       57780.27  53      177432.0 ms
success		1       48      1       29      1       0       56273.44  52      177447.0 ms
success		1       49      1       11      1       0       55007.60  51      177447.0 ms
success		1       50      1       10      1       0       53443.88  50      177447.0 ms
success		1       51      4       0       4       0       52424.47  49      177447.0 ms
success		1       52      1       24      1       0       51937.16  48      177447.0 ms
success		1       53      2       41      2       0       51071.53  47      177447.0 ms
success		1       54      1       42      1       0       50753.51  46      177447.0 ms
success		1       55      1       36      1       0       49846.07  45      177447.0 ms
success		1       56      2       30      2       0       49275.89  44      177447.0 ms
success		1       57      2       9       2       0       48144.23  43      177447.0 ms
success		1       58      2       12      2       0       47167.51  42      177447.0 ms
success		1       59      2       36      2       0       46217.33  41      177447.0 ms
success		1       60      3       6       3       0       46110.10  40      177447.0 ms
success		1       61      1       37      1       0       45754.47  39      177447.0 ms
success		1       62      3       27      3       0       46107.46  38      177447.0 ms
success		1       63      4       28      4       0       45397.62  37      177447.0 ms
success		1       64      1       18      1       0       45022.68  36      177447.0 ms
success		1       65      2       18      2       0       44741.86  35      177447.0 ms
success		1       66      4       12      4       0       43932.08  34      177447.0 ms
success		1       67      3       21      3       0       42581.80  33      177447.0 ms
success		1       68      3       15      3       0       41053.01  32      177447.0 ms
success		1       69      1       7       1       0       40676.08  31      177447.0 ms
success		1       70      6       2       6       0       39330.06  30      177447.0 ms
success		1       71      2       28      2       0       39217.01  29      177447.0 ms
success		1       72      10      25      10      0       38289.85  28      177447.0 ms
success		1       73      2       6       2       0       37856.47  27      177447.0 ms
success		1       74      4       20      4       0       36363.78  26      177447.0 ms
success		1       75      1       21      1       0       36151.94  25      177447.0 ms
success		1       76      2       0       2       0       34341.85  24      177447.0 ms
success		1       77      8       3       8       0       33032.36  23      177447.0 ms
success		1       78      2       5       2       0       31219.27  22      177447.0 ms
success		1       79      1       20      1       0       30302.25  21      177447.0 ms
success		1       80      8       0       8       0       29833.39  20      177447.0 ms
success		1       81      6       7       6       0       28437.68  19      177447.0 ms
success		1       82      9       11      9       0       27464.81  18      177447.0 ms
success		1       83      5       1       5       0       25922.41  17      177447.0 ms
success		1       84      5       8       5       0       24598.73  16      177447.0 ms
success		1       85      7       12      7       0       23431.57  15      177447.0 ms
success		1       86      4       12      4       0       22078.20  14      177447.0 ms
success		1       87      3       6       3       0       20413.01  13      177447.0 ms
success		1       88      6       5       6       0       18875.97  12      177447.0 ms
success		1       89      6       11      6       0       17509.88  11      177447.0 ms
success		1       90      9       5       8       0       17902.06  10      177447.0 ms
success		1       91      8       7       8       0       15628.84  9       177447.0 ms
success		1       92      13      3       12      0       14968.10  8       177463.0 ms
success		1       93      8       5       8       0       13408.59  7       177463.0 ms
success		1       94      19      1       16      0       11130.28  6       177510.0 ms
success		1       95      40      1       19      0       10305.17  5       177931.0 ms
success		1       96      1028    4       24      0       7870.74   4       207836.0 ms
success		1       0       1       44      1       0       82452.96  100     297831.0 ms
success		1       1       1       30      1       0       82279.62  99      297831.0 ms
success		1       2       1       36      1       0       81743.78  98      297831.0 ms
success		1       3       1       85      1       0       81576.83  97      297847.0 ms
success		1       4       1       3       1       0       80657.41  96      297847.0 ms
success		1       5       1       13      1       0       80454.92  95      297847.0 ms
success		1       6       1       68      1       0       80360.52  94      297847.0 ms
success		1       7       1       16      1       0       79897.51  93      297847.0 ms
success		1       8       1       52      1       0       79483.69  92      297847.0 ms
success		1       9       2       60      2       0       78259.56  91      297847.0 ms
success		1       10      1       86      1       0       76356.07  90      297847.0 ms
success		1       11      1       48      1       0       76257.70  89      297847.0 ms
success		1       12      1       18      1       0       76011.60  88      297847.0 ms
success		1       13      1       86      1       0       74404.76  87      297847.0 ms
success		1       14      1       15      1       0       73829.60  86      297847.0 ms
success		1       15      1       83      1       0       73748.21  85      297847.0 ms
success		1       16      1       46      1       0       73431.00  84      297847.0 ms
success		1       17      1       57      1       0       73072.46  83      297847.0 ms
success		1       18      1       18      1       0       72879.56  82      297847.0 ms
success		1       19      1       66      1       0       72622.61  81      297847.0 ms
success		1       20      1       44      1       0       71058.18  80      297847.0 ms
success		1       21      1       35      1       0       70509.04  79      297847.0 ms
success		1       22      1       78      1       0       70098.28  78      297847.0 ms
success		1       23      1       33      1       0       69956.11  77      297847.0 ms
success		1       24      3       23      3       0       69391.54  76      297847.0 ms
success		1       25      1       34      1       0       69474.54  75      297847.0 ms
success		1       26      2       47      2       0       68514.84  74      297847.0 ms
success		1       27      2       39      2       0       68472.95  73      297847.0 ms
success		1       28      1       46      1       0       67608.23  72      297847.0 ms
success		1       29      1       36      1       0       66032.61  71      297847.0 ms
success		1       30      2       47      2       0       67398.36  70      297847.0 ms
success		1       31      2       31      2       0       67116.15  69      297847.0 ms
success		1       32      2       17      2       0       65873.67  68      297847.0 ms
success		1       33      1       20      1       0       65567.67  67      297847.0 ms
success		1       34      1       60      1       0       65280.50  66      297847.0 ms
success		1       35      1       57      1       0       64804.08  65      297847.0 ms
success		1       36      1       19      1       0       64008.02  64      297847.0 ms
success		1       37      1       53      1       0       62998.34  63      297847.0 ms
success		1       38      2       26      2       0       62707.13  62      297847.0 ms
success		1       39      2       43      2       0       62657.37  61      297847.0 ms
success		1       40      1       11      1       0       61114.83  60      297847.0 ms
success		1       41      1       24      1       0       60938.15  59      297847.0 ms
success		1       42      5       14      5       0       60448.43  58      297847.0 ms
success		1       43      3       30      3       0       59890.08  57      297847.0 ms
success		1       44      2       40      2       0       59299.09  56      297847.0 ms
success		1       45      1       18      1       0       59088.02  55      297847.0 ms
success		1       46      3       3       3       0       57644.05  54      297847.0 ms
success		1       47      1       17      1       0       57449.68  53      297847.0 ms
success		1       48      1       18      1       0       56606.54  52      297847.0 ms
success		1       49      1       25      1       0       55423.05  51      297847.0 ms
success		1       50      1       30      1       0       55234.12  50      297847.0 ms
success		1       51      2       34      2       0       54880.01  49      297847.0 ms
success		1       52      3       35      3       0       53521.24  48      297847.0 ms
success		1       53      1       25      1       0       53368.24  47      297847.0 ms
success		1       54      2       39      2       0       53065.03  46      297847.0 ms
success		1       55      2       29      2       0       52539.65  45      297847.0 ms
success		1       56      2       9       2       0       52442.29  44      297847.0 ms
success		1       57      3       29      3       0       52103.39  43      297847.0 ms
success		1       58      1       8       1       0       52092.18  42      297847.0 ms
success		1       59      1       3       1       0       50652.04  41      297847.0 ms
success		1       60      2       2       2       0       49489.35  40      297847.0 ms
success		1       61      3       6       3       0       48081.20  39      297847.0 ms
success		1       62      2       8       2       0       46781.68  38      297847.0 ms
success		1       63      5       4       5       0       46269.69  37      297847.0 ms
success		1       64      4       6       4       0       44592.64  36      297847.0 ms
success		1       65      2       28      2       0       44205.20  35      297847.0 ms
success		1       66      3       4       3       0       43092.84  34      297847.0 ms
success		1       67      3       9       3       0       41851.38  33      297847.0 ms
success		1       68      1       8       1       0       40924.53  32      297847.0 ms
success		1       69      4       4       4       0       39878.40  31      297847.0 ms
success		1       70      4       5       4       0       39037.07  30      297847.0 ms
success		1       71      1       25      1       0       37598.77  29      297847.0 ms
success		1       72      2       27      2       0       36919.58  28      297847.0 ms
success		1       73      1       22      1       0       35502.97  27      297847.0 ms
success		1       74      2       6       2       0       34580.93  26      297847.0 ms
success		1       75      3       19      3       0       34304.87  25      297847.0 ms
success		1       76      4       16      4       0       32793.62  24      297847.0 ms
success		1       77      4       0       4       0       31626.11  23      297847.0 ms
success		1       78      2       10      2       0       30045.40  22      297847.0 ms
success		1       79      4       3       4       0       29023.07  21      297847.0 ms
success		1       80      5       15      5       0       28435.70  20      297847.0 ms
success		1       81      4       9       4       0       27368.53  19      297862.0 ms
success		1       82      6       6       6       0       27157.51  18      297862.0 ms
success		1       83      4       1       4       0       25833.76  17      297862.0 ms
success		1       84      2       5       2       0       24726.83  16      297862.0 ms
success		1       85      4       5       4       0       24483.37  15      297862.0 ms
success		1       86      7       0       7       0       22916.77  14      297862.0 ms
success		1       87      6       3       6       0       22111.53  13      297862.0 ms
success		1       88      10      12      10      0       20498.42  12      297862.0 ms
success		1       89      4       10      4       0       18902.30  11      297862.0 ms
success		1       90      10      3       10      0       17348.94  10      297862.0 ms
success		1       91      12      7       10      0       16071.91  9       297862.0 ms
success		1       92      14      1       13      0       14223.74  8       297878.0 ms
success		1       93      12      6       10      0       13267.31  7       297893.0 ms
success		1       94      19      1       14      0       12066.19  6       297956.0 ms
success		1       95      26      3       18      0       10122.26  5       298065.0 ms
success		1       96      219     2       21      0       7965.57   4       302870.0 ms
success		1       0       1       51      1       0       82461.43  100     362695.0 ms
success		1       1       1       39      1       0       82079.92  99      362695.0 ms
success		1       2       1       43      1       0       81830.69  98      362695.0 ms
success		1       3       1       56      1       0       81375.89  97      362695.0 ms
success		1       4       1       32      1       0       79870.90  96      362695.0 ms
success		1       5       1       64      1       0       79659.67  95      362695.0 ms
success		1       6       1       88      1       0       79249.85  94      362695.0 ms
success		1       7       1       21      1       0       78829.14  93      362695.0 ms
success		1       8       1       48      1       0       78680.45  92      362695.0 ms
success		1       9       1       60      1       0       78129.05  91      362695.0 ms
success		1       10      1       64      1       0       77847.99  90      362695.0 ms
success		1       11      1       62      1       0       77598.35  89      362695.0 ms
success		1       12      1       82      1       0       76549.24  88      362695.0 ms
success		1       13      1       62      1       0       76256.08  87      362695.0 ms
success		1       14      1       50      1       0       76115.82  86      362695.0 ms
success		1       15      1       23      1       0       75533.77  85      362695.0 ms
success		1       16      1       81      1       0       75332.42  84      362695.0 ms
success		1       17      1       69      1       0       75013.42  83      362695.0 ms
success		1       18      2       24      2       0       74187.15  82      362695.0 ms
success		1       19      1       79      1       0       74209.21  81      362695.0 ms
success		1       20      2       14      2       0       73946.34  80      362695.0 ms
success		1       21      1       49      1       0       73071.63  79      362695.0 ms
success		1       22      1       25      1       0       72579.88  78      362695.0 ms
success		1       23      1       31      1       0       72110.73  77      362695.0 ms
success		1       24      1       8       1       0       70244.47  76      362695.0 ms
success		1       25      1       5       1       0       68596.42  75      362695.0 ms
success		1       26      1       35      1       0       68703.49  74      362695.0 ms
success		1       27      2       48      2       0       68186.41  73      362695.0 ms
success		1       28      1       7       1       0       66961.20  72      362695.0 ms
success		1       29      1       14      1       0       66883.34  71      362695.0 ms
success		1       30      1       41      1       0       66709.73  70      362695.0 ms
success		1       31      1       4       1       0       66560.85  69      362695.0 ms
success		1       32      1       41      1       0       65720.95  68      362695.0 ms
success		1       33      1       52      1       0       65703.04  67      362695.0 ms
success		1       34      1       18      1       0       65567.97  66      362695.0 ms
success		1       35      2       24      2       0       64719.09  65      362695.0 ms
success		1       36      1       6       1       0       63214.98  64      362695.0 ms
success		1       37      2       55      2       0       63069.45  63      362695.0 ms
success		1       38      2       37      2       0       61658.10  62      362695.0 ms
success		1       39      1       58      1       0       61146.48  61      362695.0 ms
success		1       40      1       40      1       0       59799.75  60      362695.0 ms
success		1       41      1       23      1       0       59602.76  59      362695.0 ms
success		1       42      5       38      5       0       59260.13  58      362695.0 ms
success		1       43      1       10      1       0       59003.18  57      362695.0 ms
success		1       44      1       2       1       0       58696.21  56      362695.0 ms
success		1       45      1       10      1       0       58526.24  55      362695.0 ms
success		1       46      1       48      1       0       57360.24  54      362695.0 ms
success		1       47      4       6       4       0       55808.24  53      362695.0 ms
success		1       48      2       11      2       0       54422.03  52      362695.0 ms
success		1       49      3       4       3       0       53482.39  51      362710.0 ms
success		1       50      3       40      3       0       53311.67  50      362710.0 ms
success		1       51      2       27      2       0       53605.31  49      362710.0 ms
success		1       52      1       34      1       0       53475.58  48      362710.0 ms
success		1       53      1       10      1       0       53317.09  47      362710.0 ms
success		1       54      1       21      1       0       52996.01  46      362710.0 ms
success		1       55      1       9       1       0       51827.80  45      362710.0 ms
success		1       56      1       31      1       0       51598.27  44      362710.0 ms
success		1       57      4       26      4       0       52275.13  43      362710.0 ms
success		1       58      2       30      2       0       51036.11  42      362710.0 ms
success		1       59      1       6       1       0       50278.81  41      362710.0 ms
success		1       60      5       27      5       0       49947.15  40      362710.0 ms
success		1       61      2       3       2       0       49269.72  39      362710.0 ms
success		1       62      4       5       4       0       48636.58  38      362710.0 ms
success		1       63      2       13      2       0       47448.27  37      362710.0 ms
success		1       64      1       20      1       0       47291.33  36      362710.0 ms
success		1       65      2       19      2       0       46303.60  35      362710.0 ms
success		1       66      3       14      3       0       45786.28  34      362710.0 ms
success		1       67      2       33      2       0       44750.26  33      362710.0 ms
success		1       68      5       18      5       0       44550.38  32      362710.0 ms
success		1       69      2       12      2       0       43511.20  31      362710.0 ms
success		1       70      4       25      4       0       42694.76  30      362710.0 ms
success		1       71      5       15      5       0       40941.68  29      362710.0 ms
success		1       72      1       1       1       0       40462.93  28      362710.0 ms
success		1       73      4       17      4       0       40351.12  27      362710.0 ms
success		1       74      3       14      3       0       38843.31  26      362710.0 ms
success		1       75      4       24      4       0       37700.20  25      362710.0 ms
success		1       76      4       0       4       0       36153.80  24      362710.0 ms
success		1       77      5       4       5       0       34432.50  23      362710.0 ms
success		1       78      3       9       3       0       33668.24  22      362710.0 ms
success		1       79      3       12      3       0       32366.67  21      362710.0 ms
success		1       80      6       14      6       0       31758.18  20      362710.0 ms
success		1       81      2       11      2       0       30933.56  19      362710.0 ms
success		1       82      5       14      5       0       28886.26  18      362710.0 ms
success		1       83      7       14      7       0       28268.27  17      362710.0 ms
success		1       84      3       16      3       0       26870.33  16      362710.0 ms
success		1       85      8       12      8       0       25879.13  15      362710.0 ms
success		1       86      7       10      7       0       24246.89  14      362710.0 ms
success		1       87      8       11      8       0       22759.25  13      362710.0 ms
success		1       88      9       11      9       0       21269.23  12      362710.0 ms
success		1       89      11      1       11      0       19538.51  11      362710.0 ms
success		1       90      12      4       12      0       18278.27  10      362710.0 ms
success		1       91      12      2       12      0       16486.06  9       362710.0 ms
success		1       92      12      0       11      0       15309.08  8       362726.0 ms
success		1       93      14      0       13      0       13045.17  7       362726.0 ms
success		1       94      21      2       13      0       11538.93  6       362851.0 ms
success		1       95      31      4       19      0       9752.96   5       363085.0 ms
success		1       96      940     0       22      0       7707.12   4       397826.0 ms
success		1       0       1       62      1       0       81902.05  100     487524.0 ms
success		1       1       1       39      1       0       81679.95  99      487524.0 ms
success		1       2       1       31      1       0       81278.19  98      487524.0 ms
success		1       3       1       30      1       0       81085.74  97      487524.0 ms
success		1       4       1       35      1       0       80993.16  96      487524.0 ms
success		1       5       1       84      1       0       80517.04  95      487524.0 ms
success		1       6       1       18      1       0       80151.54  94      487524.0 ms
success		1       7       1       75      1       0       79797.94  93      487524.0 ms
success		1       8       1       91      1       0       79229.49  92      487524.0 ms
success		1       9       1       86      1       0       78681.68  91      487524.0 ms
success		1       10      1       65      1       0       78409.83  90      487524.0 ms
success		1       11      1       26      1       0       78082.71  89      487524.0 ms
success		1       12      2       24      2       0       77804.80  88      487524.0 ms
success		1       13      1       27      1       0       77427.73  87      487524.0 ms
success		1       14      1       57      1       0       76672.62  86      487524.0 ms
success		1       15      2       59      2       0       76277.44  85      487524.0 ms
success		1       16      1       30      1       0       76023.56  84      487524.0 ms
success		1       17      1       53      1       0       75899.66  83      487524.0 ms
success		1       18      1       34      1       0       75756.33  82      487524.0 ms
success		1       19      1       78      1       0       75240.89  81      487540.0 ms
success		1       20      1       21      1       0       74922.02  80      487540.0 ms
success		1       21      1       38      1       0       73123.26  79      487540.0 ms
success		1       22      1       9       1       0       71883.11  78      487540.0 ms
success		1       23      1       43      1       0       71523.16  77      487540.0 ms
success		1       24      2       74      2       0       71330.64  76      487540.0 ms
success		1       25      1       64      1       0       70869.44  75      487540.0 ms
success		1       26      2       17      2       0       70538.05  74      487540.0 ms
success		1       27      2       15      2       0       70345.39  73      487540.0 ms
success		1       28      2       7       2       0       70023.73  72      487540.0 ms
success		1       29      1       7       1       0       69069.16  71      487540.0 ms
success		1       30      2       38      2       0       68996.23  70      487540.0 ms
success		1       31      1       39      1       0       68671.20  69      487540.0 ms
success		1       32      2       40      2       0       67324.01  68      487540.0 ms
success		1       33      2       66      2       0       66845.32  67      487540.0 ms
success		1       34      1       39      1       0       65313.31  66      487540.0 ms
success		1       35      3       49      3       0       65129.23  65      487540.0 ms
success		1       36      1       31      1       0       64765.15  64      487540.0 ms
success		1       37      1       46      1       0       63782.47  63      487540.0 ms
success		1       38      1       21      1       0       62494.38  62      487540.0 ms
success		1       39      2       50      2       0       61291.82  61      487540.0 ms
success		1       40      1       54      1       0       59860.90  60      487540.0 ms
success		1       41      2       50      2       0       58786.43  59      487540.0 ms
success		1       42      2       34      2       0       58549.49  58      487540.0 ms
success		1       43      4       51      4       0       58036.60  57      487540.0 ms
success		1       44      1       7       1       0       56779.35  56      487540.0 ms
success		1       45      2       25      2       0       56661.49  55      487540.0 ms
success		1       46      2       8       2       0       56693.66  54      487540.0 ms
success		1       47      1       29      1       0       55263.34  53      487540.0 ms
success		1       48      2       3       2       0       55084.64  52      487540.0 ms
success		1       49      2       46      2       0       55069.77  51      487540.0 ms
success		1       50      2       48      2       0       54389.58  50      487540.0 ms
success		1       51      3       30      3       0       53560.14  49      487540.0 ms
success		1       52      1       41      1       0       52096.21  48      487540.0 ms
success		1       53      1       11      1       0       50542.56  47      487540.0 ms
success		1       54      1       32      1       0       50023.81  46      487540.0 ms
success		1       55      6       30      6       0       49537.46  45      487540.0 ms
success		1       56      1       7       1       0       48306.09  44      487540.0 ms
success		1       57      2       16      2       0       47806.04  43      487540.0 ms
success		1       58      3       10      3       0       46968.14  42      487540.0 ms
success		1       59      2       29      2       0       46567.61  41      487540.0 ms
success		1       60      1       24      1       0       46511.77  40      487540.0 ms
success		1       61      2       23      2       0       45256.31  39      487540.0 ms
success		1       62      2       6       2       0       44858.36  38      487540.0 ms
success		1       63      2       17      2       0       43426.35  37      487540.0 ms
success		1       64      2       3       2       0       43209.26  36      487540.0 ms
success		1       65      1       15      1       0       42840.10  35      487540.0 ms
success		1       66      1       23      1       0       42810.03  34      487540.0 ms
success		1       67      4       15      4       0       42582.76  33      487540.0 ms
success		1       68      3       24      3       0       41967.77  32      487540.0 ms
success		1       69      2       30      2       0       41569.78  31      487540.0 ms
success		1       70      5       22      5       0       40759.22  30      487540.0 ms
success		1       71      7       14      7       0       40052.79  29      487540.0 ms
success		1       72      7       18      7       0       38348.06  28      487540.0 ms
success		1       73      2       18      2       0       36946.30  27      487540.0 ms
success		1       74      5       20      5       0       37571.13  26      487540.0 ms
success		1       75      6       13      6       0       37001.48  25      487540.0 ms
success		1       76      5       7       5       0       35375.01  24      487540.0 ms
success		1       77      4       18      4       0       34171.84  23      487540.0 ms
success		1       78      9       19      9       0       32697.11  22      487540.0 ms
success		1       79      2       11      2       0       32149.00  21      487540.0 ms
success		1       80      8       3       8       0       30883.15  20      487540.0 ms
success		1       81      5       6       5       0       28953.11  19      487540.0 ms
success		1       82      11      17      11      0       27388.88  18      487556.0 ms
success		1       83      7       2       7       0       26492.33  17      487556.0 ms
success		1       84      8       6       8       0       25385.47  16      487556.0 ms
success		1       85      11      7       11      0       23785.31  15      487556.0 ms
success		1       86      7       11      7       0       22794.62  14      487556.0 ms
success		1       87      8       9       8       0       21316.77  13      487556.0 ms
success		1       88      10      3       10      0       19635.45  12      487556.0 ms
success		1       89      4       0       4       0       17951.33  11      487556.0 ms
success		1       90      12      5       12      0       16710.12  10      487556.0 ms
success		1       91      14      9       13      0       16993.65  9       487556.0 ms
success		1       92      14      5       11      0       14686.38  8       487571.0 ms
success		1       93      15      5       15      0       12497.64  7       487571.0 ms
success		1       94      21      6       20      0       11045.90  6       487587.0 ms
success		1       95      34      5       16      0       9897.31   5       487821.0 ms
success		1       0       1       64      1       0       80927.44  100     565367.0 ms
success		1       1       1       6       1       0       80660.98  99      565367.0 ms
success		1       2       1       93      1       0       79181.93  98      565367.0 ms
success		1       3       1       30      1       0       78872.24  97      565367.0 ms
success		1       4       1       56      1       0       78409.08  96      565367.0 ms
success		1       5       1       90      1       0       77840.85  95      565367.0 ms
success		1       6       1       11      1       0       76555.40  94      565367.0 ms
success		1       7       1       29      1       0       76414.34  93      565367.0 ms
success		1       8       1       0       1       0       76147.65  92      565367.0 ms
success		1       9       1       86      1       0       74894.34  91      565367.0 ms
success		1       10      2       31      2       0       74721.59  90      565367.0 ms
success		1       11      1       50      1       0       74436.39  89      565367.0 ms
success		1       12      1       14      1       0       74216.90  88      565367.0 ms
success		1       13      1       36      1       0       74073.57  87      565367.0 ms
success		1       14      1       48      1       0       73764.88  86      565367.0 ms
success		1       15      1       4       1       0       73439.20  85      565367.0 ms
success		1       16      1       6       1       0       73227.46  84      565367.0 ms
success		1       17      1       48      1       0       71801.37  83      565367.0 ms
success		1       18      1       14      1       0       71732.29  82      565367.0 ms
success		1       19      1       53      1       0       71521.06  81      565367.0 ms
success		1       20      1       24      1       0       70648.35  80      565367.0 ms
success		1       21      1       28      1       0       70426.26  79      565367.0 ms
success		1       22      1       45      1       0       69550.55  78      565367.0 ms
success		1       23      2       65      2       0       69259.56  77      565367.0 ms
success		1       24      2       57      2       0       68771.05  76      565367.0 ms
success		1       25      2       37      2       0       68445.77  75      565367.0 ms
success		1       26      1       10      1       0       67825.19  74      565367.0 ms
success		1       27      4       7       4       0       67749.11  73      565367.0 ms
success		1       28      2       33      2       0       66986.03  72      565367.0 ms
success		1       29      1       22      1       0       66322.17  71      565367.0 ms
success		1       30      2       38      2       0       65715.31  70      565367.0 ms
success		1       31      1       47      1       0       65657.30  69      565367.0 ms
success		1       32      3       60      3       0       65525.10  68      565367.0 ms
success		1       33      1       55      1       0       65318.95  67      565367.0 ms
success		1       34      3       51      3       0       66599.79  66      565367.0 ms
success		1       35      1       34      1       0       66543.95  65      565367.0 ms
success		1       36      1       29      1       0       65057.15  64      565367.0 ms
success		1       37      1       22      1       0       64668.49  63      565367.0 ms
success		1       38      1       0       1       0       64283.47  62      565367.0 ms
success		1       39      1       46      1       0       64193.70  61      565367.0 ms
success		1       40      1       56      1       0       63912.27  60      565367.0 ms
success		1       41      3       11      3       0       62535.50  59      565367.0 ms
success		1       42      3       39      3       0       62374.74  58      565367.0 ms
success		1       43      1       46      1       0       60791.23  57      565367.0 ms
success		1       44      1       45      1       0       60192.00  56      565383.0 ms
success		1       45      4       24      4       0       59447.90  55      565383.0 ms
success		1       46      2       43      2       0       58528.10  54      565383.0 ms
success		1       47      3       27      3       0       56899.96  53      565383.0 ms
success		1       48      2       4       2       0       55105.35  52      565383.0 ms
success		1       49      3       51      3       0       54281.08  51      565383.0 ms
success		1       50      1       31      1       0       54163.79  50      565383.0 ms
success		1       51      2       42      2       0       53858.40  49      565383.0 ms
success		1       52      3       48      3       0       53335.46  48      565383.0 ms
success		1       53      4       45      4       0       53090.35  47      565383.0 ms
success		1       54      2       46      2       0       51448.43  46      565383.0 ms
success		1       55      1       17      1       0       49810.85  45      565383.0 ms
success		1       56      2       28      2       0       49126.88  44      565383.0 ms
success		1       57      3       21      3       0       49459.90  43      565383.0 ms
success		1       58      2       39      2       0       48356.89  42      565383.0 ms
success		1       59      4       16      4       0       47830.07  41      565383.0 ms
success		1       60      3       22      3       0       47259.66  40      565383.0 ms
success		1       61      2       22      2       0       46241.44  39      565383.0 ms
success		1       62      3       5       3       0       45470.61  38      565383.0 ms
success		1       63      2       24      2       0       45035.19  37      565383.0 ms
success		1       64      2       20      2       0       43763.63  36      565383.0 ms
success		1       65      5       21      5       0       43244.05  35      565383.0 ms
success		1       66      2       24      2       0       41978.64  34      565383.0 ms
success		1       67      2       12      2       0       41710.61  33      565383.0 ms
success		1       68      2       18      2       0       41203.60  32      565383.0 ms
success		1       69      5       1       5       0       40297.19  31      565383.0 ms
success		1       70      5       4       5       0       38527.65  30      565383.0 ms
success		1       71      5       20      5       0       37274.00  29      565383.0 ms
success		1       72      6       11      6       0       35933.39  28      565383.0 ms
success		1       73      5       19      5       0       35230.68  27      565383.0 ms
success		1       74      1       22      1       0       33806.75  26      565383.0 ms
success		1       75      3       23      3       0       32734.03  25      565383.0 ms
success		1       76      8       1       8       0       31804.66  24      565383.0 ms
success		1       77      1       19      1       0       31015.73  23      565383.0 ms
success		1       78      8       1       8       0       29828.61  22      565383.0 ms
success		1       79      2       1       2       0       28527.51  21      565383.0 ms
success		1       80      4       17      4       0       27441.25  20      565383.0 ms
success		1       81      1       11      1       0       26975.77  19      565383.0 ms
success		1       82      9       8       9       0       27275.86  18      565383.0 ms
success		1       83      8       10      8       0       25691.50  17      565383.0 ms
success		1       84      3       12      3       0       24486.04  16      565383.0 ms
success		1       85      8       1       8       0       23128.05  15      565383.0 ms
success		1       86      7       5       7       0       21615.70  14      565383.0 ms
success		1       87      3       9       3       0       20511.17  13      565383.0 ms
success		1       88      10      2       10      0       18897.38  12      565383.0 ms
success		1       89      6       4       6       0       17615.17  11      565383.0 ms
success		1       90      15      4       15      0       16235.43  10      565399.0 ms
success		1       91      12      2       12      0       15163.99  9       565399.0 ms
success		1       92      15      2       15      0       14047.83  8       565399.0 ms
success		1       93      18      0       14      0       13155.87  7       565414.0 ms
success		1       94      16      2       12      0       11913.39  6       565430.0 ms
success		1       95      20      5       16      0       9996.40   5       565523.0 ms
success		1       96      199     0       21      0       7939.42   4       571935.0 ms
cross iterater0
bad   	success		7631.71   7862.82   4       737761.0 ms cross
rand   	bad   	success		7677.54   7865.19   4       853543.0 ms cross
rand   	ab
ab7	4
fail		7631.71   7897.81   4       1032316.0 ms
fail		7788.61   8022.96   4       1112983.0 ms
cross iterater1
bad   	success		7840.00   8041.70   4       1128910.0 ms cross
rand   	bad   	success		7834.92   8011.26   4       1248514.0 ms cross
rand   	ab
ab6	4
ab7	2
cross iterater2
bad   	success		7615.54   7927.97   4       1313815.0 ms cross
rand   	bad   	success		7861.35   7773.51   4       1421999.0 ms cross
rand   	ab
ab6	5
ab7	1
fail		7772.99   8090.44   4       1622051.0 ms
fail		7677.54   7965.12   4       1683031.0 ms
cross iterater3
bad   	success		7551.75   7812.27   4       1784273.0 ms cross
rand   	bad   	success		7696.65   7800.43   4       1875189.0 ms cross
rand   	ab
fail		7631.71   7897.81   4       2035040.0 ms
cross iterater4
bad   	success		7792.32   7955.70   4       2039689.0 ms cross
rand   	bad   	success		7430.32   7836.89   4       2149917.0 ms cross
rand   	ab
ab6	1
fail		7696.65   7930.47   4       2304979.0 ms
cross iterater5
bad   	success		7857.54   7977.66   4       2323403.0 ms cross
rand   	bad   	success		7864.25   7920.32   4       2398516.0 ms cross
rand   	ab
ab6	5
ab7	1
fail		7551.75   7930.07   4       2539709.0 ms
cross iterater6
bad   	success		7749.72   7795.14   4       2540084.0 ms cross
rand   	bad   	success		7856.73   7939.00   4       2587148.0 ms cross
rand   	ab
ab6	2
ab7	5
fail		7551.75   7930.07   4       2735190.0 ms
cross iterater7
bad   	success		7691.82   7814.40   4       2735409.0 ms cross
rand   	bad   	success		7664.33   7939.73   4       2813548.0 ms cross
rand   	ab
ab6	0
ab7	1
fail		7620.39   7884.44   4       2982775.0 ms
fail		7637.19   8098.55   4       3054550.0 ms
cross iterater8
ab
ab6	4
ab7	2
fail		7665.65   8029.82   4       3142049.0 ms
fail		7785.49   7940.04   4       3216616.0 ms
cross iterater9
bad   	success		7803.94   7930.94   4       3234961.0 ms cross
rand   	bad   	success		7801.36   7799.49   4       3323802.0 ms cross
rand   	ab
ab7	0
cross iterater10
ab
ab6	3
fail		7906.09   8088.98   4       3464840.0 ms
fail		7785.49   7940.04   4       3539984.0 ms
cross iterater11
bad   	success		7860.37   7886.85   4       3550374.0 ms cross
rand   	bad   	success		7823.39   7970.74   4       3645002.0 ms cross
rand   	ab
ab6	1
ab7	2
cross iterater12

R.size:4

1		111	115	131	62	3	100	34	95	151	194	193	159	21	6	32	127	191	172	71	178	114	27	40	68	158	72	9	125	101	160	155	82	76	106	12	4	20	121	171	164	39	201	132	1	179	63	59	81	83	163	
2		74	116	92	61	47	165	14	91	25	87	154	202	96	129	118	88	103	60	122	107	200	44	146	13	141	66	18	138	89	142	176	98	126	45	16	156	7	22	55	181	166	24	128	46	52	42	31	51	49	15	43	77	94	149	
3		38	8	136	26	41	56	199	117	177	162	137	35	30	180	170	135	182	134	153	90	50	124	17	130	161	84	11	198	173	58	187	145	197	75	123	10	73	54	169	97	86	99	57	19	140	104	
4		80	195	147	119	143	152	139	36	33	192	65	167	184	186	78	150	133	64	79	5	183	29	175	120	37	69	23	93	189	110	109	2	108	188	28	168	112	102	148	53	144	190	113	70	105	85	174	67	157	196	48	185	

data1/pdp200/LR2_2_7.txt
total_cost 7430.317063

