success		1       0       1       35      1       0       13150.86  102     47.0     ms
success		1       1       1       60      1       0       13014.15  101     47.0     ms
success		1       2       1       49      1       0       12862.90  100     47.0     ms
success		1       3       1       63      1       0       12921.50  99      47.0     ms
success		1       4       1       21      1       0       12984.07  98      47.0     ms
success		1       5       1       62      1       0       13166.54  97      47.0     ms
success		1       6       2       83      2       0       13343.60  96      47.0     ms
success		1       7       1       21      1       0       13396.89  95      47.0     ms
success		1       8       1       63      1       0       13082.19  94      63.0     ms
success		1       9       1       9       1       0       12975.99  93      63.0     ms
success		1       10      2       14      2       0       12890.04  92      63.0     ms
success		1       11      1       83      1       0       12818.21  91      63.0     ms
success		1       12      1       9       1       0       12814.46  90      63.0     ms
success		1       13      1       3       1       0       12866.80  89      63.0     ms
success		1       14      1       17      1       0       12776.11  88      63.0     ms
success		1       15      2       8       2       0       12823.78  87      63.0     ms
success		1       16      2       82      2       0       12843.04  86      63.0     ms
success		1       17      2       80      2       0       12953.43  85      63.0     ms
success		1       18      1       41      1       0       12597.68  84      63.0     ms
success		1       19      1       47      1       0       12596.20  83      63.0     ms
success		1       20      1       27      1       0       12714.55  82      63.0     ms
success		1       21      1       12      1       0       12670.49  81      63.0     ms
success		1       22      1       6       1       0       12693.51  80      63.0     ms
success		1       23      2       60      2       0       12567.32  79      63.0     ms
success		1       24      1       68      1       0       12600.14  78      63.0     ms
success		1       25      1       21      1       0       12457.32  77      63.0     ms
success		1       26      1       1       1       0       12539.17  76      63.0     ms
success		1       27      1       8       1       0       12485.52  75      63.0     ms
success		1       28      1       56      1       0       12523.95  74      63.0     ms
success		1       29      1       53      1       0       12593.66  73      63.0     ms
success		1       30      1       43      1       0       12528.30  72      63.0     ms
success		1       31      2       25      2       0       12413.82  71      63.0     ms
success		1       32      2       13      2       0       12429.27  70      63.0     ms
success		1       33      1       2       1       0       12468.72  69      63.0     ms
success		1       34      1       31      1       0       12568.92  68      63.0     ms
success		1       35      2       42      2       0       12231.03  67      63.0     ms
success		1       36      1       5       1       0       12301.64  66      63.0     ms
success		1       37      2       50      2       0       12449.43  65      63.0     ms
success		1       38      2       56      2       0       12396.04  64      63.0     ms
success		1       39      2       29      2       0       12190.61  63      63.0     ms
success		1       40      3       5       3       0       12342.10  62      63.0     ms
success		1       41      1       39      1       0       12345.42  61      63.0     ms
success		1       42      1       31      1       0       12164.15  60      63.0     ms
success		1       43      1       34      1       0       12170.21  59      63.0     ms
success		1       44      1       58      1       0       12097.03  58      63.0     ms
success		1       45      2       41      2       0       12265.99  57      78.0     ms
success		1       46      3       49      3       0       12367.28  56      78.0     ms
success		1       47      1       44      1       0       12356.16  55      78.0     ms
success		1       48      1       47      1       0       12452.67  54      78.0     ms
success		1       49      1       18      1       0       12445.70  53      78.0     ms
success		1       50      1       50      1       0       12386.10  52      78.0     ms
success		1       51      1       7       1       0       12479.71  51      78.0     ms
success		1       52      2       39      2       0       12525.25  50      78.0     ms
success		1       53      2       31      2       0       12498.78  49      78.0     ms
success		1       54      2       30      2       0       12138.20  48      78.0     ms
success		1       55      2       34      2       0       12026.70  47      78.0     ms
success		1       56      2       17      2       0       12182.77  46      78.0     ms
success		1       57      2       38      2       0       11924.66  45      78.0     ms
success		1       58      3       15      3       0       11972.21  44      78.0     ms
success		1       59      2       41      2       0       11635.29  43      78.0     ms
success		1       60      2       23      2       0       11597.57  42      78.0     ms
success		1       61      3       34      3       0       11584.62  41      78.0     ms
success		1       62      2       5       2       0       11398.00  40      78.0     ms
success		1       63      3       10      3       0       11232.90  39      78.0     ms
success		1       64      3       3       3       0       10859.08  38      78.0     ms
success		1       65      3       4       2       0       12741.43  36      78.0     ms
success		1       66      4       32      4       0       12700.18  35      78.0     ms
success		1       67      4       8       3       0       12583.65  34      78.0     ms
success		1       68      2       19      2       0       12039.96  33      78.0     ms
success		1       69      4       29      2       0       11679.04  32      94.0     ms
success		1       70      2       5       2       0       11353.87  31      94.0     ms
success		1       71      3       22      3       0       11186.17  30      94.0     ms
success		1       72      3       28      3       0       10944.32  29      94.0     ms
success		1       73      2       1       2       0       10756.97  28      94.0     ms
success		1       74      7       18      5       0       10323.85  27      94.0     ms
success		1       75      7       20      4       0       9507.63   26      109.0    ms
success		1       76      6       11      4       0       9997.37   25      109.0    ms
success		1       77      6       7       3       0       10211.70  24      109.0    ms
success		1       78      41      7       3       0       9709.42   23      203.0    ms
success		1       79      27      18      6       0       9348.31   22      234.0    ms
success		1       80      16      9       5       0       8636.40   21      234.0    ms
success		1       81      267     2       6       0       7921.92   20      733.0    ms
success		1       0       1       5       1       0       25809.98  102     1872.0   ms
success		1       1       1       5       1       0       25363.12  101     1872.0   ms
success		1       2       1       2       1       0       25222.64  100     1872.0   ms
success		1       3       1       53      1       0       24973.34  99      1872.0   ms
success		1       4       1       48      1       0       24589.12  98      1872.0   ms
success		1       5       1       37      1       0       24546.29  97      1872.0   ms
success		1       6       1       23      1       0       24403.42  96      1872.0   ms
success		1       7       1       8       1       0       24230.08  95      1872.0   ms
success		1       8       1       5       1       0       24145.54  94      1872.0   ms
success		1       9       1       78      1       0       23879.07  93      1872.0   ms
success		1       10      1       88      1       0       23725.20  92      1872.0   ms
success		1       11      1       29      1       0       23609.14  91      1872.0   ms
success		1       12      1       38      1       0       23351.42  90      1872.0   ms
success		1       13      1       80      1       0       23194.67  89      1872.0   ms
success		1       14      1       38      1       0       22915.76  88      1872.0   ms
success		1       15      1       30      1       0       22847.09  87      1872.0   ms
success		1       16      1       10      1       0       22720.47  86      1872.0   ms
success		1       17      1       29      1       0       22614.62  85      1872.0   ms
success		1       18      2       14      2       0       22359.11  84      1872.0   ms
success		1       19      2       78      2       0       22136.26  83      1872.0   ms
success		1       20      1       32      1       0       21695.39  82      1872.0   ms
success		1       21      1       79      1       0       21417.37  81      1872.0   ms
success		1       22      2       28      2       0       21064.17  80      1872.0   ms
success		1       23      1       9       1       0       20888.64  79      1872.0   ms
success		1       24      2       30      2       0       20492.81  78      1872.0   ms
success		1       25      1       22      1       0       20122.51  77      1872.0   ms
success		1       26      1       17      1       0       19957.34  76      1872.0   ms
success		1       27      1       63      1       0       19660.69  75      1872.0   ms
success		1       28      1       73      1       0       19442.71  74      1872.0   ms
success		1       29      2       41      2       0       19245.64  73      1872.0   ms
success		1       30      3       12      3       0       18930.70  72      1872.0   ms
success		1       31      1       48      1       0       18785.22  71      1872.0   ms
success		1       32      2       70      2       0       18567.82  70      1872.0   ms
success		1       33      1       54      1       0       18534.59  69      1872.0   ms
success		1       34      1       3       1       0       18239.78  68      1872.0   ms
success		1       35      1       6       1       0       17993.46  67      1872.0   ms
success		1       36      1       18      1       0       17735.41  66      1872.0   ms
success		1       37      2       3       2       0       17603.47  65      1872.0   ms
success		1       38      2       36      2       0       17427.10  64      1872.0   ms
success		1       39      1       36      1       0       17295.40  63      1872.0   ms
success		1       40      1       43      1       0       17105.10  62      1872.0   ms
success		1       41      1       51      1       0       16960.13  61      1872.0   ms
success		1       42      1       41      1       0       16754.73  60      1872.0   ms
success		1       43      1       47      1       0       16399.44  59      1872.0   ms
success		1       44      1       17      1       0       16351.44  58      1872.0   ms
success		1       45      1       7       1       0       16129.51  57      1872.0   ms
success		1       46      1       42      1       0       15816.47  56      1872.0   ms
success		1       47      1       49      1       0       15548.80  55      1872.0   ms
success		1       48      3       41      3       0       15482.71  54      1872.0   ms
success		1       49      1       42      1       0       15358.64  53      1872.0   ms
success		1       50      1       6       1       0       15215.04  52      1872.0   ms
success		1       51      1       32      1       0       14967.31  51      1872.0   ms
success		1       52      1       32      1       0       14573.11  50      1872.0   ms
success		1       53      2       46      2       0       14468.17  49      1872.0   ms
success		1       54      5       33      5       0       14215.49  48      1872.0   ms
success		1       55      2       23      2       0       13918.23  47      1872.0   ms
success		1       56      3       0       3       0       13783.63  46      1872.0   ms
success		1       57      3       21      3       0       13391.94  45      1872.0   ms
success		1       58      3       10      3       0       13366.57  44      1872.0   ms
success		1       59      1       29      1       0       13186.86  43      1872.0   ms
success		1       60      1       32      1       0       13050.29  42      1872.0   ms
success		1       61      2       5       2       0       12742.41  41      1872.0   ms
success		1       62      2       34      2       0       12690.54  40      1872.0   ms
success		1       63      4       33      4       0       12432.20  39      1872.0   ms
success		1       64      3       17      3       0       12182.76  38      1872.0   ms
success		1       65      3       22      3       0       11845.72  37      1872.0   ms
success		1       66      3       31      3       0       11751.68  36      1872.0   ms
success		1       67      4       12      4       0       11629.31  35      1872.0   ms
success		1       68      3       14      2       0       12820.45  34      1872.0   ms
success		1       69      4       0       3       0       13194.03  33      1872.0   ms
success		1       70      3       23      3       0       12289.18  32      1872.0   ms
success		1       71      5       1       3       0       12631.24  31      1888.0   ms
success		1       72      4       20      4       0       12027.92  30      1888.0   ms
success		1       73      5       17      3       0       10801.97  29      1888.0   ms
success		1       74      11      22      5       0       10768.08  28      1888.0   ms
success		1       75      6       22      3       0       10135.33  27      1888.0   ms
success		1       76      3       9       3       0       9389.05   26      1888.0   ms
success		1       77      29      9       5       0       10251.92  25      1903.0   ms
success		1       78      7       4       5       0       9979.64   24      1919.0   ms
success		1       79      20      4       3       0       9654.60   23      1935.0   ms
success		1       80      35      18      4       0       8035.71   22      1966.0   ms
success		1       81      36      20      5       0       8543.08   21      2013.0   ms
success		1       82      60      7       5       0       8406.47   20      2091.0   ms
success		1       0       1       24      1       0       25716.04  102     3027.0   ms
success		1       1       1       39      1       0       25547.81  101     3027.0   ms
success		1       2       1       77      1       0       25488.63  100     3027.0   ms
success		1       3       1       49      1       0       24905.56  99      3027.0   ms
success		1       4       1       56      1       0       24793.36  98      3027.0   ms
success		1       5       1       6       1       0       24488.10  97      3027.0   ms
success		1       6       1       47      1       0       24211.24  96      3027.0   ms
success		1       7       1       87      1       0       23772.91  95      3027.0   ms
success		1       8       1       58      1       0       23548.84  94      3027.0   ms
success		1       9       1       24      1       0       23326.81  93      3027.0   ms
success		1       10      1       6       1       0       23204.05  92      3027.0   ms
success		1       11      1       37      1       0       22781.22  91      3027.0   ms
success		1       12      1       62      1       0       22635.74  90      3027.0   ms
success		1       13      1       56      1       0       22476.80  89      3027.0   ms
success		1       14      2       50      2       0       22149.91  88      3027.0   ms
success		1       15      1       70      1       0       21992.94  87      3027.0   ms
success		1       16      1       70      1       0       21756.89  86      3027.0   ms
success		1       17      1       28      1       0       21409.56  85      3027.0   ms
success		1       18      1       64      1       0       21223.97  84      3027.0   ms
success		1       19      1       25      1       0       21132.62  83      3027.0   ms
success		1       20      2       54      2       0       20749.07  82      3027.0   ms
success		1       21      1       38      1       0       20658.71  81      3027.0   ms
success		1       22      1       13      1       0       20501.36  80      3027.0   ms
success		1       23      1       6       1       0       20329.04  79      3027.0   ms
success		1       24      1       30      1       0       20154.29  78      3042.0   ms
success		1       25      1       15      1       0       19853.37  77      3042.0   ms
success		1       26      1       62      1       0       19531.75  76      3042.0   ms
success		1       27      1       16      1       0       19410.84  75      3042.0   ms
success		1       28      1       42      1       0       19136.44  74      3042.0   ms
success		1       29      1       16      1       0       18985.62  73      3042.0   ms
success		1       30      1       5       1       0       18905.82  72      3042.0   ms
success		1       31      1       50      1       0       18744.99  71      3042.0   ms
success		1       32      2       15      2       0       18697.18  70      3042.0   ms
success		1       33      2       49      2       0       18621.71  69      3042.0   ms
success		1       34      1       21      1       0       18200.13  68      3042.0   ms
success		1       35      1       3       1       0       17807.02  67      3042.0   ms
success		1       36      2       4       2       0       17662.08  66      3042.0   ms
success		1       37      1       62      1       0       17249.81  65      3042.0   ms
success		1       38      1       8       1       0       17254.59  64      3042.0   ms
success		1       39      1       20      1       0       17073.76  63      3042.0   ms
success		1       40      1       13      1       0       16868.87  62      3042.0   ms
success		1       41      2       15      2       0       16823.74  61      3042.0   ms
success		1       42      2       31      2       0       16713.79  60      3042.0   ms
success		1       43      2       0       2       0       16478.94  59      3042.0   ms
success		1       44      2       39      2       0       16223.90  58      3042.0   ms
success		1       45      2       54      2       0       16002.01  57      3042.0   ms
success		1       46      1       56      1       0       15671.18  56      3042.0   ms
success		1       47      2       10      2       0       15318.87  55      3042.0   ms
success		1       48      3       28      3       0       15055.17  54      3042.0   ms
success		1       49      3       20      3       0       14935.59  53      3042.0   ms
success		1       50      2       46      2       0       14633.35  52      3042.0   ms
success		1       51      1       32      1       0       14490.60  51      3042.0   ms
success		1       52      2       24      2       0       14168.25  50      3042.0   ms
success		1       53      1       8       1       0       14244.59  49      3042.0   ms
success		1       54      1       43      1       0       13961.26  48      3042.0   ms
success		1       55      3       7       3       0       13761.73  47      3042.0   ms
success		1       56      2       18      2       0       13175.59  46      3042.0   ms
success		1       57      2       3       2       0       12992.39  45      3042.0   ms
success		1       58      4       40      2       0       12778.38  37      3042.0   ms
success		1       59      5       13      3       0       13065.03  35      3042.0   ms
success		1       60      4       22      3       0       12653.37  33      3042.0   ms
success		1       61      6       17      3       0       12781.56  31      3042.0   ms
success		1       62      2       28      2       0       12278.50  30      3042.0   ms
success		1       63      14      4       5       0       11419.83  29      3058.0   ms
success		1       64      6       23      5       0       11141.69  28      3058.0   ms
success		1       65      5       8       4       0       10654.51  27      3058.0   ms
success		1       66      16      8       4       0       10731.12  26      3073.0   ms
success		1       67      5       14      4       0       9709.87   25      3073.0   ms
success		1       68      13      4       3       0       9764.53   24      3073.0   ms
success		1       69      29      22      3       0       9520.76   23      3105.0   ms
success		1       70      7       6       5       0       9147.26   22      3105.0   ms
success		1       71      30      10      5       0       8403.33   21      3136.0   ms
success		1       72      377     16      5       0       8157.62   20      3697.0   ms
success		1       0       1       0       1       0       25340.20  102     4680.0   ms
success		1       1       1       19      1       0       25250.07  101     4680.0   ms
success		1       2       1       93      1       0       25069.55  100     4680.0   ms
success		1       3       1       10      1       0       24820.45  99      4680.0   ms
success		1       4       1       13      1       0       24661.68  98      4680.0   ms
success		1       5       1       81      1       0       24536.16  97      4680.0   ms
success		1       6       1       74      1       0       24242.11  96      4680.0   ms
success		1       7       1       40      1       0       24031.55  95      4680.0   ms
success		1       8       1       52      1       0       23704.50  94      4680.0   ms
success		1       9       1       36      1       0       23533.49  93      4680.0   ms
success		1       10      1       20      1       0       23297.00  92      4680.0   ms
success		1       11      1       71      1       0       22957.52  91      4680.0   ms
success		1       12      1       72      1       0       22691.47  90      4680.0   ms
success		1       13      1       27      1       0       22497.85  89      4680.0   ms
success		1       14      1       41      1       0       22015.88  88      4680.0   ms
success		1       15      1       43      1       0       21910.47  87      4680.0   ms
success		1       16      1       72      1       0       21617.85  86      4680.0   ms
success		1       17      2       59      2       0       21304.71  85      4680.0   ms
success		1       18      1       69      1       0       21097.73  84      4680.0   ms
success		1       19      1       80      1       0       20813.34  83      4680.0   ms
success		1       20      3       10      3       0       20423.67  82      4680.0   ms
success		1       21      1       53      1       0       20217.68  81      4680.0   ms
success		1       22      1       61      1       0       20121.37  80      4680.0   ms
success		1       23      2       70      2       0       20021.78  79      4680.0   ms
success		1       24      1       76      1       0       19866.74  78      4680.0   ms
success		1       25      1       37      1       0       19691.49  77      4680.0   ms
success		1       26      1       73      1       0       19196.24  76      4680.0   ms
success		1       27      1       60      1       0       18932.45  75      4680.0   ms
success		1       28      1       58      1       0       18662.76  74      4680.0   ms
success		1       29      1       59      1       0       18370.26  73      4680.0   ms
success		1       30      2       33      2       0       17923.49  72      4680.0   ms
success		1       31      1       63      1       0       17652.21  71      4680.0   ms
success		1       32      2       36      2       0       17527.32  70      4680.0   ms
success		1       33      1       17      1       0       17337.38  69      4680.0   ms
success		1       34      1       39      1       0       17081.32  68      4680.0   ms
success		1       35      3       41      3       0       16800.06  67      4680.0   ms
success		1       36      2       19      2       0       16643.55  66      4680.0   ms
success		1       37      2       28      2       0       16338.98  65      4680.0   ms
success		1       38      2       36      2       0       16010.30  64      4680.0   ms
success		1       39      2       2       2       0       15985.64  63      4680.0   ms
success		1       40      2       40      2       0       15859.17  62      4680.0   ms
success		1       41      2       52      2       0       15764.17  61      4680.0   ms
success		1       42      1       25      1       0       15826.15  60      4680.0   ms
success		1       43      1       28      1       0       15406.52  59      4680.0   ms
success		1       44      3       40      3       0       14995.69  58      4680.0   ms
success		1       45      1       45      1       0       14792.51  57      4680.0   ms
success		1       46      2       23      2       0       14814.78  56      4680.0   ms
success		1       47      2       24      2       0       14877.70  55      4680.0   ms
success		1       48      1       31      1       0       14638.11  54      4680.0   ms
success		1       49      2       18      2       0       14478.20  53      4680.0   ms
success		1       50      3       2       3       0       14471.34  52      4680.0   ms
success		1       51      2       27      2       0       14245.10  51      4680.0   ms
success		1       52      3       7       3       0       13878.49  50      4680.0   ms
success		1       53      2       35      2       0       13700.32  49      4680.0   ms
success		1       54      1       5       1       0       13531.44  48      4680.0   ms
success		1       55      2       3       2       0       13241.07  47      4680.0   ms
success		1       56      2       8       2       0       13097.28  46      4680.0   ms
success		1       57      1       8       1       0       12826.11  45      4680.0   ms
success		1       58      2       15      2       0       12702.19  44      4680.0   ms
success		1       59      3       35      3       0       12437.90  43      4680.0   ms
success		1       60      1       34      1       0       12219.75  42      4680.0   ms
success		1       61      2       18      2       0       12038.70  41      4680.0   ms
success		1       62      6       18      5       0       12540.01  40      4680.0   ms
success		1       63      2       28      2       0       12299.11  39      4680.0   ms
success		1       64      2       13      2       0       12029.58  38      4680.0   ms
success		1       65      3       17      3       0       11850.43  37      4680.0   ms
success		1       66      3       21      3       0       11495.51  36      4680.0   ms
success		1       67      2       32      2       0       11352.69  35      4680.0   ms
success		1       68      5       3       5       0       11307.46  34      4680.0   ms
success		1       69      2       32      2       0       11068.00  33      4680.0   ms
success		1       70      3       30      2       0       11942.40  31      4680.0   ms
success		1       71      8       13      5       0       11975.59  30      4696.0   ms
success		1       72      4       20      3       0       11666.41  29      4696.0   ms
success		1       73      5       25      5       0       11038.95  28      4696.0   ms
success		1       74      7       21      4       0       10415.76  27      4696.0   ms
success		1       75      6       20      2       0       10265.91  26      4696.0   ms
success		1       76      6       12      3       0       10282.51  25      4696.0   ms
success		1       77      23      13      4       0       9155.34   24      4711.0   ms
success		1       78      16      8       5       0       9603.83   23      4727.0   ms
success		1       79      25      7       4       0       10010.28  22      4743.0   ms
success		1       80      6       8       3       0       8867.19   21      4758.0   ms
success		1       81      218     2       4       0       8147.27   20      5133.0   ms
success		1       0       1       13      1       0       25812.34  102     5928.0   ms
success		1       1       1       55      1       0       25162.23  101     5928.0   ms
success		1       2       1       94      1       0       25062.41  100     5928.0   ms
success		1       3       1       65      1       0       24948.80  99      5928.0   ms
success		1       4       1       4       1       0       24391.59  98      5928.0   ms
success		1       5       1       93      1       0       24316.03  97      5928.0   ms
success		1       6       1       84      1       0       24168.84  96      5928.0   ms
success		1       7       1       71      1       0       24062.07  95      5928.0   ms
success		1       8       3       64      3       0       23595.69  94      5928.0   ms
success		1       9       1       64      1       0       23444.21  93      5928.0   ms
success		1       10      1       46      1       0       23178.45  92      5928.0   ms
success		1       11      1       61      1       0       22996.08  91      5928.0   ms
success		1       12      1       63      1       0       22816.60  90      5928.0   ms
success		1       13      2       39      2       0       22586.88  89      5928.0   ms
success		1       14      1       27      1       0       22448.22  88      5928.0   ms
success		1       15      1       21      1       0       22280.61  87      5928.0   ms
success		1       16      1       46      1       0       22124.04  86      5928.0   ms
success		1       17      1       65      1       0       22050.39  85      5928.0   ms
success		1       18      1       44      1       0       21678.34  84      5928.0   ms
success		1       19      1       24      1       0       21551.77  83      5928.0   ms
success		1       20      1       58      1       0       21288.42  82      5928.0   ms
success		1       21      1       33      1       0       21182.57  81      5928.0   ms
success		1       22      2       40      2       0       20853.39  80      5928.0   ms
success		1       23      2       79      2       0       20582.18  79      5928.0   ms
success		1       24      1       60      1       0       20219.21  78      5928.0   ms
success		1       25      1       77      1       0       20000.10  77      5928.0   ms
success		1       26      2       49      2       0       19799.05  76      5928.0   ms
success		1       27      2       42      2       0       19627.51  75      5928.0   ms
success		1       28      1       66      1       0       19438.70  74      5928.0   ms
success		1       29      2       12      2       0       19259.55  73      5928.0   ms
success		1       30      1       2       1       0       19098.01  72      5928.0   ms
success		1       31      2       42      2       0       18792.17  71      5928.0   ms
success		1       32      1       18      1       0       18460.99  70      5928.0   ms
success		1       33      1       53      1       0       18174.73  69      5928.0   ms
success		1       34      1       6       1       0       18003.81  68      5928.0   ms
success		1       35      2       9       2       0       17712.08  67      5928.0   ms
success		1       36      1       13      1       0       17464.58  66      5928.0   ms
success		1       37      1       0       1       0       17136.50  65      5928.0   ms
success		1       38      2       29      2       0       16929.82  64      5928.0   ms
success		1       39      2       49      2       0       16729.14  63      5928.0   ms
success		1       40      1       13      1       0       16707.47  62      5928.0   ms
success		1       41      1       2       1       0       16573.03  61      5928.0   ms
success		1       42      3       37      3       0       16439.03  60      5928.0   ms
success		1       43      3       13      3       0       16145.28  59      5928.0   ms
success		1       44      1       1       1       0       15927.26  58      5928.0   ms
success		1       45      1       14      1       0       15567.39  57      5928.0   ms
success		1       46      2       11      2       0       15351.02  56      5928.0   ms
success		1       47      3       6       3       0       15148.79  55      5928.0   ms
success		1       48      2       7       2       0       14970.68  54      5928.0   ms
success		1       49      3       24      3       0       15061.20  53      5928.0   ms
success		1       50      1       46      1       0       14925.82  52      5928.0   ms
success		1       51      2       15      2       0       14771.93  51      5928.0   ms
success		1       52      3       24      3       0       14469.37  50      5928.0   ms
success		1       53      2       3       2       0       14541.94  49      5928.0   ms
success		1       54      1       8       1       0       14319.44  48      5928.0   ms
success		1       55      2       32      2       0       14076.66  47      5928.0   ms
success		1       56      2       1       2       0       13825.78  46      5928.0   ms
success		1       57      2       44      2       0       13538.03  45      5928.0   ms
success		1       58      1       39      1       0       13507.85  44      5928.0   ms
success		1       59      2       31      2       0       13142.32  43      5928.0   ms
success		1       60      3       11      3       0       12896.43  42      5928.0   ms
success		1       61      1       32      1       0       12774.38  41      5928.0   ms
success		1       62      3       29      3       0       12328.49  40      5928.0   ms
success		1       63      2       37      2       0       12056.06  39      5928.0   ms
success		1       64      4       1       4       0       11768.42  38      5928.0   ms
success		1       65      3       1       3       0       11645.81  37      5928.0   ms
success		1       66      4       13      2       0       11849.41  33      5928.0   ms
success		1       67      3       23      3       0       11432.40  32      5928.0   ms
success		1       68      4       9       4       0       10942.92  31      5928.0   ms
success		1       69      2       25      2       0       10459.07  30      5928.0   ms
success		1       70      5       13      3       0       11729.73  29      5928.0   ms
success		1       71      3       4       3       0       10925.83  28      5928.0   ms
success		1       72      6       14      3       0       10562.30  27      5928.0   ms
success		1       73      8       19      4       0       10254.30  26      5944.0   ms
success		1       74      16      4       6       0       9786.55   25      5944.0   ms
success		1       75      11      14      4       0       10258.96  24      5944.0   ms
success		1       76      19      23      2       0       10194.71  23      5959.0   ms
success		1       77      32      19      4       0       9206.21   22      5975.0   ms
success		1       78      7       13      3       0       8992.22   21      5975.0   ms
success		1       79      322     5       9       0       8257.44   20      6303.0   ms
success		1       0       1       68      1       0       25684.78  102     6786.0   ms
success		1       1       1       20      1       0       25514.24  101     6786.0   ms
success		1       2       1       64      1       0       25272.65  100     6786.0   ms
success		1       3       1       12      1       0       25068.80  99      6786.0   ms
success		1       4       1       90      1       0       24909.48  98      6786.0   ms
success		1       5       1       87      1       0       24783.32  97      6786.0   ms
success		1       6       1       47      1       0       24274.45  96      6786.0   ms
success		1       7       1       38      1       0       24100.66  95      6786.0   ms
success		1       8       1       64      1       0       23892.49  94      6786.0   ms
success		1       9       1       60      1       0       23712.39  93      6786.0   ms
success		1       10      1       28      1       0       23473.03  92      6786.0   ms
success		1       11      1       84      1       0       23276.61  91      6786.0   ms
success		1       12      1       54      1       0       23150.18  90      6786.0   ms
success		1       13      1       14      1       0       23023.57  89      6786.0   ms
success		1       14      1       83      1       0       22860.98  88      6786.0   ms
success		1       15      2       80      2       0       22448.14  87      6786.0   ms
success		1       16      1       54      1       0       22288.58  86      6786.0   ms
success		1       17      1       20      1       0       22070.89  85      6786.0   ms
success		1       18      1       36      1       0       21585.80  84      6786.0   ms
success		1       19      2       48      2       0       21318.44  83      6786.0   ms
success		1       20      1       54      1       0       21165.76  82      6786.0   ms
success		1       21      1       10      1       0       20990.58  81      6786.0   ms
success		1       22      1       58      1       0       20788.75  80      6786.0   ms
success		1       23      1       5       1       0       20651.07  79      6786.0   ms
success		1       24      1       16      1       0       20618.66  78      6786.0   ms
success		1       25      3       57      3       0       20415.68  77      6786.0   ms
success		1       26      1       67      1       0       20247.15  76      6786.0   ms
success		1       27      1       16      1       0       19921.92  75      6786.0   ms
success		1       28      2       55      2       0       19665.13  74      6786.0   ms
success		1       29      2       61      2       0       19375.74  73      6786.0   ms
success		1       30      1       64      1       0       19237.68  72      6786.0   ms
success		1       31      1       59      1       0       18950.86  71      6786.0   ms
success		1       32      2       65      2       0       18548.86  70      6786.0   ms
success		1       33      2       10      2       0       18631.78  69      6786.0   ms
success		1       34      1       61      1       0       18375.47  68      6786.0   ms
success		1       35      2       66      2       0       18107.36  67      6786.0   ms
success		1       36      2       7       2       0       17979.87  66      6786.0   ms
success		1       37      4       39      4       0       17593.13  65      6802.0   ms
success		1       38      1       11      1       0       17352.15  64      6802.0   ms
success		1       39      1       42      1       0       17180.98  63      6802.0   ms
success		1       40      1       18      1       0       17087.88  62      6802.0   ms
success		1       41      2       6       2       0       16880.19  61      6802.0   ms
success		1       42      1       15      1       0       16650.36  60      6802.0   ms
success		1       43      1       2       1       0       16601.70  59      6802.0   ms
success		1       44      3       23      3       0       16046.64  58      6802.0   ms
success		1       45      3       43      3       0       15898.21  57      6802.0   ms
success		1       46      2       51      2       0       15744.33  56      6802.0   ms
success		1       47      1       31      1       0       15392.53  55      6802.0   ms
success		1       48      2       51      2       0       15157.99  54      6802.0   ms
success		1       49      3       28      3       0       15017.64  53      6802.0   ms
success		1       50      1       42      1       0       14840.90  52      6802.0   ms
success		1       51      3       16      3       0       14635.35  51      6802.0   ms
success		1       52      4       2       4       0       14290.71  50      6802.0   ms
success		1       53      4       26      4       0       14050.48  49      6802.0   ms
success		1       54      3       26      3       0       13992.76  48      6802.0   ms
success		1       55      3       18      3       0       13585.82  47      6802.0   ms
success		1       56      3       30      3       0       13313.85  46      6802.0   ms
success		1       57      2       40      2       0       12972.88  45      6802.0   ms
success		1       58      2       35      2       0       12745.73  44      6802.0   ms
success		1       59      1       41      1       0       12562.32  43      6802.0   ms
success		1       60      2       21      2       0       12193.25  42      6802.0   ms
success		1       61      2       4       2       0       12092.56  41      6802.0   ms
success		1       62      2       13      2       0       11991.50  40      6802.0   ms
success		1       63      2       6       2       0       11885.08  39      6802.0   ms
success		1       64      1       37      1       0       11866.14  38      6802.0   ms
success		1       65      2       9       2       0       11499.97  37      6802.0   ms
success		1       66      4       30      4       0       11169.35  36      6802.0   ms
success		1       67      2       29      2       0       11002.16  35      6802.0   ms
success		1       68      4       26      4       0       10834.31  34      6802.0   ms
success		1       69      2       26      1       0       12291.26  33      6802.0   ms
success		1       70      4       18      4       0       11580.10  32      6802.0   ms
success		1       71      8       3       4       0       12307.25  31      6802.0   ms
success		1       72      4       6       3       0       11520.91  30      6802.0   ms
success		1       73      3       20      3       0       10927.13  29      6802.0   ms
success		1       74      9       18      3       0       9834.31   27      6802.0   ms
success		1       75      5       16      3       0       10015.10  26      6802.0   ms
success		1       76      12      2       5       0       9904.96   25      6817.0   ms
success		1       77      4       3       4       0       9458.44   24      6817.0   ms
success		1       78      12      15      2       0       9940.84   23      6817.0   ms
success		1       79      8       15      4       0       8906.80   22      6817.0   ms
success		1       80      24      4       3       0       8310.26   21      6849.0   ms
success		1       81      313     8       2       0       7876.71   20      7223.0   ms
cross iterater0
bad   	success		6827.57   8641.39   21      8081.0   ms cross
rand   	success		6578.84   7795.70   20      8081.0   ms cross
bad   	rand   	bad   	rand   	bad   	success		6655.70   8531.43   21      11575.0  ms cross
rand   	success		6557.26   8179.30   20      11575.0  ms cross
bad   	rand   	bad   	rand   	ab
ab6	1
fail		6578.84   8196.23   20      16099.0  ms
cross iterater1
bad   	success		6760.43   8516.98   20      16099.0  ms cross
rand   	bad   	success		6261.74   8594.56   20      16879.0  ms cross
rand   	ab
ab6	2
ab7	1
success		6426.18   8388.87   19      18080.0  ms
fail		6578.84   8196.23   20      19063.0  ms
cross iterater2
ab
ab6	5
success		6341.88   7693.73   19      19375.0  ms
cross iterater3
bad   	rand   	bad   	success		6280.44   8827.48   20      21294.0  ms cross
rand   	success		6418.57   7987.89   19      21310.0  ms cross
bad   	rand   	bad   	rand   	ab
ab6	2
fail		6374.90   8422.03   20      27003.0  ms
cross iterater4
bad   	success		6481.73   8434.40   19      27003.0  ms cross
rand   	bad   	success		6552.62   8553.09   20      28267.0  ms cross
rand   	success		6648.88   7996.55   19      28407.0  ms cross
ab
ab6	4
cross iterater5
bad   	success		6341.76   7740.52   19      28407.0  ms cross
rand   	bad   	success		6373.88   7999.18   19      29016.0  ms cross
rand   	ab
ab7	2
ab6	5
fail		6504.98   8375.40   19      30311.0  ms
cross iterater6
bad   	rand   	success		6431.77   8412.10   19      31231.0  ms cross
bad   	rand   	ab
ab6	4
cross iterater7
bad   	success		6419.74   8088.18   19      32541.0  ms cross
rand   	bad   	rand   	ab
ab6	2
fail		6419.74   8046.96   19      35615.0  ms
fail		6386.46   8005.48   19      36223.0  ms
cross iterater8
bad   	rand   	success		6498.26   7816.45   19      36800.0  ms cross
bad   	success		6520.26   8049.53   19      36800.0  ms cross
rand   	ab
ab7	5
ab6	0
fail		6419.74   8046.96   19      38204.0  ms
fail		6341.88   7929.02   19      38906.0  ms
cross iterater9
bad   	success		6062.36   7652.11   19      38906.0  ms cross
rand   	bad   	success		6400.79   7805.29   19      39577.0  ms cross
rand   	ab
ab7	0
cross iterater10
ab
ab7	5
fail		6287.49   8174.52   19      40778.0  ms
cross iterater11
bad   	success		6543.38   7785.06   19      40778.0  ms cross
rand   	bad   	success		6593.50   8245.27   19      41823.0  ms cross
rand   	ab
ab6	4
fail		6169.42   7808.90   19      43711.0  ms
fail		6791.00   8429.70   19      44382.0  ms
fail		6341.88   7929.02   19      45068.0  ms
cross iterater12
bad   	success		6601.50   8117.19   19      45068.0  ms cross
rand   	bad   	rand   	success		6556.16   8341.46   19      46363.0  ms cross
ab
ab6	5
fail		6543.38   7789.12   19      46956.0  ms
cross iterater13
bad   	rand   	bad   	success		6326.26   8210.40   19      48001.0  ms cross
rand   	ab
ab6	3
ab7	4
cross iterater14
bad   	rand   	bad   	success		6130.78   8036.62   19      49732.0  ms cross
rand   	ab
ab6	2
fail		6169.42   7808.90   19      51012.0  ms
cross iterater15
bad   	success		6205.41   7854.15   19      51012.0  ms cross
rand   	bad   	success		6284.55   8196.06   19      51714.0  ms cross
rand   	ab
ab6	2
ab7	4
fail		6492.74   8309.31   19      52915.0  ms
cross iterater16
ab
ab7	2
fail		5814.02   7728.01   19      53539.0  ms
fail		6164.36   8073.82   19      54147.0  ms
cross iterater17
ab
ab7	0
fail		5814.02   7728.01   19      54724.0  ms
fail		6164.36   8073.82   19      55333.0  ms
cross iterater18
bad   	success		6251.08   7665.83   19      55333.0  ms cross
rand   	bad   	rand   	ab
cross iterater19
bad   	rand   	bad   	success		6313.53   7695.64   19      60777.0  ms cross
rand   	ab
cross iterater20
ab
ab6	4
fail		6179.01   8087.22   19      62306.0  ms
fail		5924.12   7918.64   19      62914.0  ms
cross iterater21
ab
ab6	1
fail		6179.01   8087.22   19      63647.0  ms
fail		6313.53   8021.89   19      64256.0  ms
cross iterater22
bad   	success		5692.44   8037.05   19      64256.0  ms cross
rand   	bad   	success		6425.78   8118.25   19      64927.0  ms cross
rand   	ab
ab6	3
ab7	0
cross iterater23
bad   	rand   	bad   	success		6118.48   8097.51   19      66892.0  ms cross
rand   	ab
ab7	5
ab6	3
fail		5692.44   7680.83   19      68296.0  ms
cross iterater24
bad   	success		5866.30   7806.12   19      68296.0  ms cross
rand   	bad   	success		6302.75   7981.34   19      68873.0  ms cross
rand   	ab
ab7	4
ab6	0
fail		5866.30   7891.09   19      70137.0  ms
fail		5981.46   7876.08   19      70886.0  ms
fail		6090.79   8223.60   19      71494.0  ms
cross iterater25
bad   	rand   	bad   	rand   	ab
ab6	4
cross iterater26
bad   	success		5645.53   7599.39   19      74130.0  ms cross
rand   	bad   	rand   	ab
ab6	4
fail		6269.73   8270.46   19      76517.0  ms
fail		6179.00   8141.51   19      77032.0  ms
fail		5645.53   7692.22   19      77672.0  ms
cross iterater27
bad   	success		6501.89   7457.12   19      77718.0  ms cross
rand   	bad   	success		6059.39   8300.68   19      78420.0  ms cross
rand   	ab
ab7	1
fail		6179.00   8141.51   19      80027.0  ms
cross iterater28
bad   	rand   	bad   	success		6425.32   8234.85   19      82196.0  ms cross
rand   	ab
ab7	1
cross iterater29
ab
ab7	0
fail		5897.69   7849.41   19      84239.0  ms
fail		6179.00   8141.51   19      85097.0  ms
cross iterater30
ab
ab6	2
ab7	4
fail		6089.63   8014.15   19      86049.0  ms
cross iterater31
bad   	success		6054.04   7915.27   19      86049.0  ms cross
rand   	bad   	success		5779.11   7515.13   19      86642.0  ms cross
rand   	ab
ab6	2
cross iterater32
bad   	success		6250.45   8340.07   19      87297.0  ms cross
rand   	bad   	success		6287.90   7674.36   19      88514.0  ms cross
rand   	ab
ab6	1
fail		6200.59   8161.35   19      89761.0  ms
fail		6336.37   8165.65   19      90323.0  ms
cross iterater33
bad   	success		5750.77   7690.64   19      90323.0  ms cross
rand   	bad   	success		6795.06   8211.32   19      91384.0  ms cross
rand   	ab
ab6	4
ab7	2
fail		6363.22   8228.51   19      93037.0  ms
fail		6246.85   8543.91   19      94301.0  ms
cross iterater34
bad   	success		6423.29   7690.22   19      94301.0  ms cross
rand   	bad   	rand   	ab
ab7	2
ab6	1
fail		5750.77   7835.28   19      98341.0  ms
cross iterater35
ab
cross iterater36
bad   	success		6065.40   7373.90   19      98357.0  ms cross
rand   	bad   	rand   	success		6314.75   7190.83   19      100744.0 ms cross
ab
cross iterater37
ab
fail		6414.17   8137.54   19      101524.0 ms
fail		6314.75   7950.18   19      102522.0 ms
cross iterater38
bad   	rand   	bad   	success		6206.78   7613.55   19      105049.0 ms cross
rand   	ab
ab6	4
fail		6409.08   8321.02   19      107186.0 ms
cross iterater39
bad   	success		6176.78   8315.24   19      107186.0 ms cross
rand   	bad   	success		6207.00   8016.97   19      108247.0 ms cross
rand   	ab
ab7	2
fail		6065.40   7521.82   19      110509.0 ms
cross iterater40
ab
ab6	4
cross iterater41
bad   	success		6243.05   8305.89   19      111211.0 ms cross
rand   	bad   	success		5918.45   7509.79   19      112194.0 ms cross
rand   	ab
ab6	2
fail		6222.12   8058.45   19      113645.0 ms
fail		6336.43   8527.64   19      114238.0 ms
fail		6065.40   7521.82   19      114940.0 ms
cross iterater42
bad   	success		6410.10   7779.71   19      115252.0 ms cross
rand   	bad   	success		6287.93   7783.10   19      115876.0 ms cross
rand   	ab
ab6	5
ab7	2
fail		6472.57   8181.52   19      117295.0 ms
cross iterater43
ab
ab6	5
fail		6222.12   8058.45   19      118340.0 ms
cross iterater44
ab
ab6	2
fail		6255.78   7905.36   19      118918.0 ms
cross iterater45
bad   	rand   	success		6396.29   8254.06   19      119932.0 ms cross
bad   	rand   	success		6360.50   7937.02   19      120587.0 ms cross
ab
ab6	3
ab7	4
fail		6096.42   7904.54   19      121975.0 ms
fail		5930.65   7855.95   19      122958.0 ms
cross iterater46
bad   	success		6127.56   7958.18   19      122958.0 ms cross
rand   	bad   	success		6041.83   7624.83   19      123941.0 ms cross
rand   	ab
ab6	4
ab7	0
fail		6096.42   7904.54   19      126140.0 ms
fail		6066.81   7693.13   19      127092.0 ms
fail		6362.67   8174.67   19      128106.0 ms
cross iterater47
bad   	rand   	bad   	success		5929.74   7873.30   19      130009.0 ms cross
rand   	ab
ab7	1
ab6	2
fail		6066.81   7693.13   19      131881.0 ms
cross iterater48
bad   	success		5837.59   7846.76   19      131897.0 ms cross
rand   	bad   	rand   	ab
ab7	0
fail		6066.81   7693.13   19      136280.0 ms
fail		5930.65   7855.95   19      137372.0 ms
cross iterater49
bad   	success		6104.85   7832.86   19      137372.0 ms cross
rand   	bad   	rand   	ab
ab6	1
cross iterater50
bad   	success		6628.18   8299.73   19      141225.0 ms cross
rand   	bad   	rand   	ab
ab6	4
ab7	5
fail		5926.68   7815.62   19      145968.0 ms
cross iterater51
bad   	success		6484.16   7919.02   19      145968.0 ms cross
rand   	bad   	success		6107.91   7823.24   19      147184.0 ms cross
rand   	ab
ab6	2
ab7	4
fail		6066.81   7693.13   19      149540.0 ms
cross iterater52
bad   	rand   	bad   	rand   	success		6311.51   7340.17   19      152348.0 ms cross
ab
ab6	3
fail		6514.17   8281.10   19      153393.0 ms
fail		6311.51   7981.28   19      154423.0 ms
cross iterater53
bad   	rand   	bad   	success		6046.31   7472.32   19      156295.0 ms cross
rand   	ab
ab6	0
cross iterater54
bad   	success		6524.38   8489.37   19      157324.0 ms cross
rand   	bad   	success		6554.90   8461.02   19      158369.0 ms cross
rand   	ab
ab6	2
ab7	3
fail		6441.24   8333.43   19      160725.0 ms
fail		6481.53   8195.07   19      161786.0 ms
cross iterater55
bad   	success		6025.32   7572.69   19      161786.0 ms cross
rand   	bad   	success		6219.57   7796.53   19      162893.0 ms cross
rand   	ab
ab7	0
fail		6431.15   8059.64   19      164797.0 ms
cross iterater56
bad   	success		6013.76   7577.26   19      164797.0 ms cross
rand   	bad   	success		6284.01   7809.26   19      166123.0 ms cross
rand   	ab
ab7	3
fail		6013.76   7582.47   19      168072.0 ms
cross iterater57
bad   	success		6127.29   7214.97   19      168072.0 ms cross
rand   	bad   	success		6018.30   7928.29   19      169164.0 ms cross
rand   	ab
ab7	0
fail		6429.66   7938.01   19      171458.0 ms
cross iterater58
bad   	success		6366.11   7826.05   19      171458.0 ms cross
rand   	bad   	rand   	ab
ab6	4
ab7	0
fail		6429.66   7938.01   19      175607.0 ms
fail		6444.55   8184.75   19      176559.0 ms
fail		6127.29   7449.40   19      177542.0 ms
cross iterater59
bad   	success		6467.08   8100.36   19      177807.0 ms cross
rand   	bad   	success		6379.31   8799.57   19      179117.0 ms cross
rand   	ab
ab7	4
ab6	2
fail		6521.54   8149.23   19      181192.0 ms
cross iterater60
bad   	success		6454.67   7920.20   19      181192.0 ms cross
rand   	bad   	rand   	ab
ab7	0
fail		6270.42   7852.78   19      185591.0 ms
fail		6392.45   7915.24   19      186777.0 ms
cross iterater61
ab
ab6	4
ab7	2
fail		6209.87   7792.83   19      187650.0 ms
cross iterater62
bad   	rand   	bad   	success		6097.23   7759.87   19      189756.0 ms cross
rand   	ab
ab6	2
fail		6182.64   8102.93   19      192003.0 ms
cross iterater63
ab
ab6	1
fail		6219.57   7850.05   19      193079.0 ms
cross iterater64
bad   	rand   	bad   	rand   	ab
ab6	4
ab7	3
fail		6359.74   7673.89   19      198430.0 ms
cross iterater65
bad   	success		6179.58   7545.25   19      198430.0 ms cross
rand   	bad   	rand   	ab
ab7	4
fail		6611.11   8183.92   19      202298.0 ms
cross iterater66
bad   	success		6356.01   8177.85   19      202298.0 ms cross
rand   	bad   	success		6284.27   7649.57   19      203328.0 ms cross
rand   	ab
ab6	1
fail		6209.87   7792.83   19      205340.0 ms
cross iterater67
bad   	rand   	bad   	rand   	ab
ab6	1
cross iterater68
ab
cross iterater69
bad   	success		5917.88   7546.82   19      208492.0 ms cross
rand   	bad   	success		6088.08   7879.65   19      209537.0 ms cross
rand   	ab
ab6	0
fail		5917.88   7676.26   19      211924.0 ms
cross iterater70
bad   	rand   	bad   	rand   	ab
ab6	3
fail		6319.41   8056.76   19      217134.0 ms
cross iterater71
bad   	rand   	bad   	success		6112.76   7542.43   19      219271.0 ms cross
rand   	ab
ab6	1
fail		6392.62   8041.03   19      221486.0 ms
fail		5917.88   7676.26   19      222407.0 ms
cross iterater72
ab
ab6	3
fail		6112.76   7651.20   19      223452.0 ms
cross iterater73
bad   	success		6318.75   7856.14   19      223467.0 ms cross
rand   	bad   	rand   	ab
ab6	3
ab7	5
fail		6540.06   8034.71   19      227274.0 ms
cross iterater74
ab
ab6	5
cross iterater75
bad   	success		5828.91   7733.16   19      227274.0 ms cross
rand   	bad   	success		6519.56   8201.68   19      228366.0 ms cross
rand   	ab
ab6	0
fail		5828.91   7741.63   19      230581.0 ms
fail		6209.87   7792.83   19      231657.0 ms
fail		6450.30   8117.02   19      232609.0 ms
cross iterater76
ab
ab7	3
fail		6162.79   7888.47   19      233748.0 ms
fail		6112.76   7651.20   19      234777.0 ms
fail		6275.33   8245.02   19      235978.0 ms
cross iterater77
bad   	success		5948.51   7878.45   19      235978.0 ms cross
rand   	bad   	success		6361.41   7943.74   19      236914.0 ms cross
rand   	ab
ab6	1
ab7	5
fail		6414.15   8121.02   19      239020.0 ms
cross iterater78
bad   	rand   	bad   	success		6337.00   7854.78   19      240846.0 ms cross
rand   	ab
ab6	5
fail		6209.87   7792.83   19      242827.0 ms
cross iterater79
bad   	success		6183.28   7755.44   19      242827.0 ms cross
rand   	bad   	success		6042.99   7496.29   19      243747.0 ms cross
rand   	ab
ab6	1
cross iterater80
bad   	success		6430.13   7937.51   19      244870.0 ms cross
rand   	bad   	rand   	success		5885.52   7509.38   19      246836.0 ms cross
ab
ab6	0
fail		6354.49   8254.58   19      247881.0 ms
cross iterater81
bad   	rand   	bad   	success		5858.73   7632.59   19      249956.0 ms cross
rand   	ab
ab7	0
fail		6470.11   7780.98   19      252530.0 ms
fail		5858.73   7644.86   19      253528.0 ms
fail		6072.86   7765.34   19      254683.0 ms
cross iterater82
ab
ab7	2
fail		6391.33   8150.98   19      255385.0 ms
fail		5858.73   7644.86   19      256492.0 ms
fail		6042.99   7624.63   19      257678.0 ms
fail		6072.86   7765.34   19      258629.0 ms
cross iterater83
bad   	success		6225.97   7388.54   19      258629.0 ms cross
rand   	bad   	success		6507.81   7644.41   19      259768.0 ms cross
rand   	ab
ab6	1
fail		6657.58   8076.11   19      262077.0 ms
fail		6527.76   8024.12   19      263091.0 ms
fail		6225.97   7600.78   19      264074.0 ms
cross iterater84
bad   	success		6401.93   7763.22   19      264105.0 ms cross
rand   	bad   	success		6641.52   7795.41   19      265088.0 ms cross
rand   	ab
ab7	1
fail		6527.76   8024.12   19      267334.0 ms
cross iterater85
bad   	success		5850.32   7347.61   19      267334.0 ms cross
rand   	bad   	success		6363.68   7870.78   19      268473.0 ms cross
rand   	ab
ab7	0
fail		6072.86   7765.34   19      270548.0 ms
cross iterater86
bad   	success		6138.39   7683.48   19      270548.0 ms cross
rand   	bad   	rand   	ab
fail		5850.32   7519.14   19      273995.0 ms
fail		6226.75   7606.11   19      274682.0 ms
cross iterater87
bad   	success		5897.79   7507.66   19      274682.0 ms cross
rand   	bad   	rand   	ab
fail		5897.79   7573.24   19      278363.0 ms
fail		6160.93   7630.54   19      279299.0 ms
cross iterater88
bad   	success		6510.47   7934.02   19      279689.0 ms cross
rand   	bad   	success		6315.37   7533.80   19      280391.0 ms cross
rand   	ab
ab6	5
fail		6330.05   8139.32   19      281811.0 ms
cross iterater89
bad   	rand   	bad   	success		6173.45   7537.38   19      283807.0 ms cross
rand   	ab
ab6	1
fail		6315.37   7628.89   19      286210.0 ms
fail		6173.45   7630.54   19      287364.0 ms
cross iterater90
bad   	success		6399.78   7751.31   19      287380.0 ms cross
rand   	bad   	success		6194.94   7769.39   19      288347.0 ms cross
rand   	ab
ab6	5
ab7	2
fail		6173.45   7630.54   19      290313.0 ms
cross iterater91
bad   	rand   	success		6393.29   7611.78   19      291420.0 ms cross
bad   	success		6650.36   7713.82   19      291420.0 ms cross
rand   	ab
ab6	1
fail		6393.29   7744.55   19      293620.0 ms
fail		5897.79   7573.24   19      294821.0 ms
cross iterater92
bad   	rand   	bad   	success		6403.34   7585.11   19      296942.0 ms cross
rand   	ab
ab6	5
ab7	2
fail		6411.19   7817.94   19      299017.0 ms
cross iterater93
bad   	success		6193.21   7935.12   19      299033.0 ms cross
rand   	bad   	success		6714.93   7767.96   19      300172.0 ms cross
rand   	ab
ab6	1
ab7	5
fail		6758.89   8377.32   19      302262.0 ms
cross iterater94
bad   	success		6903.13   7522.14   19      302278.0 ms cross
rand   	bad   	success		6303.89   7486.44   19      303401.0 ms cross
rand   	ab
ab6	1
ab7	5
fail		6714.16   8124.27   19      305569.0 ms
cross iterater95
bad   	rand   	success		6302.63   7954.83   19      306536.0 ms cross
bad   	success		6316.60   7477.04   19      306536.0 ms cross
rand   	ab
ab6	0
ab7	5
cross iterater96
ab
ab6	2
cross iterater97
bad   	success		5818.64   7621.92   19      307831.0 ms cross
rand   	bad   	rand   	ab
ab6	3
ab7	1
cross iterater98
ab
fail		6336.46   7970.13   19      312480.0 ms
cross iterater99
bad   	success		5987.53   7747.96   19      312495.0 ms cross
rand   	bad   	success		6085.77   7513.94   19      313431.0 ms cross
rand   	ab
ab6	3
ab7	2
fail		6776.19   8297.82   19      315459.0 ms

R.size:19

1		4	85	53	151	112	101	17	30	
2		153	103	3	136	195	92	76	141	203	175	
3		140	54	205	88	89	166	129	204	91	116	26	62	63	206	
4		47	162	20	159	46	135	138	93	120	149	39	48	
5		42	197	5	87	144	123	60	97	64	2	
6		100	37	9	12	143	59	173	21	19	170	77	146	
7		131	156	183	7	68	190	198	22	102	34	
8		57	147	133	16	119	98	72	161	41	158	
9		165	45	32	38	23	117	114	55	108	194	95	83	201	148	
10		28	14	43	180	15	27	79	96	
11		155	99	94	52	74	50	67	121	
12		152	169	184	18	111	145	80	167	126	70	24	179	
13		163	202	6	49	132	171	78	130	150	110	178	187	
14		84	199	118	69	176	134	58	137	115	11	105	71	127	113	
15		177	128	168	65	189	86	157	107	81	66	
16		172	181	35	164	104	25	10	186	73	193	122	185	
17		142	182	40	61	51	106	36	124	
18		31	56	188	29	139	192	160	125	33	82	154	109	
19		200	196	44	90	13	8	1	75	191	174	

data1/pdp200/LRC1_2_2.txt
total_cost 5645.533637

