success		1       0       1       66      1       0       64747.88  100     0.0      ms
success		1       1       1       98      1       0       64663.04  99      0.0      ms
success		1       2       1       81      1       0       64490.07  98      0.0      ms
success		1       3       1       69      1       0       63946.54  97      0.0      ms
success		1       4       1       71      1       0       63770.35  96      16.0     ms
success		1       5       1       43      1       0       63646.62  95      16.0     ms
success		1       6       1       86      1       0       63677.74  94      16.0     ms
success		1       7       1       82      1       0       62868.47  93      16.0     ms
success		1       8       1       37      1       0       62736.02  92      16.0     ms
success		1       9       1       87      1       0       62177.08  91      16.0     ms
success		1       10      1       25      1       0       62173.68  90      16.0     ms
success		1       11      1       34      1       0       61235.24  89      16.0     ms
success		1       12      1       61      1       0       59893.93  88      16.0     ms
success		1       13      2       24      2       0       60032.88  87      16.0     ms
success		1       14      1       25      1       0       59903.42  86      16.0     ms
success		1       15      1       2       1       0       59779.15  85      16.0     ms
success		1       16      1       5       1       0       58606.57  84      16.0     ms
success		1       17      1       39      1       0       58438.18  83      16.0     ms
success		1       18      1       60      1       0       57264.74  82      16.0     ms
success		1       19      1       27      1       0       57320.98  81      16.0     ms
success		1       20      1       28      1       0       56480.97  80      16.0     ms
success		1       21      1       39      1       0       56636.92  79      16.0     ms
success		1       22      2       0       2       0       56867.47  78      16.0     ms
success		1       23      2       38      2       0       56548.36  77      16.0     ms
success		1       24      1       22      1       0       56543.59  76      16.0     ms
success		1       25      1       13      1       0       56330.91  75      16.0     ms
success		1       26      1       61      1       0       55938.31  74      16.0     ms
success		1       27      1       49      1       0       55519.46  73      16.0     ms
success		1       28      1       52      1       0       54671.14  72      16.0     ms
success		1       29      2       22      2       0       55605.57  71      16.0     ms
success		1       30      1       53      1       0       55683.19  70      16.0     ms
success		1       31      1       47      1       0       55553.48  69      16.0     ms
success		1       32      2       67      2       0       55436.04  68      16.0     ms
success		1       33      3       53      3       0       55578.71  67      16.0     ms
success		1       34      1       37      1       0       55292.41  66      16.0     ms
success		1       35      1       51      1       0       53910.50  65      16.0     ms
success		1       36      1       27      1       0       52874.78  64      16.0     ms
success		1       37      1       36      1       0       52236.02  63      16.0     ms
success		1       38      1       37      1       0       52099.71  62      16.0     ms
success		1       39      2       26      2       0       51775.56  61      16.0     ms
success		1       40      2       42      2       0       50619.45  60      16.0     ms
success		1       41      3       46      3       0       49626.66  59      16.0     ms
success		1       42      1       9       1       0       48354.29  58      16.0     ms
success		1       43      1       10      1       0       48348.71  57      16.0     ms
success		1       44      1       0       1       0       48140.07  56      16.0     ms
success		1       45      1       51      1       0       48037.17  55      16.0     ms
success		1       46      3       17      3       0       47533.21  54      16.0     ms
success		1       47      1       22      1       0       47039.34  53      16.0     ms
success		1       48      2       44      2       0       45891.25  52      16.0     ms
success		1       49      1       43      1       0       45698.60  51      16.0     ms
success		1       50      3       28      3       0       45016.10  50      16.0     ms
success		1       51      5       13      5       0       45499.96  49      16.0     ms
success		1       52      4       33      4       0       44573.21  48      16.0     ms
success		1       53      1       27      1       0       44618.56  47      16.0     ms
success		1       54      3       2       3       0       43578.82  46      16.0     ms
success		1       55      4       18      4       0       42423.94  45      16.0     ms
success		1       56      4       30      4       0       42822.57  44      16.0     ms
success		1       57      3       27      3       0       42340.42  43      16.0     ms
success		1       58      1       41      1       0       42310.22  42      16.0     ms
success		1       59      1       6       1       0       40696.14  41      16.0     ms
success		1       60      2       2       2       0       40266.89  40      16.0     ms
success		1       61      2       25      2       0       39605.11  39      16.0     ms
success		1       62      1       16      1       0       39058.72  38      16.0     ms
success		1       63      2       9       2       0       38392.62  37      16.0     ms
success		1       64      2       4       2       0       37738.59  36      16.0     ms
success		1       65      3       14      3       0       36945.41  35      16.0     ms
success		1       66      4       9       4       0       35988.02  34      16.0     ms
success		1       67      3       28      3       0       35347.59  33      16.0     ms
success		1       68      1       5       1       0       34945.58  32      16.0     ms
success		1       69      3       18      3       0       36016.83  31      16.0     ms
success		1       70      5       11      5       0       35706.29  30      16.0     ms
success		1       71      3       17      3       0       35486.21  29      16.0     ms
success		1       72      2       5       2       0       34375.85  28      16.0     ms
success		1       73      4       13      4       0       33024.22  27      16.0     ms
success		1       74      4       5       4       0       32231.26  26      16.0     ms
success		1       75      2       4       2       0       32212.28  25      16.0     ms
success		1       76      4       11      4       0       31370.42  24      16.0     ms
success		1       77      6       20      6       0       30092.33  23      31.0     ms
success		1       78      5       21      5       0       29465.03  22      31.0     ms
success		1       79      6       3       6       0       28696.98  21      31.0     ms
success		1       80      4       6       4       0       27623.50  20      31.0     ms
success		1       81      7       13      7       0       26603.94  19      31.0     ms
success		1       82      9       1       9       0       24812.32  18      31.0     ms
success		1       83      7       6       7       0       22892.33  17      31.0     ms
success		1       84      8       5       8       0       22042.09  16      31.0     ms
success		1       85      10      1       10      0       21045.52  15      31.0     ms
success		1       86      9       5       9       0       19566.91  14      31.0     ms
success		1       87      9       5       9       0       18899.84  13      31.0     ms
success		1       88      10      5       10      0       18518.35  12      31.0     ms
success		1       89      9       1       9       0       16938.77  11      31.0     ms
success		1       90      12      8       11      0       15488.49  10      31.0     ms
success		1       91      10      1       9       0       14061.13  9       47.0     ms
success		1       92      12      0       12      0       12473.50  8       47.0     ms
success		1       93      14      7       11      0       11377.25  7       94.0     ms
success		1       94      38      1       15      0       9344.08   6       234.0    ms
success		1       95      147     2       16      0       7692.48   5       2933.0   ms
success		1       0       1       27      1       0       79426.71  100     34882.0  ms
success		1       1       1       63      1       0       79354.34  99      34882.0  ms
success		1       2       1       82      1       0       78158.41  98      34882.0  ms
success		1       3       2       48      2       0       77756.39  97      34882.0  ms
success		1       4       1       59      1       0       77539.20  96      34882.0  ms
success		1       5       1       91      1       0       76045.57  95      34882.0  ms
success		1       6       2       38      2       0       75676.03  94      34882.0  ms
success		1       7       1       49      1       0       75481.78  93      34882.0  ms
success		1       8       1       32      1       0       75039.64  92      34882.0  ms
success		1       9       1       35      1       0       74318.57  91      34882.0  ms
success		1       10      1       87      1       0       74231.10  90      34882.0  ms
success		1       11      1       30      1       0       73793.81  89      34882.0  ms
success		1       12      1       9       1       0       73458.52  88      34882.0  ms
success		1       13      1       18      1       0       72514.73  87      34882.0  ms
success		1       14      1       7       1       0       71308.00  86      34882.0  ms
success		1       15      1       62      1       0       70314.83  85      34882.0  ms
success		1       16      1       44      1       0       69206.64  84      34882.0  ms
success		1       17      1       37      1       0       67266.52  83      34882.0  ms
success		1       18      1       8       1       0       67138.18  82      34882.0  ms
success		1       19      1       64      1       0       66526.57  81      34882.0  ms
success		1       20      1       37      1       0       66089.27  80      34882.0  ms
success		1       21      1       72      1       0       65997.52  79      34882.0  ms
success		1       22      1       58      1       0       65352.86  78      34882.0  ms
success		1       23      2       57      2       0       65171.42  77      34882.0  ms
success		1       24      1       9       1       0       63627.27  76      34882.0  ms
success		1       25      1       4       1       0       62026.38  75      34882.0  ms
success		1       26      1       9       1       0       61861.94  74      34882.0  ms
success		1       27      2       38      2       0       61590.93  73      34882.0  ms
success		1       28      2       5       2       0       59842.80  72      34882.0  ms
success		1       29      2       41      2       0       59363.62  71      34882.0  ms
success		1       30      2       58      2       0       57906.03  70      34882.0  ms
success		1       31      1       34      1       0       57775.37  69      34882.0  ms
success		1       32      1       10      1       0       57330.66  68      34882.0  ms
success		1       33      1       64      1       0       56760.10  67      34882.0  ms
success		1       34      1       14      1       0       56571.48  66      34882.0  ms
success		1       35      2       31      2       0       56094.11  65      34882.0  ms
success		1       36      1       34      1       0       55763.98  64      34882.0  ms
success		1       37      2       42      2       0       55740.60  63      34882.0  ms
success		1       38      4       36      4       0       54985.46  62      34882.0  ms
success		1       39      3       26      3       0       55369.95  61      34882.0  ms
success		1       40      1       56      1       0       55326.58  60      34882.0  ms
success		1       41      4       10      4       0       55034.93  59      34882.0  ms
success		1       42      1       3       1       0       54778.40  58      34882.0  ms
success		1       43      1       9       1       0       53567.41  57      34897.0  ms
success		1       44      2       36      2       0       53211.14  56      34897.0  ms
success		1       45      1       31      1       0       52705.20  55      34897.0  ms
success		1       46      2       5       2       0       50957.80  54      34897.0  ms
success		1       47      3       14      3       0       50224.09  53      34897.0  ms
success		1       48      3       13      3       0       49887.28  52      34897.0  ms
success		1       49      1       25      1       0       49241.13  51      34897.0  ms
success		1       50      2       12      2       0       48829.22  50      34897.0  ms
success		1       51      1       47      1       0       48376.81  49      34897.0  ms
success		1       52      4       38      4       0       47916.77  48      34897.0  ms
success		1       53      3       29      3       0       47463.09  47      34897.0  ms
success		1       54      1       1       1       0       46763.01  46      34897.0  ms
success		1       55      2       33      2       0       46005.32  45      34897.0  ms
success		1       56      3       6       3       0       45333.51  44      34897.0  ms
success		1       57      2       41      2       0       44911.98  43      34897.0  ms
success		1       58      2       9       2       0       44034.44  42      34897.0  ms
success		1       59      6       29      6       0       44360.13  41      34897.0  ms
success		1       60      1       39      1       0       44008.72  40      34897.0  ms
success		1       61      2       30      2       0       43352.62  39      34897.0  ms
success		1       62      4       23      4       0       42740.15  38      34897.0  ms
success		1       63      5       13      5       0       43067.87  37      34897.0  ms
success		1       64      4       7       4       0       42777.18  36      34897.0  ms
success		1       65      5       16      5       0       42009.90  35      34897.0  ms
success		1       66      1       23      1       0       40730.68  34      34897.0  ms
success		1       67      4       14      4       0       40527.33  33      34897.0  ms
success		1       68      2       16      2       0       39701.68  32      34897.0  ms
success		1       69      3       20      3       0       38776.12  31      34897.0  ms
success		1       70      4       0       4       0       38403.52  30      34897.0  ms
success		1       71      5       0       5       0       37103.60  29      34897.0  ms
success		1       72      4       22      4       0       35597.75  28      34897.0  ms
success		1       73      4       14      4       0       34812.72  27      34897.0  ms
success		1       74      4       15      4       0       33197.43  26      34897.0  ms
success		1       75      2       9       2       0       32032.99  25      34897.0  ms
success		1       76      6       2       6       0       30958.47  24      34897.0  ms
success		1       77      4       4       4       0       29974.44  23      34897.0  ms
success		1       78      7       14      7       0       28910.68  22      34897.0  ms
success		1       79      3       16      3       0       27222.81  21      34897.0  ms
success		1       80      4       15      4       0       25884.87  20      34897.0  ms
success		1       81      3       15      3       0       25432.37  19      34897.0  ms
success		1       82      5       1       5       0       24394.33  18      34897.0  ms
success		1       83      4       5       4       0       23404.29  17      34897.0  ms
success		1       84      1       9       1       0       22702.60  16      34897.0  ms
success		1       85      6       6       6       0       21481.83  15      34897.0  ms
success		1       86      5       12      5       0       19897.60  14      34897.0  ms
success		1       87      5       2       5       0       18516.79  13      34897.0  ms
success		1       88      4       0       4       0       17312.95  12      34897.0  ms
success		1       89      5       5       5       0       16092.97  11      34897.0  ms
success		1       90      8       6       7       0       15071.31  10      34897.0  ms
success		1       91      11      9       11      0       13393.00  9       34897.0  ms
success		1       92      15      6       12      0       12137.29  8       34913.0  ms
success		1       93      19      2       14      0       11640.63  7       34944.0  ms
success		1       94      34      3       14      0       9756.32   6       35162.0  ms
success		1       95      72      3       18      0       8038.30   5       35833.0  ms
success		1       0       1       92      1       0       79479.99  100     74490.0  ms
success		1       1       1       65      1       0       77775.94  99      74490.0  ms
success		1       2       1       69      1       0       76901.65  98      74490.0  ms
success		1       3       1       40      1       0       76073.98  97      74490.0  ms
success		1       4       1       11      1       0       75297.50  96      74490.0  ms
success		1       5       1       48      1       0       75129.87  95      74490.0  ms
success		1       6       1       38      1       0       74855.04  94      74490.0  ms
success		1       7       1       16      1       0       74434.15  93      74490.0  ms
success		1       8       1       77      1       0       73305.60  92      74490.0  ms
success		1       9       1       35      1       0       72924.36  91      74490.0  ms
success		1       10      1       56      1       0       72466.81  90      74490.0  ms
success		1       11      1       69      1       0       71337.24  89      74490.0  ms
success		1       12      1       18      1       0       70829.75  88      74490.0  ms
success		1       13      2       80      2       0       70334.61  87      74490.0  ms
success		1       14      2       69      2       0       70162.55  86      74490.0  ms
success		1       15      1       28      1       0       69171.81  85      74490.0  ms
success		1       16      1       77      1       0       68984.02  84      74490.0  ms
success		1       17      1       28      1       0       68576.43  83      74490.0  ms
success		1       18      1       80      1       0       68096.36  82      74490.0  ms
success		1       19      1       15      1       0       67398.25  81      74490.0  ms
success		1       20      1       31      1       0       66520.07  80      74490.0  ms
success		1       21      1       39      1       0       66448.49  79      74490.0  ms
success		1       22      1       0       1       0       66316.84  78      74490.0  ms
success		1       23      2       28      2       0       65915.11  77      74490.0  ms
success		1       24      1       50      1       0       64909.26  76      74490.0  ms
success		1       25      1       61      1       0       64078.12  75      74490.0  ms
success		1       26      2       63      2       0       63662.19  74      74490.0  ms
success		1       27      1       24      1       0       63350.18  73      74490.0  ms
success		1       28      1       66      1       0       62919.75  72      74490.0  ms
success		1       29      1       24      1       0       61268.07  71      74490.0  ms
success		1       30      2       42      2       0       60081.24  70      74490.0  ms
success		1       31      1       20      1       0       58613.97  69      74490.0  ms
success		1       32      1       9       1       0       58598.56  68      74490.0  ms
success		1       33      1       5       1       0       57883.71  67      74490.0  ms
success		1       34      2       45      2       0       57489.63  66      74490.0  ms
success		1       35      2       20      2       0       57460.94  65      74490.0  ms
success		1       36      2       11      2       0       57313.14  64      74490.0  ms
success		1       37      4       29      4       0       56559.99  63      74490.0  ms
success		1       38      1       33      1       0       55661.09  62      74490.0  ms
success		1       39      1       23      1       0       55369.87  61      74490.0  ms
success		1       40      3       38      3       0       54642.08  60      74490.0  ms
success		1       41      1       24      1       0       54490.07  59      74490.0  ms
success		1       42      2       53      2       0       54125.45  58      74490.0  ms
success		1       43      1       13      1       0       53714.11  57      74490.0  ms
success		1       44      2       39      2       0       52443.79  56      74490.0  ms
success		1       45      3       1       3       0       52118.23  55      74490.0  ms
success		1       46      1       12      1       0       51646.21  54      74490.0  ms
success		1       47      2       4       2       0       51378.14  53      74490.0  ms
success		1       48      1       16      1       0       50795.43  52      74490.0  ms
success		1       49      2       32      2       0       50511.08  51      74490.0  ms
success		1       50      1       7       1       0       50278.16  50      74490.0  ms
success		1       51      1       10      1       0       49683.00  49      74490.0  ms
success		1       52      1       35      1       0       49647.45  48      74490.0  ms
success		1       53      2       15      2       0       47943.47  47      74490.0  ms
success		1       54      1       15      1       0       46514.66  46      74490.0  ms
success		1       55      1       29      1       0       44758.99  45      74490.0  ms
success		1       56      2       32      2       0       44847.03  44      74490.0  ms
success		1       57      1       10      1       0       43683.19  43      74490.0  ms
success		1       58      1       28      1       0       43238.63  42      74490.0  ms
success		1       59      2       32      2       0       42585.66  41      74490.0  ms
success		1       60      1       0       1       0       41897.86  40      74490.0  ms
success		1       61      2       21      2       0       41548.34  39      74490.0  ms
success		1       62      2       38      2       0       40657.71  38      74490.0  ms
success		1       63      2       35      2       0       40356.88  37      74490.0  ms
success		1       64      2       8       2       0       39672.67  36      74505.0  ms
success		1       65      1       29      1       0       38623.02  35      74505.0  ms
success		1       66      3       21      3       0       37487.41  34      74505.0  ms
success		1       67      3       31      3       0       36719.46  33      74505.0  ms
success		1       68      3       0       3       0       35659.02  32      74505.0  ms
success		1       69      3       11      3       0       34581.84  31      74505.0  ms
success		1       70      2       24      2       0       33918.46  30      74505.0  ms
success		1       71      6       7       6       0       33766.06  29      74505.0  ms
success		1       72      3       17      3       0       33144.54  28      74505.0  ms
success		1       73      5       26      5       0       32587.78  27      74505.0  ms
success		1       74      6       16      6       0       31987.56  26      74505.0  ms
success		1       75      2       4       2       0       30880.61  25      74505.0  ms
success		1       76      5       16      5       0       29311.56  24      74505.0  ms
success		1       77      7       6       7       0       28330.85  23      74505.0  ms
success		1       78      4       7       4       0       26912.62  22      74505.0  ms
success		1       79      3       21      3       0       25568.30  21      74505.0  ms
success		1       80      4       9       4       0       24857.74  20      74505.0  ms
success		1       81      3       5       3       0       24629.18  19      74505.0  ms
success		1       82      6       9       6       0       23205.39  18      74505.0  ms
success		1       83      10      5       10      0       22068.56  17      74505.0  ms
success		1       84      3       16      3       0       21284.94  16      74505.0  ms
success		1       85      4       1       4       0       19863.36  15      74505.0  ms
success		1       86      6       7       6       0       18813.27  14      74505.0  ms
success		1       87      8       2       8       0       18245.59  13      74505.0  ms
success		1       88      9       1       9       0       17835.90  12      74505.0  ms
success		1       89      7       6       7       0       16258.75  11      74505.0  ms
success		1       90      12      3       12      0       14859.96  10      74505.0  ms
success		1       91      12      1       8       0       14481.53  9       74505.0  ms
success		1       92      18      8       15      0       11384.34  8       74521.0  ms
success		1       93      20      3       11      0       11385.78  7       74599.0  ms
success		1       94      27      1       12      0       9445.62   6       74739.0  ms
success		1       95      205     2       17      0       8050.32   5       77797.0  ms
success		1       0       1       42      1       0       79271.30  100     108607.0 ms
success		1       1       1       27      1       0       78746.07  99      108607.0 ms
success		1       2       1       85      1       0       77514.23  98      108607.0 ms
success		1       3       1       76      1       0       77326.61  97      108607.0 ms
success		1       4       1       28      1       0       77110.61  96      108607.0 ms
success		1       5       1       0       1       0       76827.98  95      108607.0 ms
success		1       6       1       66      1       0       76423.56  94      108607.0 ms
success		1       7       1       62      1       0       75495.33  93      108607.0 ms
success		1       8       2       76      2       0       75019.62  92      108607.0 ms
success		1       9       1       51      1       0       74418.46  91      108607.0 ms
success		1       10      1       7       1       0       74138.48  90      108607.0 ms
success		1       11      1       79      1       0       74031.23  89      108607.0 ms
success		1       12      1       81      1       0       73752.84  88      108607.0 ms
success		1       13      1       23      1       0       72598.33  87      108607.0 ms
success		1       14      1       43      1       0       72610.07  86      108607.0 ms
success		1       15      1       57      1       0       71412.80  85      108607.0 ms
success		1       16      1       18      1       0       70035.96  84      108607.0 ms
success		1       17      1       11      1       0       69931.55  83      108607.0 ms
success		1       18      1       69      1       0       69560.41  82      108607.0 ms
success		1       19      1       61      1       0       68891.96  81      108607.0 ms
success		1       20      1       79      1       0       68272.87  80      108607.0 ms
success		1       21      1       29      1       0       66528.87  79      108607.0 ms
success		1       22      1       52      1       0       65864.77  78      108607.0 ms
success		1       23      2       18      2       0       65873.11  77      108607.0 ms
success		1       24      1       32      1       0       65414.02  76      108607.0 ms
success		1       25      1       25      1       0       65055.97  75      108607.0 ms
success		1       26      1       61      1       0       64598.02  74      108607.0 ms
success		1       27      3       65      3       0       64224.72  73      108607.0 ms
success		1       28      1       26      1       0       63120.49  72      108607.0 ms
success		1       29      1       23      1       0       62527.55  71      108607.0 ms
success		1       30      1       42      1       0       62111.39  70      108607.0 ms
success		1       31      2       49      2       0       61268.10  69      108607.0 ms
success		1       32      3       21      3       0       61675.42  68      108607.0 ms
success		1       33      2       47      2       0       61355.67  67      108607.0 ms
success		1       34      1       33      1       0       60925.69  66      108607.0 ms
success		1       35      1       60      1       0       60678.24  65      108607.0 ms
success		1       36      1       23      1       0       59532.60  64      108607.0 ms
success		1       37      1       36      1       0       58708.95  63      108607.0 ms
success		1       38      2       16      2       0       57375.04  62      108607.0 ms
success		1       39      1       23      1       0       56811.84  61      108607.0 ms
success		1       40      3       30      3       0       56422.83  60      108607.0 ms
success		1       41      2       18      2       0       56170.00  59      108607.0 ms
success		1       42      1       37      1       0       55702.11  58      108607.0 ms
success		1       43      1       5       1       0       54551.96  57      108607.0 ms
success		1       44      2       26      2       0       52866.80  56      108607.0 ms
success		1       45      2       50      2       0       52812.97  55      108607.0 ms
success		1       46      1       3       1       0       51306.50  54      108607.0 ms
success		1       47      1       3       1       0       50823.14  53      108607.0 ms
success		1       48      1       30      1       0       49642.47  52      108607.0 ms
success		1       49      3       31      3       0       49568.73  51      108607.0 ms
success		1       50      2       38      2       0       49223.36  50      108607.0 ms
success		1       51      3       36      3       0       48618.13  49      108607.0 ms
success		1       52      5       28      5       0       48285.36  48      108607.0 ms
success		1       53      1       2       1       0       48132.45  47      108607.0 ms
success		1       54      2       31      2       0       47857.43  46      108607.0 ms
success		1       55      2       13      2       0       46763.14  45      108607.0 ms
success		1       56      2       44      2       0       46255.86  44      108607.0 ms
success		1       57      6       40      6       0       46258.65  43      108622.0 ms
success		1       58      3       26      3       0       45230.55  42      108622.0 ms
success		1       59      3       19      3       0       44070.57  41      108622.0 ms
success		1       60      3       19      3       0       42670.90  40      108622.0 ms
success		1       61      1       7       1       0       42366.88  39      108622.0 ms
success		1       62      4       32      4       0       42398.27  38      108622.0 ms
success		1       63      3       12      3       0       42089.49  37      108622.0 ms
success		1       64      1       18      1       0       40821.44  36      108622.0 ms
success		1       65      3       19      3       0       39736.92  35      108622.0 ms
success		1       66      2       2       2       0       38215.17  34      108622.0 ms
success		1       67      1       22      1       0       36517.17  33      108622.0 ms
success		1       68      1       27      1       0       34765.79  32      108622.0 ms
success		1       69      4       24      4       0       33041.39  31      108622.0 ms
success		1       70      5       18      5       0       32209.58  30      108622.0 ms
success		1       71      2       13      2       0       31517.66  29      108622.0 ms
success		1       72      1       23      1       0       31272.51  28      108622.0 ms
success		1       73      6       24      6       0       30207.67  27      108622.0 ms
success		1       74      4       9       4       0       29111.22  26      108622.0 ms
success		1       75      4       13      4       0       29398.48  25      108622.0 ms
success		1       76      5       11      5       0       29179.44  24      108622.0 ms
success		1       77      1       15      1       0       28761.53  23      108622.0 ms
success		1       78      2       16      2       0       28487.85  22      108622.0 ms
success		1       79      5       20      5       0       27345.45  21      108622.0 ms
success		1       80      6       10      6       0       26205.61  20      108622.0 ms
success		1       81      5       1       5       0       25483.95  19      108622.0 ms
success		1       82      4       6       4       0       24672.90  18      108622.0 ms
success		1       83      7       2       7       0       23467.92  17      108622.0 ms
success		1       84      4       11      4       0       22494.82  16      108622.0 ms
success		1       85      3       5       3       0       20597.14  15      108622.0 ms
success		1       86      5       4       5       0       20033.68  14      108622.0 ms
success		1       87      10      4       10      0       18556.84  13      108622.0 ms
success		1       88      10      12      10      0       17850.36  12      108622.0 ms
success		1       89      11      8       11      0       16855.71  11      108622.0 ms
success		1       90      9       0       8       0       15914.88  10      108622.0 ms
success		1       91      13      6       12      0       15416.02  9       108622.0 ms
success		1       92      11      8       11      0       13290.21  8       108622.0 ms
success		1       93      23      0       13      0       10933.62  7       108700.0 ms
success		1       94      21      2       13      0       9230.31   6       108763.0 ms
success		1       95      110     5       19      0       7645.37   5       109886.0 ms
success		1       0       1       8       1       0       79623.25  100     156810.0 ms
success		1       1       1       87      1       0       79034.22  99      156810.0 ms
success		1       2       1       24      1       0       78769.90  98      156810.0 ms
success		1       3       1       79      1       0       78253.95  97      156810.0 ms
success		1       4       1       36      1       0       77418.64  96      156810.0 ms
success		1       5       1       21      1       0       77154.75  95      156810.0 ms
success		1       6       1       61      1       0       75566.73  94      156810.0 ms
success		1       7       1       83      1       0       75411.74  93      156810.0 ms
success		1       8       1       7       1       0       74798.42  92      156810.0 ms
success		1       9       1       42      1       0       74348.35  91      156810.0 ms
success		1       10      1       4       1       0       73849.30  90      156810.0 ms
success		1       11      1       24      1       0       73456.75  89      156810.0 ms
success		1       12      1       9       1       0       72000.94  88      156810.0 ms
success		1       13      2       34      2       0       70572.16  87      156810.0 ms
success		1       14      1       22      1       0       70557.22  86      156810.0 ms
success		1       15      2       80      2       0       69844.87  85      156810.0 ms
success		1       16      2       78      2       0       69124.15  84      156810.0 ms
success		1       17      1       66      1       0       67600.81  83      156810.0 ms
success		1       18      1       73      1       0       67000.07  82      156810.0 ms
success		1       19      1       49      1       0       66240.27  81      156810.0 ms
success		1       20      1       57      1       0       65882.60  80      156810.0 ms
success		1       21      1       18      1       0       65675.96  79      156810.0 ms
success		1       22      2       6       2       0       65112.65  78      156810.0 ms
success		1       23      1       55      1       0       64479.19  77      156810.0 ms
success		1       24      2       45      2       0       63633.48  76      156810.0 ms
success		1       25      1       8       1       0       63436.72  75      156810.0 ms
success		1       26      1       42      1       0       62274.69  74      156810.0 ms
success		1       27      2       46      2       0       61066.69  73      156810.0 ms
success		1       28      1       70      1       0       60659.70  72      156810.0 ms
success		1       29      1       2       1       0       60392.45  71      156810.0 ms
success		1       30      2       29      2       0       58998.92  70      156810.0 ms
success		1       31      2       54      2       0       58966.95  69      156810.0 ms
success		1       32      1       0       1       0       58824.36  68      156810.0 ms
success		1       33      1       60      1       0       57499.61  67      156810.0 ms
success		1       34      1       3       1       0       55604.92  66      156810.0 ms
success		1       35      3       19      3       0       55386.59  65      156810.0 ms
success		1       36      1       36      1       0       54707.05  64      156810.0 ms
success		1       37      4       63      4       0       53569.11  63      156810.0 ms
success		1       38      3       26      3       0       52442.68  62      156810.0 ms
success		1       39      1       1       1       0       52328.30  61      156810.0 ms
success		1       40      1       10      1       0       51809.26  60      156810.0 ms
success		1       41      1       9       1       0       51095.99  59      156810.0 ms
success		1       42      2       39      2       0       50780.33  58      156810.0 ms
success		1       43      1       45      1       0       50513.78  57      156810.0 ms
success		1       44      2       27      2       0       50031.98  56      156810.0 ms
success		1       45      2       46      2       0       49494.06  55      156810.0 ms
success		1       46      1       13      1       0       49077.45  54      156810.0 ms
success		1       47      1       41      1       0       48388.25  53      156810.0 ms
success		1       48      2       52      2       0       48781.95  52      156810.0 ms
success		1       49      2       6       2       0       48130.20  51      156810.0 ms
success		1       50      2       16      2       0       48160.43  50      156810.0 ms
success		1       51      2       18      2       0       46848.66  49      156810.0 ms
success		1       52      1       28      1       0       45287.21  48      156810.0 ms
success		1       53      3       7       3       0       45114.79  47      156810.0 ms
success		1       54      1       2       1       0       45085.23  46      156810.0 ms
success		1       55      1       41      1       0       44911.55  45      156810.0 ms
success		1       56      6       26      6       0       43750.43  44      156810.0 ms
success		1       57      1       37      1       0       42626.52  43      156810.0 ms
success		1       58      2       2       2       0       40692.76  42      156810.0 ms
success		1       59      5       12      5       0       39601.72  41      156810.0 ms
success		1       60      2       35      2       0       39175.77  40      156810.0 ms
success		1       61      1       9       1       0       38204.54  39      156810.0 ms
success		1       62      1       26      1       0       37230.72  38      156810.0 ms
success		1       63      4       16      4       0       36311.04  37      156810.0 ms
success		1       64      1       22      1       0       35791.03  36      156810.0 ms
success		1       65      2       20      2       0       34712.23  35      156810.0 ms
success		1       66      2       2       2       0       34320.25  34      156810.0 ms
success		1       67      3       28      3       0       32922.43  33      156826.0 ms
success		1       68      5       5       5       0       32081.09  32      156826.0 ms
success		1       69      5       6       5       0       30821.48  31      156826.0 ms
success		1       70      2       21      2       0       29334.03  30      156826.0 ms
success		1       71      7       20      7       0       30832.20  29      156826.0 ms
success		1       72      1       4       1       0       30478.07  28      156826.0 ms
success		1       73      5       19      5       0       30718.79  27      156826.0 ms
success		1       74      5       19      5       0       30550.79  26      156826.0 ms
success		1       75      5       23      5       0       29689.03  25      156826.0 ms
success		1       76      4       0       4       0       28861.79  24      156826.0 ms
success		1       77      3       2       3       0       28076.91  23      156826.0 ms
success		1       78      8       16      8       0       26661.50  22      156826.0 ms
success		1       79      5       1       5       0       26050.59  21      156826.0 ms
success		1       80      5       5       5       0       24174.34  20      156826.0 ms
success		1       81      7       17      7       0       23699.88  19      156826.0 ms
success		1       82      4       14      4       0       23292.00  18      156826.0 ms
success		1       83      3       10      3       0       22901.20  17      156826.0 ms
success		1       84      7       15      7       0       21419.38  16      156826.0 ms
success		1       85      8       10      8       0       20192.92  15      156826.0 ms
success		1       86      8       5       8       0       18724.22  14      156826.0 ms
success		1       87      11      9       11      0       17501.70  13      156826.0 ms
success		1       88      8       4       8       0       17019.04  12      156826.0 ms
success		1       89      9       10      9       0       16380.88  11      156826.0 ms
success		1       90      7       10      7       0       15623.19  10      156826.0 ms
success		1       91      9       6       8       0       14068.60  9       156826.0 ms
success		1       92      17      6       12      0       12493.10  8       156842.0 ms
success		1       93      15      5       11      0       11179.37  7       156857.0 ms
success		1       94      23      6       15      0       9553.37   6       156951.0 ms
success		1       95      38      1       15      0       7983.75   5       157356.0 ms
success		1       0       1       27      1       0       79441.49  100     177465.0 ms
success		1       1       1       31      1       0       79039.62  99      177465.0 ms
success		1       2       1       51      1       0       78241.83  98      177465.0 ms
success		1       3       1       52      1       0       78052.45  97      177465.0 ms
success		1       4       1       50      1       0       77732.25  96      177465.0 ms
success		1       5       1       32      1       0       76984.97  95      177465.0 ms
success		1       6       1       11      1       0       75632.20  94      177465.0 ms
success		1       7       1       61      1       0       75337.00  93      177465.0 ms
success		1       8       1       90      1       0       74759.94  92      177465.0 ms
success		1       9       1       14      1       0       74137.90  91      177465.0 ms
success		1       10      1       51      1       0       73647.51  90      177465.0 ms
success		1       11      1       88      1       0       73267.35  89      177465.0 ms
success		1       12      1       52      1       0       73028.04  88      177465.0 ms
success		1       13      1       67      1       0       71776.37  87      177465.0 ms
success		1       14      1       5       1       0       71442.96  86      177465.0 ms
success		1       15      2       85      2       0       70693.06  85      177465.0 ms
success		1       16      1       2       1       0       70324.89  84      177465.0 ms
success		1       17      1       1       1       0       69271.09  83      177465.0 ms
success		1       18      1       33      1       0       68857.36  82      177465.0 ms
success		1       19      1       75      1       0       68629.18  81      177465.0 ms
success		1       20      1       0       1       0       68346.08  80      177465.0 ms
success		1       21      2       21      2       0       67494.74  79      177465.0 ms
success		1       22      1       66      1       0       66658.70  78      177465.0 ms
success		1       23      1       54      1       0       65072.99  77      177465.0 ms
success		1       24      1       4       1       0       64793.90  76      177465.0 ms
success		1       25      1       51      1       0       64655.71  75      177465.0 ms
success		1       26      1       51      1       0       63759.24  74      177465.0 ms
success		1       27      4       53      4       0       64135.79  73      177465.0 ms
success		1       28      3       15      3       0       64017.73  72      177465.0 ms
success		1       29      2       17      2       0       63335.17  71      177465.0 ms
success		1       30      1       19      1       0       62115.37  70      177465.0 ms
success		1       31      3       11      3       0       62242.15  69      177465.0 ms
success		1       32      1       37      1       0       61008.79  68      177465.0 ms
success		1       33      1       0       1       0       60819.74  67      177465.0 ms
success		1       34      2       61      2       0       59797.67  66      177465.0 ms
success		1       35      1       7       1       0       59244.81  65      177465.0 ms
success		1       36      2       14      2       0       58660.84  64      177465.0 ms
success		1       37      2       55      2       0       59360.96  63      177465.0 ms
success		1       38      1       37      1       0       58960.15  62      177465.0 ms
success		1       39      2       43      2       0       58513.87  61      177465.0 ms
success		1       40      1       15      1       0       57226.84  60      177465.0 ms
success		1       41      2       1       2       0       56298.97  59      177465.0 ms
success		1       42      2       57      2       0       55046.19  58      177465.0 ms
success		1       43      2       41      2       0       53378.36  57      177465.0 ms
success		1       44      3       54      3       0       52837.85  56      177465.0 ms
success		1       45      3       4       3       0       52467.98  55      177465.0 ms
success		1       46      2       41      2       0       52294.37  54      177465.0 ms
success		1       47      2       13      2       0       52006.70  53      177465.0 ms
success		1       48      1       26      1       0       51967.86  52      177465.0 ms
success		1       49      3       1       3       0       51397.05  51      177465.0 ms
success		1       50      3       39      3       0       50306.28  50      177465.0 ms
success		1       51      1       49      1       0       50235.15  49      177465.0 ms
success		1       52      3       38      3       0       49245.57  48      177465.0 ms
success		1       53      1       34      1       0       48353.73  47      177465.0 ms
success		1       54      1       29      1       0       47827.14  46      177465.0 ms
success		1       55      1       32      1       0       46676.23  45      177465.0 ms
success		1       56      2       33      2       0       45171.12  44      177465.0 ms
success		1       57      3       29      3       0       44674.45  43      177465.0 ms
success		1       58      2       33      2       0       43841.01  42      177465.0 ms
success		1       59      1       39      1       0       43537.17  41      177465.0 ms
success		1       60      3       12      3       0       42705.15  40      177465.0 ms
success		1       61      5       4       5       0       42902.40  39      177465.0 ms
success		1       62      1       26      1       0       42220.85  38      177465.0 ms
success		1       63      2       33      2       0       40360.76  37      177465.0 ms
success		1       64      5       26      5       0       40920.21  36      177465.0 ms
success		1       65      3       6       3       0       39735.76  35      177465.0 ms
success		1       66      2       5       2       0       38643.54  34      177465.0 ms
success		1       67      5       16      5       0       38029.27  33      177465.0 ms
success		1       68      3       3       3       0       37859.87  32      177465.0 ms
success		1       69      4       19      4       0       36530.79  31      177465.0 ms
success		1       70      6       1       6       0       35657.47  30      177465.0 ms
success		1       71      2       10      2       0       35089.77  29      177465.0 ms
success		1       72      2       6       2       0       34630.26  28      177465.0 ms
success		1       73      3       27      3       0       33590.29  27      177465.0 ms
success		1       74      5       13      5       0       32412.22  26      177465.0 ms
success		1       75      6       19      6       0       31814.10  25      177480.0 ms
success		1       76      3       15      3       0       31436.68  24      177480.0 ms
success		1       77      3       15      3       0       30172.72  23      177480.0 ms
success		1       78      5       20      5       0       28768.50  22      177480.0 ms
success		1       79      3       2       3       0       27557.41  21      177480.0 ms
success		1       80      4       14      4       0       26767.62  20      177480.0 ms
success		1       81      3       5       3       0       25845.27  19      177480.0 ms
success		1       82      2       0       2       0       24294.10  18      177480.0 ms
success		1       83      5       16      5       0       23374.04  17      177480.0 ms
success		1       84      5       15      5       0       21737.63  16      177480.0 ms
success		1       85      4       8       4       0       20691.62  15      177480.0 ms
success		1       86      8       9       8       0       19604.37  14      177480.0 ms
success		1       87      8       12      8       0       17811.62  13      177480.0 ms
success		1       88      8       4       8       0       16241.29  12      177480.0 ms
success		1       89      8       3       8       0       14902.51  11      177480.0 ms
success		1       90      8       9       8       0       13734.30  10      177480.0 ms
success		1       91      7       1       5       0       14471.30  9       177480.0 ms
success		1       92      14      3       11      0       13182.36  8       177511.0 ms
success		1       93      23      5       18      0       10839.74  7       177527.0 ms
success		1       94      31      2       12      0       9514.87   6       177699.0 ms
success		1       95      52      5       17      0       8212.39   5       178260.0 ms
cross iterater0
bad   	success		6620.00   8152.38   5       206356.0 ms cross
rand   	bad   	success		6738.03   7952.67   5       232563.0 ms cross
rand   	ab
ab6	2
ab7	5
fail		6620.00   7933.01   5       291890.0 ms
fail		6619.37   7974.52   5       325616.0 ms
cross iterater1
bad   	success		6359.66   7744.59   5       327036.0 ms cross
rand   	bad   	success		6726.43   8025.54   5       366223.0 ms cross
rand   	ab
ab6	4
ab7	1
fail		6620.00   7933.01   5       435096.0 ms
fail		6610.70   7887.57   5       458339.0 ms
cross iterater2
ab
ab6	5
fail		6144.10   7806.31   5       479586.0 ms
cross iterater3
bad   	success		6763.68   7783.93   5       479586.0 ms cross
rand   	bad   	success		6478.52   7803.94   5       521113.0 ms cross
rand   	ab
ab6	1
cross iterater4
ab
ab6	4
ab7	2
fail		6144.10   7806.31   5       576477.0 ms
fail		6461.04   7912.77   5       610422.0 ms
cross iterater5
bad   	success		6332.59   7522.14   5       610438.0 ms cross
rand   	bad   	success		6596.03   7935.21   5       640405.0 ms cross
rand   	ab
ab6	1
ab7	4
fail		6144.10   7806.31   5       700963.0 ms
cross iterater6
bad   	success		6007.71   7576.96   5       700979.0 ms cross
rand   	bad   	success		6666.68   7685.71   5       728590.0 ms cross
rand   	ab
fail		6613.48   7673.33   5       809709.0 ms
fail		6666.68   7765.45   5       851376.0 ms
fail		6007.71   7756.90   5       885384.0 ms
cross iterater7
bad   	success		6539.36   8029.79   5       886726.0 ms cross
rand   	bad   	success		6206.85   8007.54   5       923931.0 ms cross
rand   	ab
ab7	5
ab6	3
fail		6666.68   7765.45   5       1000901.0 ms
fail		6387.54   7969.30   5       1046951.0 ms
fail		6826.14   7749.06   5       1079867.0 ms
cross iterater8
bad   	success		6862.15   7929.03   5       1081739.0 ms cross
rand   	bad   	success		6716.82   7874.88   5       1118242.0 ms cross
rand   	ab
ab7	4
ab6	3
fail		6654.03   7958.79   5       1190329.0 ms
cross iterater9
bad   	success		6520.24   7974.68   5       1191717.0 ms cross
rand   	bad   	success		6486.10   7866.50   5       1269467.0 ms cross
rand   	ab
ab7	3
ab6	5
cross iterater10
ab
ab7	5
fail		6648.61   7804.08   5       1340883.0 ms
fail		6652.29   7804.81   5       1368151.0 ms
cross iterater11
bad   	success		6741.14   7592.83   5       1368635.0 ms cross
rand   	bad   	success		6404.80   7687.62   5       1399787.0 ms cross
rand   	ab
ab7	0
fail		6623.33   7806.98   5       1463669.0 ms
cross iterater12
bad   	success		6759.11   8207.28   5       1464152.0 ms cross
rand   	bad   	success		6447.48   8239.17   5       1501529.0 ms cross
rand   	ab
ab7	3
ab6	1
fail		6414.71   7726.64   5       1574848.0 ms
cross iterater13
ab
ab6	1
fail		6660.16   7684.11   5       1607015.0 ms
fail		6741.14   7642.55   5       1640321.0 ms
cross iterater14
ab
ab6	2
ab7	4
fail		6404.80   7751.67   5       1686434.0 ms
cross iterater15
bad   	success		6518.27   7532.18   5       1686449.0 ms cross
rand   	bad   	success		6179.75   7585.99   5       1710957.0 ms cross
rand   	ab
ab6	1
fail		6680.92   8181.86   5       1792107.0 ms
cross iterater16
bad   	success		6767.71   7914.06   5       1795118.0 ms cross
rand   	bad   	success		6450.14   7795.43   5       1846722.0 ms cross
rand   	ab
ab6	1
cross iterater17
bad   	success		7046.35   7983.05   5       1872352.0 ms cross
rand   	bad   	success		6562.08   7725.99   5       1903193.0 ms cross
rand   	ab
ab7	4
fail		6562.08   7904.56   5       1953690.0 ms
cross iterater18
bad   	success		6559.00   7801.59   5       1953705.0 ms cross
rand   	bad   	success		6720.00   7863.07   5       1980396.0 ms cross
rand   	ab
ab7	1
cross iterater19
bad   	success		6594.87   7462.86   5       2033358.0 ms cross
rand   	bad   	success		6478.00   7787.61   5       2052436.0 ms cross
rand   	ab
ab7	0
fail		7046.35   7602.04   5       2101747.0 ms
fail		6478.00   7871.52   5       2127830.0 ms
fail		6594.87   7554.97   5       2148406.0 ms
cross iterater20
bad   	success		6819.39   7818.79   5       2149607.0 ms cross
rand   	bad   	success		6820.33   7876.20   5       2200026.0 ms cross
rand   	ab
ab6	3
ab7	4
fail		6465.23   8110.56   5       2266060.0 ms
fail		6725.60   8044.25   5       2294030.0 ms
cross iterater21
bad   	success		6684.11   7975.20   5       2299865.0 ms cross
rand   	bad   	success		7052.99   7877.41   5       2321002.0 ms cross
rand   	ab
ab6	2
ab7	3
fail		6594.87   7554.97   5       2387302.0 ms
cross iterater22
bad   	success		6405.97   7853.70   5       2388097.0 ms cross
rand   	bad   	success		6642.66   8143.97   5       2418688.0 ms cross
rand   	ab
ab6	4
ab7	3
fail		6381.83   7814.88   5       2514409.0 ms
fail		6594.87   7554.97   5       2548291.0 ms
cross iterater23
ab
ab7	0
fail		6777.33   7985.92   5       2585403.0 ms
cross iterater24
ab
ab7	0
fail		6840.60   7973.38   5       2621361.0 ms
cross iterater25
bad   	success		6242.13   7530.60   5       2621408.0 ms cross
rand   	bad   	success		6828.74   7675.92   5       2655681.0 ms cross
rand   	ab
ab7	3
cross iterater26
bad   	success		6430.22   7165.94   5       2682200.0 ms cross
rand   	bad   	success		6452.46   7796.29   5       2708423.0 ms cross
rand   	ab
ab7	0
fail		5968.67   7653.10   5       2769731.0 ms
fail		6581.52   8100.33   5       2806219.0 ms
cross iterater27
bad   	success		6895.85   7609.15   5       2806609.0 ms cross
rand   	bad   	success		6107.68   7284.69   5       2846778.0 ms cross
rand   	ab
ab6	0
ab7	4
cross iterater28
bad   	success		6214.39   7835.46   5       2879116.0 ms cross
rand   	bad   	success		6124.72   7457.13   5       2904607.0 ms cross
rand   	ab
ab6	2
fail		6242.13   7630.27   5       2956725.0 ms
cross iterater29
bad   	success		6367.37   7252.82   5       2956741.0 ms cross
rand   	bad   	success		6133.68   7692.99   5       2975414.0 ms cross
rand   	ab
ab6	4
ab7	2
fail		6418.17   8005.08   5       3040122.0 ms
fail		5999.46   7619.08   5       3070167.0 ms
cross iterater30
ab
ab7	0
fail		6289.32   7928.63   5       3098075.0 ms
cross iterater31
bad   	success		6254.74   7748.97   5       3101133.0 ms cross
rand   	bad   	success		6389.23   7172.17   5       3127075.0 ms cross
rand   	ab
ab6	3
ab7	2
fail		6076.63   7795.59   5       3220034.0 ms
fail		5999.46   7619.08   5       3295725.0 ms
fail		6452.46   7547.75   5       3344677.0 ms
cross iterater32
bad   	success		6804.68   7858.71   5       3345348.0 ms cross
rand   	bad   	success		6617.78   7759.34   5       3388653.0 ms cross
rand   	ab
ab7	5
ab6	4
fail		6181.16   7904.32   5       3462689.0 ms
fail		6381.44   7906.90   5       3483811.0 ms
cross iterater33
bad   	success		5932.36   7598.31   5       3483827.0 ms cross
rand   	bad   	success		6310.24   7723.43   5       3522936.0 ms cross
rand   	ab
ab6	1
cross iterater34
bad   	success		6663.79   7388.61   5       3544604.0 ms cross
rand   	bad   	success		5879.57   7588.62   5       3575117.0 ms cross
rand   	ab
cross iterater35
bad   	success		6542.50   8229.53   5       3594180.0 ms cross
rand   	bad   	success		6734.03   7785.54   5       3632992.0 ms cross
rand   	ab
ab6	3
ab7	2
cross iterater36

R.size:5

1		100	37	127	88	142	3	43	180	179	18	124	184	190	15	183	51	27	152	40	119	16	72	161	198	61	188	29	74	112	129	110	116	44	91	95	145	90	193	19	93	39	120	64	67	
2		6	131	7	68	196	63	26	35	181	164	104	62	172	42	20	5	197	130	191	69	176	143	111	79	144	115	123	135	55	126	178	73	148	83	
3		153	163	195	57	147	133	31	173	84	159	149	187	132	28	89	134	58	118	105	113	166	125	109	189	117	21	80	192	71	137	185	141	8	97	
4		162	4	24	102	169	92	182	98	165	85	56	32	45	94	160	53	23	38	108	177	65	128	151	99	168	86	101	139	114	50	52	70	201	33	81	66	82	96	174	11	75	175	30	36	
5		140	155	199	54	12	9	59	171	14	78	49	200	47	136	48	156	167	103	170	186	25	10	122	77	46	138	150	194	106	22	41	158	107	87	121	17	76	2	34	13	60	1	157	154	146	202	

data1/pdp200/LRC2_2_9.txt
total_cost 5879.572893

