success		1       0       1       47      1       0       70440.05  101     16.0     ms
success		1       1       1       93      1       0       70164.92  100     16.0     ms
success		1       2       1       4       1       0       69685.29  99      16.0     ms
success		1       3       1       48      1       0       69602.79  98      16.0     ms
success		1       4       1       56      1       0       69143.94  97      16.0     ms
success		1       5       1       43      1       0       68537.48  96      16.0     ms
success		1       6       1       94      1       0       68402.40  95      16.0     ms
success		1       7       1       92      1       0       68355.31  94      16.0     ms
success		1       8       1       1       1       0       68382.80  93      16.0     ms
success		1       9       1       41      1       0       68331.53  92      16.0     ms
success		1       10      2       56      2       0       67764.87  91      16.0     ms
success		1       11      1       61      1       0       67526.50  90      16.0     ms
success		1       12      1       22      1       0       66805.49  89      16.0     ms
success		1       13      1       78      1       0       66982.81  88      16.0     ms
success		1       14      1       18      1       0       67092.27  87      16.0     ms
success		1       15      1       29      1       0       66794.45  86      16.0     ms
success		1       16      2       48      2       0       66824.63  85      16.0     ms
success		1       17      1       34      1       0       65368.01  84      16.0     ms
success		1       18      1       76      1       0       65069.69  83      16.0     ms
success		1       19      1       34      1       0       65071.74  82      16.0     ms
success		1       20      1       66      1       0       64872.46  81      16.0     ms
success		1       21      1       76      1       0       64203.11  80      16.0     ms
success		1       22      2       69      2       0       63672.52  79      16.0     ms
success		1       23      1       43      1       0       63105.28  78      16.0     ms
success		1       24      3       54      3       0       62827.35  77      16.0     ms
success		1       25      2       18      2       0       62762.06  76      16.0     ms
success		1       26      2       14      2       0       62372.54  75      16.0     ms
success		1       27      1       40      1       0       62253.38  74      16.0     ms
success		1       28      1       65      1       0       61822.91  73      16.0     ms
success		1       29      1       56      1       0       61749.52  72      16.0     ms
success		1       30      2       65      2       0       60530.49  71      16.0     ms
success		1       31      1       19      1       0       60000.43  70      16.0     ms
success		1       32      1       41      1       0       59425.32  69      31.0     ms
success		1       33      2       9       2       0       58157.25  68      31.0     ms
success		1       34      1       30      1       0       58055.78  67      31.0     ms
success		1       35      2       48      2       0       57391.29  66      31.0     ms
success		1       36      1       25      1       0       57095.35  65      31.0     ms
success		1       37      1       18      1       0       56698.22  64      31.0     ms
success		1       38      1       6       1       0       56063.91  63      31.0     ms
success		1       39      2       43      2       0       55824.12  62      31.0     ms
success		1       40      1       40      1       0       55620.77  61      31.0     ms
success		1       41      2       14      2       0       56461.78  60      31.0     ms
success		1       42      1       5       1       0       56354.23  59      31.0     ms
success		1       43      1       58      1       0       56070.50  58      31.0     ms
success		1       44      1       20      1       0       55997.75  57      31.0     ms
success		1       45      1       54      1       0       54964.18  56      31.0     ms
success		1       46      1       54      1       0       53810.39  55      31.0     ms
success		1       47      1       18      1       0       53692.02  54      31.0     ms
success		1       48      2       30      2       0       53646.27  53      31.0     ms
success		1       49      2       28      2       0       52994.57  52      31.0     ms
success		1       50      2       27      2       0       52740.06  51      31.0     ms
success		1       51      2       48      2       0       51827.99  50      31.0     ms
success		1       52      1       22      1       0       50335.23  49      31.0     ms
success		1       53      2       40      2       0       50217.95  48      31.0     ms
success		1       54      1       23      1       0       49676.27  47      31.0     ms
success		1       55      2       27      2       0       49177.13  46      31.0     ms
success		1       56      1       43      1       0       48515.83  45      31.0     ms
success		1       57      1       14      1       0       47051.22  44      31.0     ms
success		1       58      1       36      1       0       46637.74  43      31.0     ms
success		1       59      1       4       1       0       46315.88  42      31.0     ms
success		1       60      1       10      1       0       45904.56  41      31.0     ms
success		1       61      2       0       2       0       45427.67  40      31.0     ms
success		1       62      4       8       4       0       44892.37  39      31.0     ms
success		1       63      1       18      1       0       43974.97  38      31.0     ms
success		1       64      4       18      4       0       42274.20  37      31.0     ms
success		1       65      4       10      4       0       41565.63  36      31.0     ms
success		1       66      2       17      2       0       40412.93  35      31.0     ms
success		1       67      2       9       2       0       39791.92  34      31.0     ms
success		1       68      5       15      5       0       38258.14  33      31.0     ms
success		1       69      4       31      4       0       37865.99  32      47.0     ms
success		1       70      5       18      5       0       36643.04  31      47.0     ms
success		1       71      5       5       5       0       35892.74  30      47.0     ms
success		1       72      4       11      4       0       35797.66  29      47.0     ms
success		1       73      5       3       5       0       34492.37  28      47.0     ms
success		1       74      1       24      1       0       33965.23  27      47.0     ms
success		1       75      2       26      2       0       33699.93  26      47.0     ms
success		1       76      3       23      3       0       32325.82  25      47.0     ms
success		1       77      4       18      4       0       31870.34  24      47.0     ms
success		1       78      4       5       4       0       31517.85  23      47.0     ms
success		1       79      4       7       4       0       29791.62  22      47.0     ms
success		1       80      6       18      6       0       28560.15  21      47.0     ms
success		1       81      4       6       4       0       27635.55  20      47.0     ms
success		1       82      3       1       3       0       26252.00  19      47.0     ms
success		1       83      7       6       7       0       26364.90  18      47.0     ms
success		1       84      5       17      5       0       25645.49  17      47.0     ms
success		1       85      5       4       5       0       24487.00  16      47.0     ms
success		1       86      12      4       10      0       21847.30  15      47.0     ms
success		1       87      9       5       9       0       19857.92  14      47.0     ms
success		1       88      6       6       6       0       18945.31  13      47.0     ms
success		1       89      10      3       8       0       20177.14  12      63.0     ms
success		1       90      23      4       7       0       17921.49  11      203.0    ms
success		1       91      18      8       10      0       16654.06  10      250.0    ms
success		1       92      37      6       11      0       15232.22  9       453.0    ms
success		1       93      23      4       15      0       13151.06  8       499.0    ms
success		1       94      1276    6       14      0       11722.55  7       11669.0  ms
success		1       0       1       42      1       0       84133.64  101     35303.0  ms
success		1       1       1       63      1       0       83662.11  100     35303.0  ms
success		1       2       1       28      1       0       82963.19  99      35303.0  ms
success		1       3       1       82      1       0       82513.97  98      35303.0  ms
success		1       4       1       17      1       0       82113.92  97      35303.0  ms
success		1       5       1       66      1       0       82068.53  96      35303.0  ms
success		1       6       1       51      1       0       81358.34  95      35303.0  ms
success		1       7       1       55      1       0       80990.42  94      35303.0  ms
success		1       8       1       26      1       0       80834.50  93      35303.0  ms
success		1       9       1       23      1       0       80554.44  92      35303.0  ms
success		1       10      1       33      1       0       79769.00  91      35303.0  ms
success		1       11      1       4       1       0       78208.26  90      35303.0  ms
success		1       12      1       2       1       0       77613.34  89      35303.0  ms
success		1       13      1       8       1       0       77297.32  88      35303.0  ms
success		1       14      1       6       1       0       76627.33  87      35303.0  ms
success		1       15      1       19      1       0       75812.55  86      35303.0  ms
success		1       16      1       2       1       0       75586.62  85      35303.0  ms
success		1       17      1       34      1       0       75492.91  84      35303.0  ms
success		1       18      1       69      1       0       74902.71  83      35303.0  ms
success		1       19      1       30      1       0       74410.11  82      35303.0  ms
success		1       20      1       39      1       0       74263.87  81      35303.0  ms
success		1       21      1       17      1       0       73776.08  80      35303.0  ms
success		1       22      1       38      1       0       73301.69  79      35303.0  ms
success		1       23      1       17      1       0       72605.76  78      35303.0  ms
success		1       24      3       36      3       0       71903.82  77      35303.0  ms
success		1       25      2       70      2       0       71438.73  76      35303.0  ms
success		1       26      1       23      1       0       71119.58  75      35303.0  ms
success		1       27      1       64      1       0       70078.81  74      35303.0  ms
success		1       28      1       28      1       0       69281.53  73      35303.0  ms
success		1       29      1       67      1       0       68857.79  72      35303.0  ms
success		1       30      1       36      1       0       68351.27  71      35318.0  ms
success		1       31      1       69      1       0       67852.06  70      35318.0  ms
success		1       32      2       30      2       0       67248.39  69      35318.0  ms
success		1       33      2       46      2       0       66537.65  68      35318.0  ms
success		1       34      2       52      2       0       64926.03  67      35318.0  ms
success		1       35      1       59      1       0       64294.53  66      35318.0  ms
success		1       36      1       53      1       0       63856.53  65      35318.0  ms
success		1       37      2       56      2       0       63599.80  64      35318.0  ms
success		1       38      1       53      1       0       63313.36  63      35318.0  ms
success		1       39      1       51      1       0       62977.03  62      35318.0  ms
success		1       40      2       51      2       0       62505.87  61      35318.0  ms
success		1       41      2       13      2       0       61990.40  60      35318.0  ms
success		1       42      1       9       1       0       61478.41  59      35318.0  ms
success		1       43      1       50      1       0       61057.02  58      35318.0  ms
success		1       44      3       42      3       0       60454.62  57      35318.0  ms
success		1       45      3       9       3       0       60009.92  56      35318.0  ms
success		1       46      2       12      2       0       59369.77  55      35318.0  ms
success		1       47      2       37      2       0       58724.53  54      35318.0  ms
success		1       48      1       41      1       0       58262.44  53      35318.0  ms
success		1       49      2       6       2       0       56814.96  52      35318.0  ms
success		1       50      1       48      1       0       56372.42  51      35318.0  ms
success		1       51      1       27      1       0       55452.64  50      35318.0  ms
success		1       52      2       33      2       0       55032.22  49      35318.0  ms
success		1       53      3       44      3       0       53983.89  48      35318.0  ms
success		1       54      2       12      2       0       53187.81  47      35318.0  ms
success		1       55      2       36      2       0       52485.98  46      35318.0  ms
success		1       56      2       4       2       0       52146.11  45      35318.0  ms
success		1       57      1       21      1       0       50178.19  44      35318.0  ms
success		1       58      3       3       3       0       48744.32  43      35318.0  ms
success		1       59      2       0       2       0       47401.04  42      35318.0  ms
success		1       60      3       14      3       0       47383.23  41      35318.0  ms
success		1       61      3       7       3       0       47955.34  40      35318.0  ms
success		1       62      3       11      3       0       47149.43  39      35318.0  ms
success		1       63      2       9       2       0       46337.13  38      35318.0  ms
success		1       64      3       23      3       0       44943.36  37      35318.0  ms
success		1       65      2       20      2       0       44371.05  36      35318.0  ms
success		1       66      2       23      2       0       43142.97  35      35318.0  ms
success		1       67      2       15      2       0       42549.93  34      35318.0  ms
success		1       68      6       31      6       0       41266.65  33      35318.0  ms
success		1       69      3       28      3       0       40699.48  32      35318.0  ms
success		1       70      2       17      2       0       39141.89  31      35318.0  ms
success		1       71      3       10      3       0       38399.49  30      35318.0  ms
success		1       72      3       5       3       0       37872.68  29      35318.0  ms
success		1       73      4       18      4       0       36925.29  28      35318.0  ms
success		1       74      4       9       4       0       35814.01  27      35318.0  ms
success		1       75      4       12      4       0       34988.83  26      35318.0  ms
success		1       76      4       21      4       0       34079.10  25      35318.0  ms
success		1       77      2       4       2       0       33247.41  24      35318.0  ms
success		1       78      2       4       2       0       32579.77  23      35318.0  ms
success		1       79      3       8       3       0       30852.57  22      35318.0  ms
success		1       80      4       19      4       0       29557.62  21      35318.0  ms
success		1       81      5       16      5       0       28264.08  20      35318.0  ms
success		1       82      6       15      6       0       26982.35  19      35318.0  ms
success		1       83      6       18      6       0       25330.09  18      35318.0  ms
success		1       84      8       3       8       0       23283.54  17      35318.0  ms
success		1       85      4       6       4       0       21495.66  16      35318.0  ms
success		1       86      4       14      4       0       20874.69  15      35318.0  ms
success		1       87      11      2       10      0       23526.66  14      35318.0  ms
success		1       88      5       7       4       0       19495.59  13      35334.0  ms
success		1       89      8       5       8       0       17694.30  12      35334.0  ms
success		1       90      18      11      10      0       17353.57  11      35350.0  ms
success		1       91      19      10      9       0       16089.74  10      35396.0  ms
success		1       92      47      5       12      0       15520.29  9       35662.0  ms
success		1       93      179     3       8       0       14118.20  8       37112.0  ms
success		1       0       1       86      1       0       83826.96  101     46301.0  ms
success		1       1       1       4       1       0       82098.84  100     46316.0  ms
success		1       2       1       84      1       0       81753.00  99      46316.0  ms
success		1       3       1       27      1       0       81205.45  98      46316.0  ms
success		1       4       1       72      1       0       81070.16  97      46316.0  ms
success		1       5       1       81      1       0       80727.23  96      46316.0  ms
success		1       6       1       40      1       0       80509.31  95      46316.0  ms
success		1       7       1       92      1       0       79868.89  94      46316.0  ms
success		1       8       1       31      1       0       79568.32  93      46316.0  ms
success		1       9       1       91      1       0       79187.31  92      46316.0  ms
success		1       10      1       28      1       0       78970.73  91      46316.0  ms
success		1       11      1       0       1       0       78775.96  90      46316.0  ms
success		1       12      2       39      2       0       77943.89  89      46316.0  ms
success		1       13      1       16      1       0       77579.05  88      46316.0  ms
success		1       14      1       75      1       0       77044.17  87      46316.0  ms
success		1       15      1       1       1       0       76443.45  86      46316.0  ms
success		1       16      1       21      1       0       76057.73  85      46316.0  ms
success		1       17      2       1       2       0       75667.01  84      46316.0  ms
success		1       18      2       12      2       0       74535.83  83      46316.0  ms
success		1       19      3       37      3       0       73410.72  82      46316.0  ms
success		1       20      1       16      1       0       71464.76  81      46316.0  ms
success		1       21      1       71      1       0       71154.01  80      46316.0  ms
success		1       22      1       26      1       0       70549.51  79      46316.0  ms
success		1       23      2       61      2       0       70040.16  78      46316.0  ms
success		1       24      1       40      1       0       69623.27  77      46316.0  ms
success		1       25      3       30      3       0       68483.42  76      46316.0  ms
success		1       26      1       59      1       0       67850.29  75      46316.0  ms
success		1       27      1       29      1       0       67427.12  74      46316.0  ms
success		1       28      2       38      2       0       68037.75  73      46316.0  ms
success		1       29      1       34      1       0       66862.76  72      46316.0  ms
success		1       30      2       70      2       0       66128.44  71      46316.0  ms
success		1       31      2       1       2       0       65260.61  70      46316.0  ms
success		1       32      1       54      1       0       64761.73  69      46316.0  ms
success		1       33      3       9       3       0       64495.67  68      46316.0  ms
success		1       34      2       22      2       0       63980.79  67      46316.0  ms
success		1       35      1       55      1       0       63554.84  66      46316.0  ms
success		1       36      2       51      2       0       63483.19  65      46316.0  ms
success		1       37      1       55      1       0       61924.03  64      46316.0  ms
success		1       38      1       17      1       0       60467.62  63      46316.0  ms
success		1       39      2       49      2       0       60344.73  62      46316.0  ms
success		1       40      2       57      2       0       59691.53  61      46316.0  ms
success		1       41      1       8       1       0       59308.66  60      46316.0  ms
success		1       42      2       50      2       0       58753.93  59      46316.0  ms
success		1       43      2       40      2       0       57953.39  58      46316.0  ms
success		1       44      1       57      1       0       55924.47  57      46316.0  ms
success		1       45      1       9       1       0       55076.05  56      46316.0  ms
success		1       46      2       26      2       0       53774.30  55      46316.0  ms
success		1       47      2       2       2       0       53160.91  54      46316.0  ms
success		1       48      2       21      2       0       53927.01  53      46316.0  ms
success		1       49      2       43      2       0       53862.55  52      46316.0  ms
success		1       50      3       14      3       0       53235.28  51      46316.0  ms
success		1       51      2       9       2       0       51846.04  50      46316.0  ms
success		1       52      2       29      2       0       51265.35  49      46316.0  ms
success		1       53      1       46      1       0       50521.44  48      46316.0  ms
success		1       54      2       30      2       0       49847.81  47      46316.0  ms
success		1       55      3       10      3       0       50258.46  46      46316.0  ms
success		1       56      2       31      2       0       49889.09  45      46316.0  ms
success		1       57      2       23      2       0       49429.68  44      46316.0  ms
success		1       58      2       29      2       0       48548.37  43      46316.0  ms
success		1       59      2       36      2       0       48036.32  42      46316.0  ms
success		1       60      1       12      1       0       47110.21  41      46316.0  ms
success		1       61      2       24      2       0       46449.75  40      46316.0  ms
success		1       62      6       36      6       0       45675.25  39      46316.0  ms
success		1       63      1       37      1       0       44559.26  38      46316.0  ms
success		1       64      2       9       2       0       43703.56  37      46316.0  ms
success		1       65      2       0       2       0       43033.33  36      46316.0  ms
success		1       66      3       17      3       0       42070.96  35      46316.0  ms
success		1       67      3       0       3       0       40971.61  34      46316.0  ms
success		1       68      5       20      5       0       39502.43  33      46316.0  ms
success		1       69      2       14      2       0       39015.62  32      46316.0  ms
success		1       70      5       29      5       0       37524.97  31      46316.0  ms
success		1       71      2       25      2       0       36878.85  30      46316.0  ms
success		1       72      2       0       2       0       36372.08  29      46316.0  ms
success		1       73      3       17      3       0       35114.90  28      46316.0  ms
success		1       74      5       0       5       0       33942.25  27      46316.0  ms
success		1       75      2       15      2       0       32274.54  26      46316.0  ms
success		1       76      5       9       5       0       30880.74  25      46316.0  ms
success		1       77      3       5       3       0       30092.70  24      46316.0  ms
success		1       78      4       16      4       0       28470.45  23      46316.0  ms
success		1       79      3       5       3       0       27930.87  22      46316.0  ms
success		1       80      7       0       7       0       26723.26  21      46316.0  ms
success		1       81      8       7       8       0       26625.74  20      46316.0  ms
success		1       82      7       19      7       0       24914.76  19      46316.0  ms
success		1       83      4       11      4       0       24398.72  18      46316.0  ms
success		1       84      5       16      5       0       23318.87  17      46316.0  ms
success		1       85      4       11      3       0       23869.56  16      46316.0  ms
success		1       86      6       7       6       0       21820.49  15      46316.0  ms
success		1       87      8       1       8       0       19632.20  14      46316.0  ms
success		1       88      9       8       7       0       19334.02  13      46316.0  ms
success		1       89      14      10      12      0       18191.97  12      46332.0  ms
success		1       90      9       11      6       0       17752.10  11      46332.0  ms
success		1       91      17      5       11      0       16275.92  10      46347.0  ms
success		1       92      27      0       10      0       15799.00  9       46379.0  ms
success		1       93      377     8       11      0       13811.17  8       48095.0  ms
success		1       0       1       85      1       0       84071.26  101     62415.0  ms
success		1       1       1       6       1       0       83507.05  100     62415.0  ms
success		1       2       1       1       1       0       82941.81  99      62415.0  ms
success		1       3       1       89      1       0       82274.76  98      62415.0  ms
success		1       4       1       70      1       0       82121.33  97      62415.0  ms
success		1       5       1       71      1       0       81678.29  96      62415.0  ms
success		1       6       1       62      1       0       81231.53  95      62415.0  ms
success		1       7       1       74      1       0       80968.04  94      62415.0  ms
success		1       8       1       44      1       0       79907.90  93      62415.0  ms
success		1       9       1       63      1       0       79474.32  92      62415.0  ms
success		1       10      1       69      1       0       78870.30  91      62415.0  ms
success		1       11      1       75      1       0       78415.14  90      62415.0  ms
success		1       12      1       80      1       0       77129.71  89      62415.0  ms
success		1       13      1       55      1       0       76820.76  88      62415.0  ms
success		1       14      1       22      1       0       76620.41  87      62415.0  ms
success		1       15      1       68      1       0       76037.19  86      62415.0  ms
success		1       16      1       73      1       0       75464.92  85      62415.0  ms
success		1       17      1       43      1       0       75133.28  84      62415.0  ms
success		1       18      2       2       2       0       74691.75  83      62415.0  ms
success		1       19      1       5       1       0       74369.72  82      62415.0  ms
success		1       20      1       78      1       0       73826.98  81      62415.0  ms
success		1       21      1       1       1       0       73568.92  80      62415.0  ms
success		1       22      1       44      1       0       73127.18  79      62415.0  ms
success		1       23      2       62      2       0       71851.99  78      62415.0  ms
success		1       24      1       58      1       0       71736.00  77      62415.0  ms
success		1       25      1       57      1       0       71273.43  76      62415.0  ms
success		1       26      2       40      2       0       70747.07  75      62415.0  ms
success		1       27      1       17      1       0       70548.79  74      62415.0  ms
success		1       28      2       11      2       0       69955.44  73      62415.0  ms
success		1       29      1       14      1       0       69474.67  72      62415.0  ms
success		1       30      2       20      2       0       69143.51  71      62415.0  ms
success		1       31      1       66      1       0       67887.81  70      62415.0  ms
success		1       32      2       10      2       0       67580.96  69      62415.0  ms
success		1       33      1       29      1       0       65713.08  68      62415.0  ms
success		1       34      1       26      1       0       65312.87  67      62415.0  ms
success		1       35      2       53      2       0       64830.54  66      62415.0  ms
success		1       36      1       23      1       0       62865.59  65      62415.0  ms
success		1       37      3       24      3       0       61849.19  64      62415.0  ms
success		1       38      1       15      1       0       61085.75  63      62415.0  ms
success		1       39      1       28      1       0       60350.62  62      62415.0  ms
success		1       40      2       4       2       0       60016.37  61      62415.0  ms
success		1       41      3       33      3       0       58917.54  60      62415.0  ms
success		1       42      2       38      2       0       57571.52  59      62415.0  ms
success		1       43      1       17      1       0       57227.15  58      62415.0  ms
success		1       44      1       36      1       0       56207.70  57      62415.0  ms
success		1       45      1       8       1       0       55428.65  56      62415.0  ms
success		1       46      1       41      1       0       54928.37  55      62415.0  ms
success		1       47      3       10      3       0       55082.28  54      62415.0  ms
success		1       48      3       17      3       0       54045.33  53      62415.0  ms
success		1       49      2       7       2       0       53677.66  52      62415.0  ms
success		1       50      2       10      2       0       52872.88  51      62415.0  ms
success		1       51      1       1       1       0       51511.89  50      62415.0  ms
success		1       52      3       22      3       0       51097.40  49      62415.0  ms
success		1       53      3       24      3       0       50538.37  48      62415.0  ms
success		1       54      1       44      1       0       49966.49  47      62415.0  ms
success		1       55      2       24      2       0       48423.57  46      62415.0  ms
success		1       56      3       15      3       0       47342.80  45      62415.0  ms
success		1       57      2       40      2       0       46716.16  44      62415.0  ms
success		1       58      2       37      2       0       46002.82  43      62415.0  ms
success		1       59      3       38      3       0       45422.48  42      62415.0  ms
success		1       60      1       27      1       0       45053.68  41      62415.0  ms
success		1       61      3       11      3       0       44502.55  40      62415.0  ms
success		1       62      3       2       3       0       43418.11  39      62431.0  ms
success		1       63      3       16      3       0       42033.48  38      62431.0  ms
success		1       64      2       11      2       0       41512.91  37      62431.0  ms
success		1       65      3       35      3       0       40656.04  36      62431.0  ms
success		1       66      4       17      4       0       39682.37  35      62431.0  ms
success		1       67      4       23      4       0       38672.01  34      62431.0  ms
success		1       68      3       1       3       0       38322.53  33      62431.0  ms
success		1       69      5       19      5       0       37969.01  32      62431.0  ms
success		1       70      5       30      5       0       36505.56  31      62431.0  ms
success		1       71      3       9       3       0       35631.71  30      62431.0  ms
success		1       72      2       26      2       0       35285.51  29      62431.0  ms
success		1       73      3       9       3       0       34478.30  28      62431.0  ms
success		1       74      3       11      3       0       34163.57  27      62431.0  ms
success		1       75      3       19      3       0       32994.97  26      62431.0  ms
success		1       76      4       13      4       0       30926.32  25      62431.0  ms
success		1       77      4       21      4       0       29497.49  24      62431.0  ms
success		1       78      5       12      5       0       29431.28  23      62431.0  ms
success		1       79      8       22      8       0       29269.17  22      62431.0  ms
success		1       80      4       10      4       0       28621.40  21      62431.0  ms
success		1       81      4       8       4       0       27201.53  20      62431.0  ms
success		1       82      6       17      6       0       25621.66  19      62431.0  ms
success		1       83      9       11      9       0       24621.44  18      62431.0  ms
success		1       84      6       12      4       0       25216.69  17      62431.0  ms
success		1       85      4       6       4       0       24291.12  16      62431.0  ms
success		1       86      6       5       5       0       22647.14  15      62431.0  ms
success		1       87      12      0       11      0       20921.67  14      62431.0  ms
success		1       88      10      8       8       0       22387.16  13      62431.0  ms
success		1       89      9       9       7       0       18420.42  12      62447.0  ms
success		1       90      11      6       9       0       18387.99  11      62447.0  ms
success		1       91      21      6       12      0       16929.53  10      62478.0  ms
success		1       92      21      8       13      0       14080.07  9       62540.0  ms
success		1       93      74      5       12      0       13444.76  8       63071.0  ms
success		1       94      120     2       14      0       12059.05  7       64443.0  ms
success		1       0       1       14      1       0       83475.80  101     92742.0  ms
success		1       1       1       30      1       0       82835.99  100     92742.0  ms
success		1       2       1       49      1       0       81957.00  99      92742.0  ms
success		1       3       1       88      1       0       81229.19  98      92742.0  ms
success		1       4       1       82      1       0       80613.08  97      92742.0  ms
success		1       5       1       71      1       0       80167.44  96      92742.0  ms
success		1       6       2       51      2       0       79579.13  95      92742.0  ms
success		1       7       1       87      1       0       78861.36  94      92742.0  ms
success		1       8       1       37      1       0       78552.21  93      92742.0  ms
success		1       9       1       34      1       0       78330.99  92      92742.0  ms
success		1       10      1       71      1       0       77627.98  91      92742.0  ms
success		1       11      1       85      1       0       76453.04  90      92742.0  ms
success		1       12      1       19      1       0       75892.81  89      92742.0  ms
success		1       13      1       37      1       0       75674.89  88      92742.0  ms
success		1       14      1       37      1       0       75260.56  87      92742.0  ms
success		1       15      1       47      1       0       73502.00  86      92742.0  ms
success		1       16      1       79      1       0       73297.45  85      92742.0  ms
success		1       17      1       53      1       0       73136.65  84      92742.0  ms
success		1       18      1       26      1       0       72327.59  83      92742.0  ms
success		1       19      1       39      1       0       71767.77  82      92742.0  ms
success		1       20      1       14      1       0       71553.56  81      92742.0  ms
success		1       21      1       35      1       0       70741.75  80      92742.0  ms
success		1       22      1       64      1       0       70394.93  79      92742.0  ms
success		1       23      1       73      1       0       69844.32  78      92742.0  ms
success		1       24      1       3       1       0       69892.17  77      92742.0  ms
success		1       25      1       4       1       0       69397.13  76      92742.0  ms
success		1       26      2       60      2       0       69106.58  75      92742.0  ms
success		1       27      1       5       1       0       68853.62  74      92742.0  ms
success		1       28      1       28      1       0       68460.01  73      92742.0  ms
success		1       29      1       59      1       0       67868.54  72      92742.0  ms
success		1       30      2       12      2       0       67343.32  71      92742.0  ms
success		1       31      1       30      1       0       66859.64  70      92742.0  ms
success		1       32      2       8       2       0       66282.85  69      92742.0  ms
success		1       33      1       41      1       0       66021.96  68      92742.0  ms
success		1       34      2       48      2       0       64826.02  67      92742.0  ms
success		1       35      1       35      1       0       64022.98  66      92742.0  ms
success		1       36      2       24      2       0       62071.64  65      92742.0  ms
success		1       37      1       15      1       0       60385.12  64      92742.0  ms
success		1       38      2       30      2       0       59805.50  63      92742.0  ms
success		1       39      3       58      3       0       59262.30  62      92742.0  ms
success		1       40      1       22      1       0       58658.01  61      92742.0  ms
success		1       41      1       55      1       0       57131.61  60      92742.0  ms
success		1       42      1       53      1       0       56245.36  59      92742.0  ms
success		1       43      2       38      2       0       55377.49  58      92742.0  ms
success		1       44      2       44      2       0       54922.85  57      92742.0  ms
success		1       45      1       25      1       0       54470.71  56      92742.0  ms
success		1       46      2       20      2       0       54086.90  55      92742.0  ms
success		1       47      2       52      2       0       53871.79  54      92742.0  ms
success		1       48      1       35      1       0       53180.07  53      92742.0  ms
success		1       49      1       15      1       0       52751.91  52      92742.0  ms
success		1       50      1       29      1       0       52284.31  51      92742.0  ms
success		1       51      1       45      1       0       51666.52  50      92742.0  ms
success		1       52      2       35      2       0       50916.54  49      92742.0  ms
success		1       53      2       26      2       0       50169.83  48      92742.0  ms
success		1       54      1       18      1       0       48952.62  47      92742.0  ms
success		1       55      3       1       3       0       48562.04  46      92742.0  ms
success		1       56      2       7       2       0       48472.43  45      92742.0  ms
success		1       57      2       14      2       0       48106.25  44      92742.0  ms
success		1       58      3       9       3       0       46891.96  43      92742.0  ms
success		1       59      2       39      2       0       46677.72  42      92742.0  ms
success		1       60      5       25      5       0       46877.81  41      92742.0  ms
success		1       61      2       2       2       0       45654.31  40      92742.0  ms
success		1       62      1       24      1       0       44428.18  39      92742.0  ms
success		1       63      2       30      2       0       43403.71  38      92742.0  ms
success		1       64      2       30      2       0       42287.83  37      92742.0  ms
success		1       65      4       30      4       0       41126.60  36      92742.0  ms
success		1       66      3       21      3       0       40753.19  35      92742.0  ms
success		1       67      5       5       5       0       39313.06  34      92742.0  ms
success		1       68      3       22      3       0       38884.47  33      92742.0  ms
success		1       69      4       31      4       0       37188.70  32      92742.0  ms
success		1       70      4       0       4       0       36596.47  31      92742.0  ms
success		1       71      4       6       4       0       34814.94  30      92742.0  ms
success		1       72      3       24      3       0       34210.25  29      92742.0  ms
success		1       73      4       24      4       0       33650.09  28      92742.0  ms
success		1       74      2       11      2       0       32916.86  27      92742.0  ms
success		1       75      9       14      9       0       32811.86  26      92742.0  ms
success		1       76      4       12      4       0       31097.05  25      92742.0  ms
success		1       77      4       6       4       0       30034.53  24      92742.0  ms
success		1       78      3       23      3       0       29758.56  23      92742.0  ms
success		1       79      2       17      2       0       28842.82  22      92742.0  ms
success		1       80      8       16      8       0       27901.55  21      92742.0  ms
success		1       81      5       2       5       0       27624.11  20      92742.0  ms
success		1       82      9       9       9       0       26383.97  19      92742.0  ms
success		1       83      4       16      4       0       25939.79  18      92742.0  ms
success		1       84      7       15      7       0       24129.90  17      92742.0  ms
success		1       85      6       15      4       0       24804.04  16      92757.0  ms
success		1       86      5       8       3       0       24657.19  15      92757.0  ms
success		1       87      10      2       8       0       21809.43  14      92757.0  ms
success		1       88      11      13      7       0       19873.80  13      92757.0  ms
success		1       89      20      3       13      0       19531.36  12      92773.0  ms
success		1       90      11      7       8       0       18190.49  11      92773.0  ms
success		1       91      15      0       9       0       16877.93  10      92788.0  ms
success		1       92      21      1       11      0       14619.78  9       92820.0  ms
success		1       93      21      1       13      0       13114.74  8       92851.0  ms
success		1       0       1       89      1       0       83549.38  101     102024.0 ms
success		1       1       1       71      1       0       83306.94  100     102024.0 ms
success		1       2       1       84      1       0       83036.63  99      102024.0 ms
success		1       3       1       5       1       0       82383.72  98      102024.0 ms
success		1       4       1       8       1       0       82281.61  97      102024.0 ms
success		1       5       2       34      2       0       80320.04  96      102024.0 ms
success		1       6       1       92      1       0       79939.64  95      102024.0 ms
success		1       7       1       28      1       0       79407.59  94      102024.0 ms
success		1       8       1       78      1       0       78343.80  93      102024.0 ms
success		1       9       1       39      1       0       77902.32  92      102024.0 ms
success		1       10      1       54      1       0       77226.53  91      102024.0 ms
success		1       11      1       10      1       0       76807.15  90      102024.0 ms
success		1       12      1       38      1       0       76044.53  89      102024.0 ms
success		1       13      1       2       1       0       75650.58  88      102024.0 ms
success		1       14      1       61      1       0       75457.00  87      102024.0 ms
success		1       15      1       12      1       0       75318.39  86      102024.0 ms
success		1       16      1       9       1       0       74682.44  85      102024.0 ms
success		1       17      1       54      1       0       74509.60  84      102024.0 ms
success		1       18      1       2       1       0       74290.11  83      102024.0 ms
success		1       19      1       80      1       0       73687.43  82      102024.0 ms
success		1       20      1       65      1       0       72085.74  81      102024.0 ms
success		1       21      1       43      1       0       71275.80  80      102024.0 ms
success		1       22      1       7       1       0       70544.84  79      102024.0 ms
success		1       23      1       21      1       0       69482.77  78      102024.0 ms
success		1       24      2       67      2       0       69332.19  77      102024.0 ms
success		1       25      1       29      1       0       67944.26  76      102024.0 ms
success		1       26      1       12      1       0       67492.41  75      102024.0 ms
success		1       27      1       61      1       0       66962.16  74      102024.0 ms
success		1       28      1       41      1       0       65657.11  73      102024.0 ms
success		1       29      1       28      1       0       65393.43  72      102024.0 ms
success		1       30      1       11      1       0       64923.94  71      102024.0 ms
success		1       31      1       18      1       0       64249.86  70      102024.0 ms
success		1       32      1       68      1       0       63750.65  69      102024.0 ms
success		1       33      2       26      2       0       63293.52  68      102024.0 ms
success		1       34      1       16      1       0       62820.18  67      102024.0 ms
success		1       35      1       59      1       0       61468.32  66      102024.0 ms
success		1       36      1       19      1       0       60964.46  65      102024.0 ms
success		1       37      1       3       1       0       60693.81  64      102024.0 ms
success		1       38      1       61      1       0       59769.86  63      102024.0 ms
success		1       39      1       18      1       0       57762.76  62      102024.0 ms
success		1       40      1       50      1       0       57666.24  61      102024.0 ms
success		1       41      1       53      1       0       57180.05  60      102024.0 ms
success		1       42      1       40      1       0       56667.88  59      102024.0 ms
success		1       43      1       25      1       0       55861.87  58      102024.0 ms
success		1       44      1       43      1       0       55479.58  57      102024.0 ms
success		1       45      2       34      2       0       55071.67  56      102024.0 ms
success		1       46      1       26      1       0       54160.90  55      102024.0 ms
success		1       47      1       48      1       0       52987.48  54      102024.0 ms
success		1       48      2       9       2       0       52338.68  53      102024.0 ms
success		1       49      3       38      3       0       52505.29  52      102024.0 ms
success		1       50      2       36      2       0       51132.52  51      102024.0 ms
success		1       51      1       42      1       0       50772.09  50      102024.0 ms
success		1       52      2       48      2       0       49186.90  49      102024.0 ms
success		1       53      3       15      3       0       48733.18  48      102024.0 ms
success		1       54      2       25      2       0       48258.62  47      102024.0 ms
success		1       55      3       42      3       0       48062.74  46      102024.0 ms
success		1       56      2       12      2       0       47725.40  45      102024.0 ms
success		1       57      1       22      1       0       47556.85  44      102024.0 ms
success		1       58      2       2       2       0       46774.88  43      102024.0 ms
success		1       59      1       42      1       0       45186.37  42      102024.0 ms
success		1       60      2       23      2       0       44579.14  41      102024.0 ms
success		1       61      2       12      2       0       44479.78  40      102024.0 ms
success		1       62      2       17      2       0       44718.12  39      102024.0 ms
success		1       63      2       27      2       0       43751.24  38      102024.0 ms
success		1       64      3       22      3       0       42763.93  37      102024.0 ms
success		1       65      2       10      2       0       41746.54  36      102024.0 ms
success		1       66      2       12      2       0       41578.47  35      102024.0 ms
success		1       67      2       8       2       0       39856.57  34      102024.0 ms
success		1       68      4       0       4       0       39231.57  33      102024.0 ms
success		1       69      1       16      1       0       38835.05  32      102024.0 ms
success		1       70      2       4       2       0       37148.09  31      102024.0 ms
success		1       71      3       7       3       0       35887.56  30      102024.0 ms
success		1       72      2       14      2       0       35158.98  29      102024.0 ms
success		1       73      3       15      3       0       33407.78  28      102024.0 ms
success		1       74      2       11      2       0       32977.43  27      102024.0 ms
success		1       75      3       12      3       0       32249.86  26      102024.0 ms
success		1       76      3       12      3       0       31477.86  25      102024.0 ms
success		1       77      5       20      5       0       31204.13  24      102024.0 ms
success		1       78      5       14      5       0       29824.16  23      102024.0 ms
success		1       79      3       21      3       0       27839.31  22      102024.0 ms
success		1       80      4       5       4       0       27944.70  21      102039.0 ms
success		1       81      7       13      7       0       27931.33  20      102039.0 ms
success		1       82      4       5       4       0       26858.82  19      102039.0 ms
success		1       83      4       15      4       0       25751.87  18      102039.0 ms
success		1       84      4       6       4       0       24491.19  17      102039.0 ms
success		1       85      4       16      3       0       23873.39  16      102039.0 ms
success		1       86      9       12      8       0       22548.25  15      102039.0 ms
success		1       87      8       7       8       0       22071.82  14      102039.0 ms
success		1       88      3       12      3       0       21008.05  13      102039.0 ms
success		1       89      9       4       7       0       19250.63  12      102039.0 ms
success		1       90      14      0       11      0       18505.12  11      102039.0 ms
success		1       91      15      8       10      0       16509.05  10      102055.0 ms
success		1       92      17      1       12      0       14442.16  9       102070.0 ms
success		1       93      41      2       9       0       13012.06  8       102242.0 ms
cross iterater0
bad   	success		8181.89   13024.24  8       113099.0 ms cross
rand   	success		8035.92   11297.41  7       113505.0 ms cross
bad   	success		7635.10   11309.57  7       113599.0 ms cross
rand   	ab
ab6	2
fail		7365.27   12176.30  7       163113.0 ms
fail		7635.10   11351.85  7       185811.0 ms
fail		8646.98   13473.88  8       205201.0 ms
cross iterater1
bad   	success		7593.12   11824.86  7       205264.0 ms cross
rand   	bad   	success		7173.90   11777.42  7       224717.0 ms cross
rand   	ab
ab6	1
fail		7173.90   12164.51  7       268443.0 ms
fail		8035.92   11406.06  7       288489.0 ms
cross iterater2
bad   	success		7302.66   12066.48  7       290002.0 ms cross
rand   	bad   	success		7719.49   12234.94  7       309970.0 ms cross
rand   	ab
ab6	3
ab7	4
fail		7845.06   12450.89  7       332979.0 ms
fail		8035.92   11406.06  7       353478.0 ms
cross iterater3
bad   	success		7291.99   12065.31  7       361683.0 ms cross
rand   	bad   	success		7879.09   11730.43  7       380044.0 ms cross
rand   	ab
ab6	4
fail		7931.87   12069.16  7       406361.0 ms
fail		7291.99   12012.97  7       418654.0 ms
cross iterater4
bad   	success		7652.74   11535.70  7       418654.0 ms cross
rand   	bad   	success		7430.45   11757.76  7       430806.0 ms cross
rand   	ab
fail		7430.45   12002.75  7       463612.0 ms
fail		7879.09   12100.20  7       480226.0 ms
cross iterater5
bad   	success		8138.18   12062.83  7       480257.0 ms cross
rand   	bad   	success		7455.26   12516.38  7       502846.0 ms cross
rand   	ab
ab6	3
ab7	5
fail		8138.18   12017.95  7       543702.0 ms
cross iterater6
bad   	success		7777.78   12162.94  7       544076.0 ms cross
rand   	bad   	success		7499.81   11675.99  7       570970.0 ms cross
rand   	ab
ab6	4
ab7	2
fail		7672.90   11763.53  7       613745.0 ms
cross iterater7
bad   	success		7620.50   11672.05  7       613745.0 ms cross
rand   	bad   	success		7654.53   11659.35  7       635959.0 ms cross
rand   	ab
ab6	2
cross iterater8
ab
ab6	1
fail		8202.15   12173.38  7       688905.0 ms
cross iterater9
bad   	success		7686.96   12026.95  7       688905.0 ms cross
rand   	bad   	success		7843.40   11187.93  7       701431.0 ms cross
rand   	ab
ab7	0
fail		8227.22   12469.16  7       746468.0 ms
cross iterater10
bad   	success		7719.61   11533.40  7       748636.0 ms cross
rand   	bad   	success		7837.47   12372.73  7       769509.0 ms cross
rand   	ab
ab7	0
fail		7686.96   12153.56  7       820333.0 ms
fail		8353.13   12142.45  7       839193.0 ms
cross iterater11
bad   	success		8310.81   11933.14  7       839209.0 ms cross
rand   	bad   	success		8010.63   11456.41  7       862624.0 ms cross
rand   	ab
fail		8270.74   12012.94  7       906241.0 ms
fail		7719.61   11821.35  7       927535.0 ms
cross iterater12
bad   	success		7406.36   11265.36  7       927550.0 ms cross
rand   	bad   	success		7767.62   11660.89  7       947112.0 ms cross
rand   	ab
ab6	1
fail		7843.40   11606.98  7       999871.0 ms
fail		7406.36   11562.84  7       1020385.0 ms
cross iterater13
bad   	success		7980.86   11870.11  7       1020400.0 ms cross
rand   	bad   	success		7803.33   11592.58  7       1036094.0 ms cross
rand   	ab
ab6	1
fail		7843.40   11606.98  7       1073299.0 ms
cross iterater14
bad   	rand   	success		7807.10   11158.75  7       1094375.0 ms cross
bad   	success		7577.57   10979.03  7       1094375.0 ms cross
rand   	ab
fail		7767.62   11892.89  7       1139708.0 ms
fail		7803.33   11891.57  7       1155807.0 ms
cross iterater15
ab
ab7	0
cross iterater16
bad   	success		8096.49   11334.11  7       1155931.0 ms cross
rand   	bad   	rand   	ab
ab6	2
ab7	1
cross iterater17
ab
ab6	4
ab7	3
fail		7914.17   12240.79  7       1213822.0 ms
cross iterater18
bad   	success		8167.83   11775.15  7       1215226.0 ms cross
rand   	bad   	success		7563.57   11111.23  7       1233634.0 ms cross
rand   	ab
ab6	5
ab7	4
fail		7807.10   11270.23  7       1270278.0 ms
cross iterater19
ab
ab6	2
ab7	3
fail		7533.62   11839.39  7       1289778.0 ms
fail		7672.23   11491.57  7       1309153.0 ms
cross iterater20
bad   	success		7394.91   11469.36  7       1309168.0 ms cross
rand   	bad   	success		7918.26   11396.54  7       1330727.0 ms cross
rand   	ab
ab7	0
fail		7676.48   12380.21  7       1364095.0 ms
fail		7817.58   12430.37  7       1376559.0 ms
cross iterater21
bad   	success		7416.89   11368.25  7       1376559.0 ms cross
rand   	bad   	success		7647.18   12128.56  7       1391504.0 ms cross
rand   	ab
ab7	5
fail		7918.26   11613.20  7       1424903.0 ms
fail		7416.89   11540.28  7       1442812.0 ms
cross iterater22
bad   	success		7405.48   11975.79  7       1442827.0 ms cross
rand   	bad   	success		8151.57   11035.67  7       1462062.0 ms cross
rand   	ab
ab7	0
fail		7405.48   12009.45  7       1513541.0 ms
fail		7416.89   11540.28  7       1531434.0 ms
fail		7394.91   11550.43  7       1555707.0 ms
cross iterater23
bad   	success		8255.00   11918.18  7       1555723.0 ms cross
rand   	bad   	success		8138.95   11840.76  7       1576128.0 ms cross
rand   	ab
ab7	0
fail		7416.89   11540.28  7       1607358.0 ms
cross iterater24
ab
ab6	1
fail		7545.06   12070.10  7       1627700.0 ms
fail		7405.48   12009.45  7       1656498.0 ms
fail		8255.00   11992.89  7       1676715.0 ms
cross iterater25
ab
ab7	0
fail		7416.89   11540.28  7       1701222.0 ms
cross iterater26
bad   	success		7752.22   11430.79  7       1701269.0 ms cross
rand   	bad   	rand   	ab
ab6	1
cross iterater27
bad   	success		7152.56   10991.35  7       1753310.0 ms cross
rand   	bad   	success		7782.50   11961.36  7       1777786.0 ms cross
rand   	ab
ab6	0
fail		8255.00   11992.89  7       1799719.0 ms
fail		7152.56   11309.89  7       1813931.0 ms
cross iterater28
bad   	rand   	bad   	success		7993.15   11709.24  7       1848001.0 ms cross
rand   	ab
ab6	0
cross iterater29
bad   	success		7222.76   12145.50  7       1873819.0 ms cross
rand   	bad   	success		7748.79   11388.06  7       1892647.0 ms cross
rand   	ab
ab6	2
ab7	5
fail		7152.56   11309.89  7       1931585.0 ms
fail		7993.15   11938.70  7       1949259.0 ms
cross iterater30
ab
ab6	5
cross iterater31
bad   	success		7268.05   11554.93  7       1949259.0 ms cross
rand   	bad   	success		7111.02   11981.56  7       1965904.0 ms cross
rand   	ab
ab6	1
fail		7268.05   11737.20  7       1996651.0 ms
cross iterater32
ab
ab7	0
fail		7152.56   11309.89  7       2014513.0 ms
cross iterater33
bad   	success		7956.27   11655.01  7       2014529.0 ms cross
rand   	bad   	success		7808.65   11458.43  7       2028397.0 ms cross
rand   	ab
ab6	0
ab7	4
fail		7752.22   11719.28  7       2059893.0 ms
cross iterater34
bad   	success		7740.89   12014.78  7       2059893.0 ms cross
rand   	bad   	success		7524.60   11722.23  7       2079299.0 ms cross
rand   	ab
ab6	5
ab7	4
cross iterater35
bad   	success		8097.64   11561.58  7       2118470.0 ms cross
rand   	bad   	success		7335.11   11529.02  7       2142868.0 ms cross
rand   	ab
ab6	3
cross iterater36
bad   	success		7744.64   12051.84  7       2162072.0 ms cross
rand   	bad   	success		7857.41   11915.55  7       2176517.0 ms cross
rand   	ab
ab7	0
ab6	2
cross iterater37
ab
ab6	4
ab7	5
fail		7744.73   11713.56  7       2210181.0 ms
fail		7335.11   11650.87  7       2235282.0 ms
cross iterater38
bad   	success		7270.43   12025.29  7       2235297.0 ms cross
rand   	bad   	success		8160.53   11958.50  7       2249212.0 ms cross
rand   	ab
ab7	5
ab6	1
cross iterater39
bad   	success		7419.50   12678.60  7       2264999.0 ms cross
rand   	bad   	success		7454.25   12048.52  7       2286074.0 ms cross
rand   	ab
ab6	3
ab7	1
cross iterater40
bad   	success		8314.22   12051.61  7       2300894.0 ms cross
rand   	bad   	success		7510.52   11826.04  7       2311377.0 ms cross
rand   	ab
ab6	4
ab7	5
fail		7994.72   11878.28  7       2342015.0 ms
cross iterater41
bad   	success		7991.69   11673.69  7       2342031.0 ms cross
rand   	bad   	rand   	success		7999.66   12870.90  7       2388581.0 ms cross
ab
ab7	4
ab6	2
fail		7994.72   11878.28  7       2401731.0 ms
fail		7678.44   11863.73  7       2413431.0 ms
fail		7308.09   11486.08  7       2430014.0 ms
fail		7744.73   11713.56  7       2443414.0 ms
cross iterater42
bad   	success		7533.36   11368.76  7       2443414.0 ms cross
rand   	bad   	success		7649.90   11323.14  7       2458047.0 ms cross
rand   	ab
ab7	4
cross iterater43
bad   	success		7792.00   11555.88  7       2473194.0 ms cross
rand   	bad   	success		7913.89   11093.20  7       2497046.0 ms cross
rand   	ab
ab7	0
fail		7678.44   11863.73  7       2533253.0 ms
cross iterater44
bad   	success		8186.23   12307.26  7       2533253.0 ms cross
rand   	bad   	success		7451.41   11568.95  7       2559289.0 ms cross
rand   	ab
ab7	3
ab6	0
cross iterater45
bad   	success		7914.50   10965.47  7       2586433.0 ms cross
rand   	bad   	success		7472.48   11365.92  7       2605434.0 ms cross
rand   	ab
ab7	0
fail		7792.00   11591.02  7       2651484.0 ms
cross iterater46
bad   	success		7201.02   11544.16  7       2651500.0 ms cross
rand   	bad   	success		7492.86   11425.25  7       2674416.0 ms cross
rand   	ab
ab6	4
ab7	0
fail		7492.86   11494.29  7       2715865.0 ms
cross iterater47
bad   	success		7459.51   11215.14  7       2715865.0 ms cross
rand   	bad   	success		7725.57   11118.71  7       2733524.0 ms cross
rand   	ab
fail		7283.79   11792.65  7       2777499.0 ms
fail		7725.57   11398.83  7       2803067.0 ms
cross iterater48
bad   	success		7593.27   11381.41  7       2803083.0 ms cross
rand   	bad   	success		7384.37   11579.96  7       2817887.0 ms cross
rand   	ab
ab7	4
fail		7725.57   11398.83  7       2846216.0 ms
cross iterater49
bad   	success		7349.50   11428.90  7       2846232.0 ms cross
rand   	bad   	success		7548.89   11251.05  7       2864733.0 ms cross
rand   	ab
ab7	0
fail		8758.64   12058.67  7       2907321.0 ms
fail		7593.27   11523.83  7       2924980.0 ms
fail		7548.89   11405.17  7       2950314.0 ms
cross iterater50
ab
ab6	1
fail		8371.88   11798.50  7       2972622.0 ms
fail		7914.50   11528.70  7       2990452.0 ms
fail		7349.50   11514.92  7       3010529.0 ms
cross iterater51
bad   	success		7740.01   11868.64  7       3010545.0 ms cross
rand   	bad   	success		8188.67   11589.72  7       3022619.0 ms cross
rand   	ab
ab6	2
fail		7593.27   11523.83  7       3070136.0 ms
cross iterater52
bad   	success		8134.51   11317.24  7       3070152.0 ms cross
rand   	bad   	success		7914.15   11121.69  7       3095720.0 ms cross
rand   	ab
ab6	1
fail		8188.67   11733.06  7       3132114.0 ms
cross iterater53
ab
ab6	1
fail		8334.98   11810.76  7       3146544.0 ms
fail		7593.27   11523.83  7       3160708.0 ms
cross iterater54
bad   	success		7684.85   11445.62  7       3160724.0 ms cross
rand   	bad   	success		7666.90   11154.90  7       3173422.0 ms cross
rand   	ab
ab6	4
ab7	2
fail		7548.89   11405.17  7       3207414.0 ms
cross iterater55
bad   	success		7575.37   11574.02  7       3207570.0 ms cross
rand   	bad   	success		8244.27   11748.31  7       3222047.0 ms cross
rand   	ab
ab6	4
ab7	2
cross iterater56
bad   	success		7960.33   12091.79  7       3236804.0 ms cross
rand   	bad   	success		7828.55   11306.93  7       3251686.0 ms cross
rand   	ab
ab6	3
ab7	4
cross iterater57
bad   	success		7899.40   11242.54  7       3267863.0 ms cross
rand   	bad   	success		7243.84   12237.04  7       3280718.0 ms cross
rand   	ab
ab6	2
ab7	4
fail		8119.18   11982.71  7       3310981.0 ms
fail		7942.27   12619.44  7       3324772.0 ms
fail		7828.55   11488.39  7       3340917.0 ms
cross iterater58
ab
ab7	2
fail		8138.41   12228.99  7       3357141.0 ms
cross iterater59
bad   	success		7831.02   12102.16  7       3357157.0 ms cross
rand   	bad   	success		7962.36   12534.40  7       3369309.0 ms cross
rand   	ab
ab7	0
ab6	3
fail		8138.41   12228.99  7       3396796.0 ms
cross iterater60
bad   	rand   	bad   	success		7362.05   11914.38  7       3414580.0 ms cross
rand   	ab
ab6	4
ab7	5
fail		8060.77   12403.91  7       3446091.0 ms
fail		8093.79   12197.70  7       3462190.0 ms
cross iterater61
bad   	success		8407.55   11408.24  7       3462190.0 ms cross
rand   	bad   	rand   	success		8121.80   11998.35  7       3490317.0 ms cross
ab
ab7	0
cross iterater62
bad   	success		8243.38   11031.50  7       3490317.0 ms cross
rand   	bad   	success		8219.99   11716.91  7       3509816.0 ms cross
rand   	ab
ab6	3
fail		8332.50   12466.99  7       3542124.0 ms
cross iterater63
bad   	success		8153.55   12300.70  7       3542170.0 ms cross
rand   	bad   	success		7742.67   12227.16  7       3554260.0 ms cross
rand   	ab
ab7	0
fail		7362.05   12103.95  7       3578128.0 ms
cross iterater64
bad   	success		8107.63   12457.99  7       3578128.0 ms cross
rand   	bad   	success		7963.93   11481.46  7       3593681.0 ms cross
rand   	ab
ab6	4
ab7	3
cross iterater65

R.size:7

1		28	49	153	149	172	197	164	35	5	62	170	25	104	187	176	58	12	125	119	90	137	11	2	193	18	102	36	110	146	135	
2		142	152	47	48	15	7	68	196	14	150	78	132	180	130	116	27	72	186	95	80	73	1	64	141	75	69	34	175	
3		54	100	4	92	57	37	133	169	40	143	59	65	99	108	23	94	189	109	114	86	41	88	179	195	55	107	115	66	157	29	81	139	204	33	67	202	
4		199	84	127	155	171	105	188	165	112	117	52	129	22	194	121	96	74	30	
5		120	6	203	42	181	63	97	118	26	46	159	77	20	138	113	191	134	144	87	17	71	123	174	13	185	19	200	93	83	103	
6		163	156	161	147	167	183	124	43	98	61	190	3	136	184	16	111	101	32	192	50	79	91	51	178	148	158	8	60	
7		140	131	182	24	31	85	128	56	45	168	177	53	151	38	160	173	21	166	198	106	44	145	126	154	70	9	89	82	162	122	10	76	39	201	

data1/pdp200/LRC2_2_2.txt
total_cost 7111.017698

