success		1       0       1       97      1       0       59773.91  100     0.0      ms
success		1       1       1       94      1       0       59426.70  99      0.0      ms
success		1       2       1       30      1       0       58928.97  98      0.0      ms
success		1       3       1       11      1       0       59001.42  97      0.0      ms
success		1       4       1       52      1       0       57581.44  96      0.0      ms
success		1       5       1       39      1       0       55965.29  95      0.0      ms
success		1       6       1       14      1       0       55813.19  94      0.0      ms
success		1       7       1       57      1       0       55096.46  93      0.0      ms
success		1       8       2       34      2       0       54682.74  92      0.0      ms
success		1       9       1       89      1       0       54743.60  91      0.0      ms
success		1       10      1       44      1       0       54764.55  90      0.0      ms
success		1       11      1       8       1       0       54202.94  89      0.0      ms
success		1       12      1       20      1       0       53410.19  88      0.0      ms
success		1       13      1       46      1       0       53547.41  87      0.0      ms
success		1       14      1       83      1       0       52685.95  86      0.0      ms
success		1       15      1       65      1       0       52533.25  85      0.0      ms
success		1       16      1       20      1       0       52231.73  84      0.0      ms
success		1       17      1       1       1       0       52012.56  83      0.0      ms
success		1       18      1       56      1       0       51916.31  82      0.0      ms
success		1       19      1       7       1       0       51965.87  81      0.0      ms
success		1       20      1       15      1       0       50705.30  80      0.0      ms
success		1       21      1       37      1       0       50598.58  79      0.0      ms
success		1       22      1       44      1       0       50562.59  78      0.0      ms
success		1       23      2       15      2       0       50191.95  77      0.0      ms
success		1       24      2       73      2       0       49157.17  76      0.0      ms
success		1       25      1       1       1       0       49167.17  75      0.0      ms
success		1       26      1       36      1       0       48281.29  74      0.0      ms
success		1       27      1       36      1       0       47228.49  73      0.0      ms
success		1       28      1       18      1       0       47330.72  72      0.0      ms
success		1       29      3       31      3       0       46801.47  71      16.0     ms
success		1       30      1       27      1       0       45856.80  70      16.0     ms
success		1       31      1       14      1       0       46020.37  69      16.0     ms
success		1       32      1       8       1       0       45834.88  68      16.0     ms
success		1       33      2       2       2       0       45725.06  67      16.0     ms
success		1       34      1       15      1       0       45167.30  66      16.0     ms
success		1       35      1       22      1       0       43858.45  65      16.0     ms
success		1       36      2       44      2       0       43603.66  64      16.0     ms
success		1       37      1       53      1       0       43386.13  63      16.0     ms
success		1       38      1       0       1       0       42211.16  62      16.0     ms
success		1       39      3       46      3       0       41527.67  61      16.0     ms
success		1       40      1       25      1       0       41410.32  60      16.0     ms
success		1       41      1       1       1       0       41014.64  59      16.0     ms
success		1       42      1       3       1       0       41074.06  58      16.0     ms
success		1       43      3       18      3       0       39858.14  57      16.0     ms
success		1       44      1       7       1       0       39209.37  56      16.0     ms
success		1       45      2       16      2       0       39150.26  55      16.0     ms
success		1       46      4       15      4       0       38477.16  54      16.0     ms
success		1       47      3       15      3       0       37752.94  53      16.0     ms
success		1       48      3       31      3       0       36655.83  52      16.0     ms
success		1       49      3       7       3       0       37764.22  51      16.0     ms
success		1       50      2       33      2       0       37860.95  50      16.0     ms
success		1       51      2       29      2       0       37833.91  49      16.0     ms
success		1       52      4       18      4       0       37275.47  48      16.0     ms
success		1       53      1       30      1       0       36963.78  47      16.0     ms
success		1       54      1       45      1       0       36334.44  46      16.0     ms
success		1       55      4       35      4       0       35751.96  45      16.0     ms
success		1       56      1       11      1       0       35478.36  44      16.0     ms
success		1       57      3       2       3       0       34643.73  43      16.0     ms
success		1       58      1       42      1       0       34682.38  42      16.0     ms
success		1       59      1       17      1       0       34438.62  41      16.0     ms
success		1       60      3       18      3       0       33723.04  40      16.0     ms
success		1       61      1       6       1       0       33852.46  39      31.0     ms
success		1       62      4       10      4       0       33310.26  38      31.0     ms
success		1       63      5       19      5       0       32932.98  37      31.0     ms
success		1       64      2       8       2       0       32455.14  36      31.0     ms
success		1       65      1       25      1       0       32602.27  35      31.0     ms
success		1       66      1       10      1       0       32361.32  34      31.0     ms
success		1       67      3       11      3       0       31381.58  33      31.0     ms
success		1       68      5       4       5       0       31350.92  32      31.0     ms
success		1       69      3       5       3       0       31677.44  31      31.0     ms
success		1       70      2       0       2       0       31618.73  30      31.0     ms
success		1       71      4       7       4       0       31182.01  29      31.0     ms
success		1       72      4       27      4       0       32225.83  28      31.0     ms
success		1       73      3       13      3       0       31145.68  27      31.0     ms
success		1       74      1       21      1       0       30265.58  26      31.0     ms
success		1       75      5       18      5       0       29482.69  25      31.0     ms
success		1       76      2       4       2       0       28954.65  24      31.0     ms
success		1       77      5       3       5       0       28254.86  23      31.0     ms
success		1       78      5       14      5       0       27678.64  22      31.0     ms
success		1       79      1       17      1       0       26087.03  21      31.0     ms
success		1       80      5       4       5       0       25512.14  20      31.0     ms
success		1       81      5       14      5       0       24945.56  19      31.0     ms
success		1       82      8       17      8       0       24284.40  18      31.0     ms
success		1       83      5       3       5       0       23029.84  17      31.0     ms
success		1       84      6       15      6       0       21914.96  16      31.0     ms
success		1       85      5       3       5       0       20484.17  15      31.0     ms
success		1       86      6       9       6       0       19304.79  14      31.0     ms
success		1       87      6       9       6       0       18804.79  13      31.0     ms
success		1       88      6       6       6       0       17132.43  12      31.0     ms
success		1       89      6       8       6       0       15673.18  11      31.0     ms
success		1       90      13      4       13      0       14170.61  10      47.0     ms
success		1       91      12      4       11      0       14064.56  9       47.0     ms
success		1       92      9       3       7       0       12594.92  8       94.0     ms
success		1       93      13      5       10      0       10170.61  7       140.0    ms
success		1       94      22      4       18      0       8920.44   6       234.0    ms
success		1       95      38      0       19      0       7729.80   5       733.0    ms
success		1       96      496     4       20      0       5689.53   4       9157.0   ms
success		1       0       1       0       1       0       73080.27  100     86704.0  ms
success		1       1       1       16      1       0       72739.77  99      86704.0  ms
success		1       2       1       79      1       0       72551.62  98      86704.0  ms
success		1       3       1       39      1       0       71125.67  97      86704.0  ms
success		1       4       1       20      1       0       70836.57  96      86704.0  ms
success		1       5       1       63      1       0       69428.71  95      86704.0  ms
success		1       6       1       24      1       0       68662.14  94      86704.0  ms
success		1       7       1       84      1       0       68339.45  93      86704.0  ms
success		1       8       1       64      1       0       67694.89  92      86704.0  ms
success		1       9       1       71      1       0       67046.90  91      86704.0  ms
success		1       10      1       7       1       0       65810.80  90      86704.0  ms
success		1       11      1       32      1       0       65434.48  89      86704.0  ms
success		1       12      2       2       2       0       65118.93  88      86704.0  ms
success		1       13      1       21      1       0       64653.96  87      86704.0  ms
success		1       14      2       51      2       0       64848.63  86      86704.0  ms
success		1       15      1       83      1       0       64651.48  85      86704.0  ms
success		1       16      1       17      1       0       63925.48  84      86704.0  ms
success		1       17      1       32      1       0       63393.08  83      86704.0  ms
success		1       18      1       73      1       0       63062.83  82      86704.0  ms
success		1       19      1       73      1       0       62917.99  81      86704.0  ms
success		1       20      1       8       1       0       62763.18  80      86704.0  ms
success		1       21      1       76      1       0       62372.93  79      86704.0  ms
success		1       22      1       73      1       0       61090.68  78      86704.0  ms
success		1       23      1       41      1       0       60827.32  77      86704.0  ms
success		1       24      2       72      2       0       60544.56  76      86704.0  ms
success		1       25      1       7       1       0       60394.15  75      86704.0  ms
success		1       26      1       69      1       0       58580.20  74      86704.0  ms
success		1       27      2       65      2       0       57679.30  73      86704.0  ms
success		1       28      2       31      2       0       57368.20  72      86704.0  ms
success		1       29      1       39      1       0       56944.82  71      86704.0  ms
success		1       30      1       50      1       0       56893.52  70      86704.0  ms
success		1       31      1       13      1       0       55943.18  69      86704.0  ms
success		1       32      1       6       1       0       55582.44  68      86704.0  ms
success		1       33      1       40      1       0       55338.90  67      86704.0  ms
success		1       34      1       11      1       0       54449.37  66      86704.0  ms
success		1       35      3       59      3       0       53465.38  65      86704.0  ms
success		1       36      1       47      1       0       53306.80  64      86704.0  ms
success		1       37      1       23      1       0       53048.91  63      86704.0  ms
success		1       38      1       53      1       0       52536.77  62      86719.0  ms
success		1       39      3       56      3       0       52216.41  61      86719.0  ms
success		1       40      3       45      3       0       52298.05  60      86719.0  ms
success		1       41      1       51      1       0       52009.60  59      86719.0  ms
success		1       42      1       2       1       0       51683.48  58      86719.0  ms
success		1       43      1       38      1       0       50310.39  57      86719.0  ms
success		1       44      1       24      1       0       49149.07  56      86719.0  ms
success		1       45      3       37      3       0       48633.43  55      86719.0  ms
success		1       46      1       22      1       0       47157.56  54      86719.0  ms
success		1       47      1       45      1       0       46293.44  53      86719.0  ms
success		1       48      2       25      2       0       45496.24  52      86719.0  ms
success		1       49      1       49      1       0       45272.00  51      86719.0  ms
success		1       50      2       29      2       0       44702.58  50      86719.0  ms
success		1       51      2       11      2       0       43423.51  49      86719.0  ms
success		1       52      3       37      3       0       42383.27  48      86719.0  ms
success		1       53      3       3       3       0       41873.93  47      86719.0  ms
success		1       54      1       22      1       0       41068.94  46      86719.0  ms
success		1       55      2       35      2       0       40927.64  45      86719.0  ms
success		1       56      3       8       3       0       40740.75  44      86719.0  ms
success		1       57      3       16      3       0       40129.62  43      86719.0  ms
success		1       58      2       32      2       0       38662.35  42      86719.0  ms
success		1       59      3       25      3       0       37247.02  41      86719.0  ms
success		1       60      2       31      2       0       36863.95  40      86719.0  ms
success		1       61      3       26      3       0       35671.54  39      86719.0  ms
success		1       62      1       31      1       0       35414.69  38      86719.0  ms
success		1       63      1       15      1       0       34510.62  37      86719.0  ms
success		1       64      1       4       1       0       34112.01  36      86719.0  ms
success		1       65      3       31      3       0       33529.13  35      86719.0  ms
success		1       66      1       12      1       0       33089.67  34      86719.0  ms
success		1       67      2       20      2       0       32185.35  33      86719.0  ms
success		1       68      4       23      4       0       31220.68  32      86719.0  ms
success		1       69      2       14      2       0       30619.25  31      86719.0  ms
success		1       70      2       17      2       0       29717.58  30      86719.0  ms
success		1       71      2       1       2       0       28421.23  29      86719.0  ms
success		1       72      4       23      4       0       28155.86  28      86719.0  ms
success		1       73      2       11      2       0       27741.16  27      86719.0  ms
success		1       74      4       25      4       0       26817.74  26      86719.0  ms
success		1       75      1       20      1       0       26674.56  25      86719.0  ms
success		1       76      5       22      5       0       26344.57  24      86719.0  ms
success		1       77      1       4       1       0       26101.10  23      86719.0  ms
success		1       78      4       13      4       0       24527.93  22      86719.0  ms
success		1       79      7       21      7       0       23738.35  21      86719.0  ms
success		1       80      8       7       8       0       23887.60  20      86719.0  ms
success		1       81      5       5       5       0       22623.61  19      86719.0  ms
success		1       82      4       6       4       0       21789.25  18      86719.0  ms
success		1       83      1       17      1       0       20797.99  17      86719.0  ms
success		1       84      4       6       4       0       20347.79  16      86719.0  ms
success		1       85      2       10      2       0       19047.50  15      86719.0  ms
success		1       86      8       4       8       0       18005.27  14      86719.0  ms
success		1       87      6       9       6       0       16932.88  13      86719.0  ms
success		1       88      5       11      5       0       16536.99  12      86719.0  ms
success		1       89      10      1       10      0       15263.43  11      86719.0  ms
success		1       90      8       2       8       0       14295.78  10      86719.0  ms
success		1       91      13      8       13      0       13091.18  9       86719.0  ms
success		1       92      11      1       9       0       11646.62  8       86735.0  ms
success		1       93      15      5       11      0       10497.11  7       86766.0  ms
success		1       94      27      6       20      0       9094.11   6       86828.0  ms
success		1       95      34      2       13      0       7447.67   5       87234.0  ms
success		1       96      173     0       21      0       5959.64   4       91118.0  ms
success		1       0       1       77      1       0       73709.78  100     178134.0 ms
success		1       1       1       68      1       0       73607.55  99      178134.0 ms
success		1       2       1       27      1       0       73242.18  98      178134.0 ms
success		1       3       1       62      1       0       72791.01  97      178134.0 ms
success		1       4       1       86      1       0       72547.17  96      178134.0 ms
success		1       5       1       89      1       0       71841.93  95      178134.0 ms
success		1       6       1       54      1       0       71357.75  94      178134.0 ms
success		1       7       1       11      1       0       71190.56  93      178134.0 ms
success		1       8       1       10      1       0       71151.29  92      178134.0 ms
success		1       9       2       25      2       0       70805.38  91      178134.0 ms
success		1       10      1       53      1       0       70508.62  90      178134.0 ms
success		1       11      2       49      2       0       68593.15  89      178134.0 ms
success		1       12      2       9       2       0       68202.78  88      178134.0 ms
success		1       13      1       66      1       0       68025.16  87      178134.0 ms
success		1       14      1       80      1       0       67546.68  86      178134.0 ms
success		1       15      1       32      1       0       67297.84  85      178134.0 ms
success		1       16      1       53      1       0       66513.00  84      178134.0 ms
success		1       17      1       7       1       0       65981.14  83      178134.0 ms
success		1       18      2       9       2       0       65697.20  82      178134.0 ms
success		1       19      1       42      1       0       65399.59  81      178134.0 ms
success		1       20      3       78      3       0       64859.40  80      178134.0 ms
success		1       21      1       29      1       0       64182.73  79      178134.0 ms
success		1       22      2       12      2       0       64368.13  78      178134.0 ms
success		1       23      1       30      1       0       63482.11  77      178134.0 ms
success		1       24      1       36      1       0       63266.86  76      178134.0 ms
success		1       25      1       27      1       0       62698.63  75      178134.0 ms
success		1       26      1       19      1       0       62540.36  74      178134.0 ms
success		1       27      1       72      1       0       61352.26  73      178134.0 ms
success		1       28      1       58      1       0       61191.75  72      178134.0 ms
success		1       29      1       39      1       0       59931.88  71      178134.0 ms
success		1       30      3       44      3       0       59736.94  70      178134.0 ms
success		1       31      1       33      1       0       59627.99  69      178134.0 ms
success		1       32      1       56      1       0       59169.97  68      178134.0 ms
success		1       33      1       13      1       0       57714.44  67      178134.0 ms
success		1       34      1       51      1       0       56426.22  66      178134.0 ms
success		1       35      1       51      1       0       55995.23  65      178134.0 ms
success		1       36      1       23      1       0       55760.87  64      178134.0 ms
success		1       37      1       10      1       0       55573.71  63      178134.0 ms
success		1       38      1       45      1       0       55237.41  62      178134.0 ms
success		1       39      1       60      1       0       55111.99  61      178134.0 ms
success		1       40      2       39      2       0       55183.18  60      178134.0 ms
success		1       41      2       52      2       0       54370.78  59      178134.0 ms
success		1       42      1       13      1       0       53763.71  58      178134.0 ms
success		1       43      3       15      3       0       53403.38  57      178134.0 ms
success		1       44      1       27      1       0       52840.68  56      178134.0 ms
success		1       45      2       42      2       0       52279.18  55      178134.0 ms
success		1       46      1       22      1       0       50698.44  54      178134.0 ms
success		1       47      1       50      1       0       50263.01  53      178134.0 ms
success		1       48      3       37      3       0       49994.78  52      178134.0 ms
success		1       49      2       26      2       0       49437.54  51      178134.0 ms
success		1       50      1       36      1       0       48441.80  50      178134.0 ms
success		1       51      2       8       2       0       47981.60  49      178134.0 ms
success		1       52      1       23      1       0       47491.01  48      178134.0 ms
success		1       53      1       30      1       0       46197.37  47      178134.0 ms
success		1       54      1       30      1       0       45238.38  46      178134.0 ms
success		1       55      2       29      2       0       45245.16  45      178134.0 ms
success		1       56      5       8       5       0       44709.14  44      178134.0 ms
success		1       57      4       40      4       0       43560.73  43      178134.0 ms
success		1       58      1       38      1       0       41715.83  42      178150.0 ms
success		1       59      2       20      2       0       40273.55  41      178150.0 ms
success		1       60      2       0       2       0       38901.44  40      178150.0 ms
success		1       61      6       5       6       0       38051.26  39      178150.0 ms
success		1       62      3       15      3       0       37000.94  38      178150.0 ms
success		1       63      1       6       1       0       35752.51  37      178150.0 ms
success		1       64      6       22      6       0       35379.28  36      178150.0 ms
success		1       65      2       14      2       0       34956.20  35      178150.0 ms
success		1       66      1       5       1       0       34367.80  34      178150.0 ms
success		1       67      4       27      4       0       33444.72  33      178150.0 ms
success		1       68      3       17      3       0       32640.37  32      178150.0 ms
success		1       69      6       26      6       0       32080.40  31      178150.0 ms
success		1       70      5       2       5       0       31569.82  30      178150.0 ms
success		1       71      6       13      6       0       30863.21  29      178150.0 ms
success		1       72      2       7       2       0       29762.85  28      178150.0 ms
success		1       73      1       27      1       0       29758.71  27      178150.0 ms
success		1       74      4       10      4       0       28884.44  26      178150.0 ms
success		1       75      3       3       3       0       28263.35  25      178150.0 ms
success		1       76      2       19      2       0       26787.69  24      178150.0 ms
success		1       77      2       4       2       0       25859.52  23      178150.0 ms
success		1       78      4       22      4       0       24806.89  22      178150.0 ms
success		1       79      4       8       4       0       24607.60  21      178150.0 ms
success		1       80      5       15      5       0       23602.41  20      178150.0 ms
success		1       81      8       7       8       0       22779.65  19      178150.0 ms
success		1       82      10      0       10      0       22114.13  18      178150.0 ms
success		1       83      5       9       5       0       20947.20  17      178150.0 ms
success		1       84      10      6       10      0       21075.66  16      178150.0 ms
success		1       85      7       11      7       0       20077.34  15      178150.0 ms
success		1       86      9       3       9       0       18794.72  14      178150.0 ms
success		1       87      6       0       6       0       18034.39  13      178150.0 ms
success		1       88      8       0       8       0       17336.98  12      178150.0 ms
success		1       89      9       1       9       0       16221.42  11      178150.0 ms
success		1       90      6       9       6       0       15109.55  10      178150.0 ms
success		1       91      10      6       9       0       12788.64  9       178150.0 ms
success		1       92      16      5       15      0       12357.73  8       178165.0 ms
success		1       93      15      5       11      0       10799.84  7       178181.0 ms
success		1       94      18      3       12      0       8448.88   6       178259.0 ms
success		1       95      40      1       13      0       7022.69   5       178586.0 ms
success		1       96      301     4       21      0       5845.68   4       184811.0 ms
success		1       0       1       39      1       0       72779.92  100     230861.0 ms
success		1       1       1       73      1       0       72536.81  99      230861.0 ms
success		1       2       1       81      1       0       71787.79  98      230861.0 ms
success		1       3       1       54      1       0       71583.55  97      230861.0 ms
success		1       4       1       48      1       0       71266.10  96      230861.0 ms
success		1       5       1       88      1       0       70903.83  95      230861.0 ms
success		1       6       1       12      1       0       70263.55  94      230861.0 ms
success		1       7       1       8       1       0       68994.57  93      230861.0 ms
success		1       8       1       23      1       0       68855.14  92      230861.0 ms
success		1       9       1       75      1       0       68499.67  91      230861.0 ms
success		1       10      1       82      1       0       68179.48  90      230861.0 ms
success		1       11      1       63      1       0       67755.83  89      230861.0 ms
success		1       12      2       24      2       0       67344.41  88      230861.0 ms
success		1       13      2       31      2       0       67071.50  87      230861.0 ms
success		1       14      1       80      1       0       66435.01  86      230861.0 ms
success		1       15      1       28      1       0       65991.03  85      230861.0 ms
success		1       16      1       64      1       0       65845.02  84      230861.0 ms
success		1       17      4       62      4       0       65840.14  83      230861.0 ms
success		1       18      1       70      1       0       65528.61  82      230861.0 ms
success		1       19      1       67      1       0       64814.24  81      230861.0 ms
success		1       20      1       9       1       0       64616.14  80      230861.0 ms
success		1       21      1       77      1       0       64213.58  79      230861.0 ms
success		1       22      1       44      1       0       62714.40  78      230861.0 ms
success		1       23      1       36      1       0       62413.40  77      230861.0 ms
success		1       24      1       48      1       0       61033.42  76      230861.0 ms
success		1       25      1       12      1       0       60964.14  75      230861.0 ms
success		1       26      2       62      2       0       60763.26  74      230861.0 ms
success		1       27      1       52      1       0       59342.04  73      230861.0 ms
success		1       28      1       5       1       0       59010.50  72      230861.0 ms
success		1       29      1       63      1       0       57650.86  71      230861.0 ms
success		1       30      2       67      2       0       57303.21  70      230861.0 ms
success		1       31      1       67      1       0       57148.60  69      230861.0 ms
success		1       32      1       21      1       0       57178.05  68      230861.0 ms
success		1       33      1       13      1       0       56408.04  67      230861.0 ms
success		1       34      3       46      3       0       55847.92  66      230861.0 ms
success		1       35      2       26      2       0       55056.83  65      230861.0 ms
success		1       36      2       20      2       0       55092.34  64      230861.0 ms
success		1       37      1       35      1       0       53866.59  63      230861.0 ms
success		1       38      3       49      3       0       53461.16  62      230861.0 ms
success		1       39      3       56      3       0       52876.39  61      230877.0 ms
success		1       40      3       30      3       0       52509.54  60      230877.0 ms
success		1       41      1       35      1       0       51590.31  59      230877.0 ms
success		1       42      1       45      1       0       50449.55  58      230877.0 ms
success		1       43      2       57      2       0       48907.33  57      230877.0 ms
success		1       44      1       36      1       0       48729.64  56      230877.0 ms
success		1       45      4       40      4       0       48660.96  55      230877.0 ms
success		1       46      1       44      1       0       48428.65  54      230877.0 ms
success		1       47      1       37      1       0       48326.87  53      230877.0 ms
success		1       48      2       29      2       0       47661.66  52      230877.0 ms
success		1       49      1       13      1       0       46019.68  51      230877.0 ms
success		1       50      1       19      1       0       45591.70  50      230877.0 ms
success		1       51      1       48      1       0       44691.40  49      230877.0 ms
success		1       52      2       34      2       0       43098.37  48      230877.0 ms
success		1       53      2       44      2       0       42190.57  47      230877.0 ms
success		1       54      1       26      1       0       41807.59  46      230877.0 ms
success		1       55      2       31      2       0       40294.95  45      230877.0 ms
success		1       56      3       18      3       0       40133.27  44      230877.0 ms
success		1       57      3       30      3       0       39667.70  43      230877.0 ms
success		1       58      2       22      2       0       38214.23  42      230877.0 ms
success		1       59      2       41      2       0       37917.60  41      230877.0 ms
success		1       60      2       1       2       0       36822.80  40      230877.0 ms
success		1       61      2       6       2       0       36335.97  39      230877.0 ms
success		1       62      2       16      2       0       34844.73  38      230877.0 ms
success		1       63      3       5       3       0       34925.37  37      230877.0 ms
success		1       64      5       9       5       0       34742.71  36      230877.0 ms
success		1       65      3       4       3       0       34008.15  35      230877.0 ms
success		1       66      1       9       1       0       33163.77  34      230877.0 ms
success		1       67      3       16      3       0       32252.88  33      230877.0 ms
success		1       68      7       17      7       0       32541.25  32      230877.0 ms
success		1       69      3       5       3       0       31883.93  31      230877.0 ms
success		1       70      4       10      4       0       31326.45  30      230877.0 ms
success		1       71      3       7       3       0       30482.82  29      230877.0 ms
success		1       72      1       11      1       0       29753.12  28      230877.0 ms
success		1       73      3       15      3       0       29648.70  27      230877.0 ms
success		1       74      2       26      2       0       28559.13  26      230877.0 ms
success		1       75      5       9       5       0       28518.07  25      230877.0 ms
success		1       76      5       7       5       0       27940.70  24      230877.0 ms
success		1       77      7       16      7       0       26798.89  23      230877.0 ms
success		1       78      5       18      5       0       25416.86  22      230877.0 ms
success		1       79      6       13      6       0       24706.93  21      230877.0 ms
success		1       80      3       12      3       0       23507.15  20      230877.0 ms
success		1       81      6       6       6       0       22360.77  19      230877.0 ms
success		1       82      8       18      8       0       20957.87  18      230877.0 ms
success		1       83      7       10      7       0       20438.43  17      230877.0 ms
success		1       84      8       11      8       0       21094.16  16      230877.0 ms
success		1       85      9       4       9       0       19965.75  15      230877.0 ms
success		1       86      7       4       7       0       19004.44  14      230877.0 ms
success		1       87      6       11      6       0       17219.70  13      230877.0 ms
success		1       88      4       11      4       0       16576.73  12      230877.0 ms
success		1       89      10      4       10      0       15802.29  11      230877.0 ms
success		1       90      8       6       8       0       14563.96  10      230877.0 ms
success		1       91      12      0       11      0       13339.37  9       230893.0 ms
success		1       92      13      4       12      0       11713.69  8       230893.0 ms
success		1       93      19      0       15      0       10287.86  7       230924.0 ms
success		1       94      25      3       18      0       8748.30   6       231002.0 ms
success		1       95      49      2       17      0       7579.04   5       231563.0 ms
success		1       96      1052    1       19      0       6063.19   4       258582.0 ms
success		1       0       1       46      1       0       73780.62  100     340169.0 ms
success		1       1       1       67      1       0       73670.54  99      340169.0 ms
success		1       2       1       28      1       0       73599.48  98      340169.0 ms
success		1       3       1       24      1       0       73056.13  97      340169.0 ms
success		1       4       1       69      1       0       72378.69  96      340169.0 ms
success		1       5       1       7       1       0       71812.51  95      340169.0 ms
success		1       6       2       33      2       0       71125.45  94      340169.0 ms
success		1       7       1       41      1       0       70307.12  93      340169.0 ms
success		1       8       1       15      1       0       68718.83  92      340169.0 ms
success		1       9       1       20      1       0       68568.86  91      340169.0 ms
success		1       10      1       14      1       0       68332.26  90      340169.0 ms
success		1       11      1       54      1       0       67673.55  89      340169.0 ms
success		1       12      1       79      1       0       67395.78  88      340169.0 ms
success		1       13      1       16      1       0       66080.32  87      340169.0 ms
success		1       14      1       9       1       0       65987.45  86      340169.0 ms
success		1       15      3       51      3       0       65289.57  85      340169.0 ms
success		1       16      1       10      1       0       65021.91  84      340169.0 ms
success		1       17      1       33      1       0       64819.59  83      340169.0 ms
success		1       18      1       32      1       0       64272.62  82      340169.0 ms
success		1       19      1       37      1       0       63971.99  81      340169.0 ms
success		1       20      1       27      1       0       63697.69  80      340169.0 ms
success		1       21      1       74      1       0       63220.27  79      340169.0 ms
success		1       22      2       26      2       0       62817.71  78      340169.0 ms
success		1       23      1       53      1       0       62360.21  77      340169.0 ms
success		1       24      1       1       1       0       60952.74  76      340169.0 ms
success		1       25      2       38      2       0       60299.51  75      340185.0 ms
success		1       26      2       3       2       0       59732.91  74      340185.0 ms
success		1       27      1       0       1       0       59473.11  73      340185.0 ms
success		1       28      1       65      1       0       58060.75  72      340185.0 ms
success		1       29      2       17      2       0       57016.24  71      340185.0 ms
success		1       30      1       21      1       0       56515.42  70      340185.0 ms
success		1       31      1       64      1       0       55734.41  69      340185.0 ms
success		1       32      1       2       1       0       55371.73  68      340185.0 ms
success		1       33      2       63      2       0       55107.35  67      340185.0 ms
success		1       34      2       1       2       0       54115.56  66      340185.0 ms
success		1       35      1       7       1       0       53657.63  65      340185.0 ms
success		1       36      2       43      2       0       53526.62  64      340185.0 ms
success		1       37      2       13      2       0       52363.82  63      340185.0 ms
success		1       38      2       6       2       0       51952.25  62      340185.0 ms
success		1       39      1       14      1       0       50654.49  61      340185.0 ms
success		1       40      2       17      2       0       50231.91  60      340185.0 ms
success		1       41      1       14      1       0       49732.75  59      340185.0 ms
success		1       42      2       39      2       0       49259.55  58      340185.0 ms
success		1       43      2       29      2       0       48139.89  57      340185.0 ms
success		1       44      2       46      2       0       46718.86  56      340185.0 ms
success		1       45      2       9       2       0       45328.26  55      340185.0 ms
success		1       46      1       24      1       0       45095.79  54      340185.0 ms
success		1       47      1       18      1       0       44594.88  53      340185.0 ms
success		1       48      1       17      1       0       44159.74  52      340185.0 ms
success		1       49      4       27      4       0       43782.67  51      340185.0 ms
success		1       50      2       5       2       0       43276.81  50      340185.0 ms
success		1       51      2       14      2       0       42358.54  49      340185.0 ms
success		1       52      1       17      1       0       41704.61  48      340185.0 ms
success		1       53      1       1       1       0       41581.15  47      340185.0 ms
success		1       54      3       17      3       0       40960.68  46      340185.0 ms
success		1       55      2       22      2       0       39346.00  45      340185.0 ms
success		1       56      2       15      2       0       38425.67  44      340185.0 ms
success		1       57      2       24      2       0       37844.49  43      340185.0 ms
success		1       58      1       4       1       0       37120.54  42      340185.0 ms
success		1       59      4       41      4       0       36960.25  41      340185.0 ms
success		1       60      6       13      6       0       36655.35  40      340185.0 ms
success		1       61      4       20      4       0       36121.62  39      340185.0 ms
success		1       62      1       14      1       0       35839.26  38      340185.0 ms
success		1       63      4       24      4       0       35481.31  37      340185.0 ms
success		1       64      3       15      3       0       34989.80  36      340185.0 ms
success		1       65      4       16      4       0       34572.99  35      340185.0 ms
success		1       66      2       11      2       0       33751.27  34      340185.0 ms
success		1       67      1       26      1       0       32577.73  33      340185.0 ms
success		1       68      1       20      1       0       32320.83  32      340185.0 ms
success		1       69      3       29      3       0       31300.89  31      340185.0 ms
success		1       70      6       20      6       0       29580.27  30      340185.0 ms
success		1       71      4       1       4       0       29112.74  29      340185.0 ms
success		1       72      6       12      6       0       29057.83  28      340185.0 ms
success		1       73      2       1       2       0       28483.56  27      340185.0 ms
success		1       74      2       14      2       0       27610.73  26      340185.0 ms
success		1       75      2       9       2       0       27259.86  25      340185.0 ms
success		1       76      3       13      3       0       26056.52  24      340185.0 ms
success		1       77      5       6       5       0       25440.80  23      340185.0 ms
success		1       78      6       1       6       0       25119.37  22      340185.0 ms
success		1       79      4       0       4       0       24444.59  21      340185.0 ms
success		1       80      5       17      5       0       23924.48  20      340185.0 ms
success		1       81      5       3       5       0       23289.30  19      340185.0 ms
success		1       82      7       1       7       0       22668.81  18      340185.0 ms
success		1       83      8       15      8       0       21296.54  17      340185.0 ms
success		1       84      9       12      9       0       20215.18  16      340185.0 ms
success		1       85      3       5       3       0       19709.57  15      340185.0 ms
success		1       86      9       11      9       0       18813.56  14      340185.0 ms
success		1       87      12      6       12      0       18352.44  13      340185.0 ms
success		1       88      7       12      7       0       16494.53  12      340185.0 ms
success		1       89      7       7       7       0       15623.86  11      340185.0 ms
success		1       90      10      5       10      0       13959.09  10      340185.0 ms
success		1       91      14      2       12      0       14413.62  9       340200.0 ms
success		1       92      13      3       12      0       12617.41  8       340216.0 ms
success		1       93      20      4       14      0       11247.88  7       340263.0 ms
success		1       94      17      3       15      0       9427.51   6       340294.0 ms
success		1       95      43      3       21      0       7932.10   5       340575.0 ms
success		1       0       1       92      1       0       73261.13  100     395502.0 ms
success		1       1       1       3       1       0       72892.00  99      395502.0 ms
success		1       2       1       80      1       0       72561.98  98      395502.0 ms
success		1       3       1       24      1       0       72423.62  97      395502.0 ms
success		1       4       1       55      1       0       72011.97  96      395502.0 ms
success		1       5       1       22      1       0       71290.69  95      395502.0 ms
success		1       6       1       80      1       0       71130.45  94      395502.0 ms
success		1       7       1       53      1       0       70447.52  93      395502.0 ms
success		1       8       1       18      1       0       68958.30  92      395502.0 ms
success		1       9       1       82      1       0       68546.67  91      395502.0 ms
success		1       10      1       15      1       0       67180.44  90      395502.0 ms
success		1       11      1       89      1       0       67050.52  89      395502.0 ms
success		1       12      1       11      1       0       66607.30  88      395502.0 ms
success		1       13      1       17      1       0       66200.27  87      395502.0 ms
success		1       14      1       47      1       0       65705.15  86      395502.0 ms
success		1       15      1       53      1       0       65122.41  85      395502.0 ms
success		1       16      2       81      2       0       64866.63  84      395502.0 ms
success		1       17      1       46      1       0       63776.75  83      395502.0 ms
success		1       18      1       36      1       0       63401.64  82      395502.0 ms
success		1       19      1       40      1       0       62876.62  81      395502.0 ms
success		1       20      2       57      2       0       62615.44  80      395502.0 ms
success		1       21      1       52      1       0       61512.19  79      395502.0 ms
success		1       22      1       52      1       0       61300.23  78      395502.0 ms
success		1       23      1       6       1       0       61073.70  77      395502.0 ms
success		1       24      1       12      1       0       60687.85  76      395502.0 ms
success		1       25      3       37      3       0       60304.37  75      395502.0 ms
success		1       26      1       70      1       0       60012.05  74      395502.0 ms
success		1       27      1       46      1       0       59720.56  73      395502.0 ms
success		1       28      1       62      1       0       58384.01  72      395502.0 ms
success		1       29      2       20      2       0       58304.90  71      395502.0 ms
success		1       30      2       40      2       0       57651.19  70      395502.0 ms
success		1       31      1       67      1       0       57222.89  69      395502.0 ms
success		1       32      1       37      1       0       56079.54  68      395502.0 ms
success		1       33      1       13      1       0       55309.14  67      395502.0 ms
success		1       34      2       66      2       0       54277.98  66      395502.0 ms
success		1       35      1       60      1       0       52701.23  65      395502.0 ms
success		1       36      1       52      1       0       51624.74  64      395502.0 ms
success		1       37      1       63      1       0       51638.10  63      395502.0 ms
success		1       38      1       43      1       0       51209.08  62      395502.0 ms
success		1       39      2       40      2       0       51071.31  61      395502.0 ms
success		1       40      1       3       1       0       50744.96  60      395502.0 ms
success		1       41      2       7       2       0       50516.34  59      395502.0 ms
success		1       42      1       25      1       0       49022.84  58      395502.0 ms
success		1       43      1       20      1       0       48745.16  57      395502.0 ms
success		1       44      1       25      1       0       47624.56  56      395502.0 ms
success		1       45      2       46      2       0       47428.66  55      395502.0 ms
success		1       46      1       40      1       0       47170.57  54      395502.0 ms
success		1       47      5       20      5       0       46241.77  53      395502.0 ms
success		1       48      1       43      1       0       45429.90  52      395502.0 ms
success		1       49      4       21      4       0       45371.09  51      395502.0 ms
success		1       50      1       22      1       0       44554.78  50      395502.0 ms
success		1       51      2       48      2       0       44530.81  49      395502.0 ms
success		1       52      2       27      2       0       44284.11  48      395502.0 ms
success		1       53      4       6       4       0       43456.52  47      395502.0 ms
success		1       54      4       0       4       0       42842.49  46      395502.0 ms
success		1       55      1       39      1       0       42530.84  45      395502.0 ms
success		1       56      2       24      2       0       41479.59  44      395502.0 ms
success		1       57      1       0       1       0       40479.81  43      395502.0 ms
success		1       58      2       11      2       0       39339.58  42      395502.0 ms
success		1       59      2       41      2       0       38364.73  41      395502.0 ms
success		1       60      2       37      2       0       37278.26  40      395502.0 ms
success		1       61      1       33      1       0       37094.90  39      395502.0 ms
success		1       62      3       25      3       0       36647.04  38      395502.0 ms
success		1       63      2       20      2       0       36194.86  37      395502.0 ms
success		1       64      2       0       2       0       35580.29  36      395502.0 ms
success		1       65      5       19      5       0       35014.13  35      395502.0 ms
success		1       66      1       34      1       0       34766.21  34      395502.0 ms
success		1       67      1       2       1       0       33736.23  33      395502.0 ms
success		1       68      4       3       4       0       33508.22  32      395502.0 ms
success		1       69      1       30      1       0       32534.93  31      395502.0 ms
success		1       70      5       4       5       0       31106.36  30      395502.0 ms
success		1       71      4       20      4       0       30909.76  29      395502.0 ms
success		1       72      4       24      4       0       30036.93  28      395502.0 ms
success		1       73      5       11      5       0       28955.09  27      395502.0 ms
success		1       74      5       10      5       0       28928.18  26      395502.0 ms
success		1       75      7       4       7       0       28032.65  25      395502.0 ms
success		1       76      2       13      2       0       27161.13  24      395502.0 ms
success		1       77      6       5       6       0       26365.16  23      395517.0 ms
success		1       78      6       20      6       0       25144.60  22      395517.0 ms
success		1       79      3       18      3       0       24119.80  21      395517.0 ms
success		1       80      4       16      4       0       23118.01  20      395517.0 ms
success		1       81      5       18      5       0       22263.67  19      395517.0 ms
success		1       82      5       12      5       0       21627.88  18      395517.0 ms
success		1       83      5       4       5       0       20670.81  17      395517.0 ms
success		1       84      5       0       5       0       20107.04  16      395517.0 ms
success		1       85      8       3       8       0       18861.95  15      395517.0 ms
success		1       86      10      11      10      0       17809.51  14      395517.0 ms
success		1       87      7       11      7       0       16855.30  13      395517.0 ms
success		1       88      11      11      11      0       15566.40  12      395517.0 ms
success		1       89      9       0       9       0       14533.33  11      395517.0 ms
success		1       90      13      10      13      0       13697.20  10      395517.0 ms
success		1       91      13      9       12      0       12692.09  9       395517.0 ms
success		1       92      16      6       15      0       12290.23  8       395533.0 ms
success		1       93      12      0       9       0       10518.50  7       395548.0 ms
success		1       94      19      4       14      0       9255.68   6       395626.0 ms
success		1       95      73      1       19      0       7328.51   5       396594.0 ms
success		1       96      258     0       21      0       5879.29   4       403801.0 ms
cross iterater0
ab
ab6	4
fail		5593.71   5869.26   4       573417.0 ms
cross iterater1
ab
ab6	1
fail		5424.33   5894.91   4       642025.0 ms
cross iterater2
ab
ab7	5
ab6	3
fail		5497.42   6043.71   4       705189.0 ms
fail		5310.48   5867.67   4       768493.0 ms
cross iterater3
rand   	success		5251.41   5991.84   4       774780.0 ms cross
rand   	success		5424.30   5760.35   4       786713.0 ms cross
ab
ab7	0
fail		5424.30   5914.51   4       850329.0 ms
cross iterater4
rand   	success		5555.69   6068.99   4       856585.0 ms cross
rand   	success		5493.56   5602.92   4       861982.0 ms cross
ab
ab6	5
cross iterater5
rand   	success		5509.52   6141.46   4       865134.0 ms cross
rand   	success		5452.06   5984.21   4       868144.0 ms cross
ab
ab6	3
ab7	0
fail		5593.71   5869.26   4       914959.0 ms
cross iterater6
rand   	success		5607.66   5684.03   4       920529.0 ms cross
rand   	success		5755.15   5775.11   4       926129.0 ms cross
ab
fail		5593.71   5869.26   4       988856.0 ms
fail		5493.56   5802.60   4       1038915.0 ms
fail		5607.66   5900.62   4       1251759.0 ms
cross iterater7
rand   	success		5588.73   6111.10   4       1262663.0 ms cross
rand   	success		5334.92   6207.95   4       1267733.0 ms cross
ab
ab6	2
ab7	4
fail		5493.56   5802.60   4       1316249.0 ms
fail		5310.48   5867.67   4       1374171.0 ms
cross iterater8
rand   	success		5474.79   5690.66   4       1375403.0 ms cross
rand   	success		5279.32   5962.16   4       1376620.0 ms cross
ab
ab6	0
cross iterater9
rand   	success		5208.42   5863.37   4       1377946.0 ms cross
rand   	success		5368.64   5585.65   4       1379584.0 ms cross
ab
ab6	5
fail		5781.76   6147.20   4       1421407.0 ms
fail		5368.64   5725.75   4       1476318.0 ms
fail		5208.42   5916.56   4       1573942.0 ms
cross iterater10
ab
ab7	0
fail		5474.79   5651.17   4       1621225.0 ms
cross iterater11
rand   	success		5560.34   5677.90   4       1622676.0 ms cross
rand   	success		5148.22   5807.71   4       1624438.0 ms cross
ab
ab6	2
ab7	3
fail		5353.42   5872.52   4       1695449.0 ms
fail		5192.88   5762.43   4       1739284.0 ms
cross iterater12
rand   	success		5415.57   5803.33   4       1741109.0 ms cross
rand   	success		5423.44   5648.32   4       1745836.0 ms cross
ab
ab7	1
fail		5368.64   5725.75   4       1780764.0 ms
fail		5192.88   5762.43   4       1851821.0 ms
fail		5474.79   5651.17   4       1939273.0 ms
cross iterater13
ab
ab6	3
fail		5449.57   5965.15   4       2012951.0 ms
fail		5474.79   5651.17   4       2062730.0 ms
cross iterater14
rand   	success		5500.14   5681.98   4       2067769.0 ms cross
rand   	success		5599.20   5852.31   4       2068034.0 ms cross
ab
ab6	1
cross iterater15
rand   	success		5452.71   5725.56   4       2071139.0 ms cross
rand   	success		5776.40   6052.09   4       2073915.0 ms cross
ab
ab7	2
ab6	5
fail		5423.44   5772.55   4       2184830.0 ms
fail		5500.14   5841.16   4       2273827.0 ms
cross iterater16
rand   	success		5499.19   5793.79   4       2283109.0 ms cross
rand   	success		5506.00   5858.32   4       2284481.0 ms cross
ab
ab7	2
ab6	5
fail		5761.33   6120.54   4       2348737.0 ms
cross iterater17
rand   	success		5576.93   5753.31   4       2351093.0 ms cross
rand   	success		5686.80   5847.16   4       2355554.0 ms cross
ab
ab7	3
ab6	2
fail		5576.93   6045.43   4       2418499.0 ms
fail		5529.78   6088.94   4       2616617.0 ms
cross iterater18
rand   	success		5448.37   5913.08   4       2623761.0 ms cross
rand   	success		5476.16   5995.98   4       2627022.0 ms cross
ab
ab6	1
fail		5690.18   5928.68   4       2674710.0 ms
cross iterater19
ab
cross iterater20
rand   	success		5647.01   5757.85   4       2681902.0 ms cross
rand   	success		5628.79   5810.73   4       2685209.0 ms cross
ab
fail		5628.79   5897.36   4       2717126.0 ms
cross iterater21
rand   	success		5485.25   5911.43   4       2717891.0 ms cross
rand   	success		5688.66   6100.11   4       2726564.0 ms cross
ab
ab7	4
fail		5802.13   6072.45   4       2765345.0 ms
fail		5485.25   6166.88   4       2852501.0 ms
fail		5448.37   5910.19   4       2893747.0 ms
cross iterater22
ab
ab6	1
fail		5718.83   6079.84   4       2934556.0 ms
cross iterater23
rand   	success		5662.32   6167.94   4       2946319.0 ms cross
rand   	success		5326.37   5855.28   4       2950998.0 ms cross
ab
ab7	1
cross iterater24
ab
ab7	0
fail		5326.37   5942.35   4       3003086.0 ms
cross iterater25
rand   	success		5598.90   5790.21   4       3016923.0 ms cross
rand   	success		5798.81   5853.18   4       3021120.0 ms cross
ab
fail		5493.33   5975.76   4       3064269.0 ms
fail		5798.81   5935.86   4       3114313.0 ms
fail		5647.01   5877.22   4       3180596.0 ms
cross iterater26
rand   	success		5511.07   5879.71   4       3186181.0 ms cross
rand   	success		5491.78   5849.07   4       3193029.0 ms cross
ab
ab6	1
cross iterater27
rand   	success		5304.56   5731.22   4       3204214.0 ms cross
rand   	fail		5902.94   6382.79   5       3242871.0 ms cross
ab
ab6	2
cross iterater28
rand   	success		5560.82   5915.89   4       3248175.0 ms cross
rand   	success		5492.25   5753.98   4       3251045.0 ms cross
ab
fail		5798.81   5935.86   4       3310714.0 ms
cross iterater29
rand   	success		5670.20   6261.31   4       3316939.0 ms cross
rand   	success		5757.11   5968.36   4       3319310.0 ms cross
ab
ab6	2
ab7	3
cross iterater30
rand   	success		5300.25   5658.40   4       3321899.0 ms cross
rand   	success		5319.18   5945.52   4       3324660.0 ms cross
ab
ab6	2
cross iterater31
rand   	success		5262.48   6074.04   4       3329465.0 ms cross
rand   	success		5647.20   6235.78   4       3332601.0 ms cross
ab
ab6	4
ab7	2
cross iterater32
rand   	success		5740.37   5838.57   4       3335409.0 ms cross
rand   	success		5421.27   5718.38   4       3337608.0 ms cross
ab
ab6	3
fail		5479.79   5770.27   4       3417386.0 ms
fail		5421.27   5780.54   4       3476852.0 ms
cross iterater33
ab
ab7	5
ab6	2
fail		5392.79   5821.49   4       3546536.0 ms
fail		5421.27   5780.54   4       3597454.0 ms
cross iterater34
rand   	success		5336.56   5715.00   4       3599654.0 ms cross
rand   	success		5447.74   5723.88   4       3602758.0 ms cross
ab
ab7	0
cross iterater35

R.size:4

1		140	54	100	28	163	172	197	164	35	181	20	159	26	78	171	187	119	40	57	195	143	139	38	32	86	85	45	201	114	117	99	65	94	151	52	160	192	189	50	125	101	74	129	91	95	41	66	154	96	1	34	93	19	39	2	135	193	76	30	64	175	67	
2		162	200	180	156	131	68	179	183	196	190	167	184	152	147	161	133	49	14	136	102	48	43	24	153	103	61	198	111	51	27	44	145	126	90	178	80	116	110	55	194	137	75	148	146	
3		92	142	47	15	7	124	3	18	169	16	98	182	31	23	112	53	108	56	109	177	9	21	88	69	188	29	173	166	72	22	58	144	123	71	17	121	81	82	70	107	33	157	83	36	
4		4	165	128	168	59	12	89	37	155	105	127	176	118	199	84	191	113	130	132	6	150	63	149	42	5	62	77	104	202	170	25	138	46	122	10	186	79	134	87	106	158	174	11	115	60	141	120	73	185	97	13	8	

data1/pdp200/LRC2_2_10.txt
total_cost 5148.217805

