success		1       0       1       90      1       0       31473.07  102     15.0     ms
success		1       1       1       98      1       0       31383.12  101     15.0     ms
success		1       2       1       13      1       0       31140.56  100     15.0     ms
success		1       3       1       85      1       0       31238.76  99      15.0     ms
success		1       4       1       90      1       0       31070.71  98      15.0     ms
success		1       5       1       88      1       0       31200.55  97      15.0     ms
success		1       6       1       31      1       0       31025.32  96      15.0     ms
success		1       7       1       32      1       0       31183.55  95      15.0     ms
success		1       8       1       45      1       0       31147.14  94      15.0     ms
success		1       9       1       47      1       0       30795.72  93      15.0     ms
success		1       10      1       73      1       0       30285.73  92      15.0     ms
success		1       11      1       10      1       0       30198.61  91      15.0     ms
success		1       12      1       75      1       0       29972.73  90      15.0     ms
success		1       13      1       18      1       0       29141.44  89      15.0     ms
success		1       14      1       74      1       0       29334.59  88      15.0     ms
success		1       15      1       25      1       0       29489.57  87      15.0     ms
success		1       16      1       39      1       0       29398.42  86      15.0     ms
success		1       17      1       81      1       0       29460.53  85      15.0     ms
success		1       18      1       64      1       0       29146.65  84      15.0     ms
success		1       19      1       60      1       0       28999.84  83      15.0     ms
success		1       20      1       51      1       0       29132.96  82      15.0     ms
success		1       21      2       0       2       0       28288.73  81      15.0     ms
success		1       22      1       3       1       0       28217.94  80      15.0     ms
success		1       23      1       4       1       0       28186.37  79      15.0     ms
success		1       24      1       61      1       0       27450.45  78      15.0     ms
success		1       25      1       54      1       0       27284.06  77      15.0     ms
success		1       26      1       33      1       0       27447.36  76      15.0     ms
success		1       27      2       30      2       0       27547.62  75      31.0     ms
success		1       28      1       8       1       0       27304.61  74      31.0     ms
success		1       29      2       42      2       0       26889.03  73      31.0     ms
success		1       30      1       71      1       0       26801.66  72      31.0     ms
success		1       31      1       11      1       0       26654.48  71      31.0     ms
success		1       32      2       55      2       0       26755.24  70      31.0     ms
success		1       33      2       29      2       0       26566.92  69      31.0     ms
success		1       34      1       6       1       0       26339.06  68      31.0     ms
success		1       35      2       45      2       0       26451.13  67      31.0     ms
success		1       36      1       19      1       0       26598.45  66      31.0     ms
success		1       37      1       31      1       0       26760.61  65      31.0     ms
success		1       38      1       34      1       0       26052.78  64      31.0     ms
success		1       39      1       46      1       0       25742.59  63      31.0     ms
success		1       40      2       47      2       0       25852.02  62      31.0     ms
success		1       41      1       13      1       0       25610.06  61      31.0     ms
success		1       42      3       42      3       0       25123.29  60      31.0     ms
success		1       43      1       23      1       0       24895.77  59      31.0     ms
success		1       44      3       53      3       0       25332.17  58      31.0     ms
success		1       45      2       20      2       0       25276.53  57      31.0     ms
success		1       46      1       20      1       0       24959.99  56      31.0     ms
success		1       47      2       4       2       0       24458.31  55      31.0     ms
success		1       48      1       4       1       0       24385.40  54      31.0     ms
success		1       49      2       21      2       0       23884.27  53      31.0     ms
success		1       50      1       22      1       0       23340.83  52      31.0     ms
success		1       51      2       51      2       0       23204.92  51      31.0     ms
success		1       52      2       31      2       0       23247.53  50      31.0     ms
success		1       53      2       36      2       0       22725.76  49      31.0     ms
success		1       54      3       3       3       0       21998.55  48      31.0     ms
success		1       55      2       38      2       0       21258.06  47      31.0     ms
success		1       56      2       40      2       0       20799.60  46      31.0     ms
success		1       57      2       18      2       0       20590.00  45      31.0     ms
success		1       58      4       8       4       0       19631.99  44      31.0     ms
success		1       59      2       7       2       0       19457.43  43      31.0     ms
success		1       60      4       39      4       0       19628.04  42      31.0     ms
success		1       61      2       9       2       0       19284.26  41      31.0     ms
success		1       62      2       2       2       0       19075.75  40      31.0     ms
success		1       63      3       15      3       0       18467.96  39      31.0     ms
success		1       64      1       22      1       0       17875.22  38      31.0     ms
success		1       65      2       15      2       0       17289.04  37      31.0     ms
success		1       66      3       7       3       0       17409.56  36      31.0     ms
success		1       67      3       3       3       0       16839.19  35      31.0     ms
success		1       68      4       10      4       0       15972.75  34      31.0     ms
success		1       69      3       23      3       0       15667.93  33      31.0     ms
success		1       70      3       16      3       0       14702.16  32      31.0     ms
success		1       71      8       25      4       0       14309.16  29      47.0     ms
success		1       72      9       12      4       0       13274.36  27      62.0     ms
success		1       73      10      20      5       0       12868.34  26      62.0     ms
success		1       74      18      2       5       0       12129.79  25      93.0     ms
success		1       75      8       19      5       0       11057.96  24      93.0     ms
success		1       76      21      11      4       0       10128.20  23      140.0    ms
success		1       77      21      22      5       0       9341.62   22      171.0    ms
success		1       78      104     18      5       0       7923.37   21      343.0    ms
success		1       79      463     19      5       0       7822.22   20      1029.0   ms
success		1       0       1       47      1       0       43587.39  102     1872.0   ms
success		1       1       1       36      1       0       42657.89  101     1872.0   ms
success		1       2       1       4       1       0       42505.60  100     1872.0   ms
success		1       3       1       43      1       0       42200.73  99      1872.0   ms
success		1       4       1       15      1       0       42112.92  98      1872.0   ms
success		1       5       2       82      2       0       41923.34  97      1872.0   ms
success		1       6       1       88      1       0       41752.75  96      1872.0   ms
success		1       7       1       35      1       0       41671.88  95      1872.0   ms
success		1       8       1       81      1       0       41358.69  94      1872.0   ms
success		1       9       1       64      1       0       40375.97  93      1872.0   ms
success		1       10      1       60      1       0       39489.68  92      1872.0   ms
success		1       11      1       53      1       0       38793.39  91      1872.0   ms
success		1       12      2       40      2       0       38192.05  90      1872.0   ms
success		1       13      1       7       1       0       37898.97  89      1872.0   ms
success		1       14      1       59      1       0       37494.38  88      1872.0   ms
success		1       15      1       68      1       0       37173.09  87      1872.0   ms
success		1       16      1       85      1       0       37018.67  86      1872.0   ms
success		1       17      1       14      1       0       36962.90  85      1872.0   ms
success		1       18      2       68      2       0       36717.31  84      1872.0   ms
success		1       19      1       58      1       0       36459.50  83      1872.0   ms
success		1       20      1       0       1       0       36020.11  82      1872.0   ms
success		1       21      1       31      1       0       35573.93  81      1872.0   ms
success		1       22      1       11      1       0       35517.38  80      1872.0   ms
success		1       23      1       45      1       0       34951.09  79      1872.0   ms
success		1       24      3       13      3       0       35600.33  78      1872.0   ms
success		1       25      1       56      1       0       35531.85  77      1872.0   ms
success		1       26      1       27      1       0       35236.53  76      1872.0   ms
success		1       27      1       29      1       0       34953.28  75      1872.0   ms
success		1       28      1       26      1       0       34853.28  74      1872.0   ms
success		1       29      1       72      1       0       34292.40  73      1872.0   ms
success		1       30      1       15      1       0       33935.42  72      1872.0   ms
success		1       31      2       68      2       0       33245.41  71      1872.0   ms
success		1       32      1       4       1       0       32243.76  70      1872.0   ms
success		1       33      1       51      1       0       31251.42  69      1872.0   ms
success		1       34      3       25      3       0       31133.75  68      1872.0   ms
success		1       35      1       13      1       0       30780.88  67      1872.0   ms
success		1       36      2       57      2       0       29967.85  66      1872.0   ms
success		1       37      1       59      1       0       29584.14  65      1872.0   ms
success		1       38      1       10      1       0       29390.22  64      1872.0   ms
success		1       39      2       13      2       0       29303.98  63      1872.0   ms
success		1       40      1       58      1       0       29183.68  62      1872.0   ms
success		1       41      2       57      2       0       28511.18  61      1872.0   ms
success		1       42      2       51      2       0       28015.97  60      1872.0   ms
success		1       43      2       14      2       0       27719.25  59      1887.0   ms
success		1       44      1       22      1       0       27168.48  58      1887.0   ms
success		1       45      2       55      2       0       26464.85  57      1887.0   ms
success		1       46      3       36      3       0       26032.67  56      1887.0   ms
success		1       47      2       31      2       0       25689.26  55      1887.0   ms
success		1       48      2       25      2       0       25351.47  54      1887.0   ms
success		1       49      2       13      2       0       25119.93  53      1887.0   ms
success		1       50      1       16      1       0       24746.18  52      1887.0   ms
success		1       51      1       1       1       0       24618.12  51      1887.0   ms
success		1       52      1       49      1       0       23997.78  50      1887.0   ms
success		1       53      1       16      1       0       23923.17  49      1887.0   ms
success		1       54      3       3       3       0       23231.29  48      1887.0   ms
success		1       55      2       1       2       0       22483.14  47      1887.0   ms
success		1       56      2       0       2       0       21852.51  46      1887.0   ms
success		1       57      2       36      2       0       21631.32  45      1887.0   ms
success		1       58      2       33      2       0       21069.41  44      1887.0   ms
success		1       59      2       28      2       0       21140.19  43      1887.0   ms
success		1       60      3       32      3       0       20805.47  42      1887.0   ms
success		1       61      3       22      3       0       20341.11  41      1887.0   ms
success		1       62      3       24      3       0       19671.75  40      1887.0   ms
success		1       63      2       4       2       0       19018.33  39      1887.0   ms
success		1       64      3       26      3       0       17957.14  38      1887.0   ms
success		1       65      2       24      2       0       17425.70  37      1887.0   ms
success		1       66      4       9       4       0       16658.08  36      1887.0   ms
success		1       67      4       7       4       0       16265.18  35      1887.0   ms
success		1       68      4       22      4       0       15493.07  34      1887.0   ms
success		1       69      3       15      3       0       14978.28  33      1887.0   ms
success		1       70      4       9       4       0       14255.26  32      1887.0   ms
success		1       71      5       25      3       0       15462.02  31      1887.0   ms
success		1       72      3       15      3       0       14418.90  30      1887.0   ms
success		1       73      5       25      4       0       14983.50  29      1887.0   ms
success		1       74      6       27      4       0       14068.63  28      1887.0   ms
success		1       75      6       4       5       0       13672.26  27      1887.0   ms
success		1       76      7       0       4       0       13194.95  26      1887.0   ms
success		1       77      9       19      4       0       13084.14  25      1903.0   ms
success		1       78      15      16      4       0       11255.78  24      1903.0   ms
success		1       79      17      21      5       0       10509.81  23      1919.0   ms
success		1       80      12      7       4       0       9554.72   22      1934.0   ms
success		1       81      38      15      5       0       8395.82   21      1965.0   ms
success		1       82      296     0       5       0       7878.99   20      2387.0   ms
success		1       0       1       77      1       0       43921.01  102     3167.0   ms
success		1       1       2       93      2       0       43724.22  101     3167.0   ms
success		1       2       1       19      1       0       43355.51  100     3167.0   ms
success		1       3       1       83      1       0       43028.74  99      3167.0   ms
success		1       4       1       88      1       0       42841.88  98      3167.0   ms
success		1       5       1       16      1       0       42538.14  97      3167.0   ms
success		1       6       1       9       1       0       41750.41  96      3167.0   ms
success		1       7       1       76      1       0       41321.56  95      3167.0   ms
success		1       8       1       21      1       0       41146.72  94      3167.0   ms
success		1       9       1       27      1       0       40781.50  93      3167.0   ms
success		1       10      2       52      2       0       40034.07  92      3167.0   ms
success		1       11      1       5       1       0       39711.11  91      3167.0   ms
success		1       12      1       39      1       0       39306.30  90      3167.0   ms
success		1       13      1       71      1       0       38971.65  89      3167.0   ms
success		1       14      3       50      3       0       38444.77  88      3167.0   ms
success		1       15      2       49      2       0       37797.44  87      3167.0   ms
success		1       16      1       25      1       0       37045.65  86      3167.0   ms
success		1       17      1       48      1       0       36336.93  85      3167.0   ms
success		1       18      1       59      1       0       35909.73  84      3167.0   ms
success		1       19      1       70      1       0       35720.15  83      3167.0   ms
success		1       20      1       57      1       0       35289.53  82      3167.0   ms
success		1       21      1       70      1       0       35252.82  81      3167.0   ms
success		1       22      1       3       1       0       34764.38  80      3167.0   ms
success		1       23      2       39      2       0       34768.08  79      3167.0   ms
success		1       24      1       53      1       0       34623.71  78      3167.0   ms
success		1       25      2       30      2       0       34165.55  77      3167.0   ms
success		1       26      1       54      1       0       33359.25  76      3167.0   ms
success		1       27      2       2       2       0       32971.32  75      3167.0   ms
success		1       28      1       29      1       0       33054.00  74      3167.0   ms
success		1       29      1       45      1       0       32897.32  73      3167.0   ms
success		1       30      1       32      1       0       32696.06  72      3167.0   ms
success		1       31      2       23      2       0       32048.22  71      3167.0   ms
success		1       32      3       24      3       0       31515.98  70      3167.0   ms
success		1       33      1       48      1       0       30581.46  69      3167.0   ms
success		1       34      2       50      2       0       30612.62  68      3167.0   ms
success		1       35      2       19      2       0       30639.32  67      3167.0   ms
success		1       36      2       65      2       0       30047.13  66      3167.0   ms
success		1       37      1       58      1       0       29955.52  65      3167.0   ms
success		1       38      2       15      2       0       29506.42  64      3167.0   ms
success		1       39      1       4       1       0       29172.90  63      3167.0   ms
success		1       40      1       48      1       0       28807.13  62      3167.0   ms
success		1       41      1       18      1       0       28136.46  61      3167.0   ms
success		1       42      2       25      2       0       27683.39  60      3167.0   ms
success		1       43      2       53      2       0       27327.25  59      3167.0   ms
success		1       44      2       52      2       0       26792.54  58      3167.0   ms
success		1       45      1       7       1       0       26383.66  57      3167.0   ms
success		1       46      1       2       1       0       26041.87  56      3167.0   ms
success		1       47      3       43      3       0       26361.03  55      3167.0   ms
success		1       48      3       33      3       0       25566.32  54      3167.0   ms
success		1       49      1       33      1       0       25319.02  53      3167.0   ms
success		1       50      3       40      3       0       24681.24  52      3182.0   ms
success		1       51      2       44      2       0       24084.07  51      3182.0   ms
success		1       52      3       47      3       0       23521.51  50      3182.0   ms
success		1       53      1       41      1       0       23349.54  49      3182.0   ms
success		1       54      3       12      3       0       23456.37  48      3182.0   ms
success		1       55      1       2       1       0       22718.75  47      3182.0   ms
success		1       56      2       38      2       0       21867.77  46      3182.0   ms
success		1       57      1       7       1       0       21552.05  45      3182.0   ms
success		1       58      3       8       3       0       20942.93  44      3182.0   ms
success		1       59      2       14      2       0       20751.43  43      3182.0   ms
success		1       60      3       39      3       0       20590.39  42      3182.0   ms
success		1       61      4       17      4       0       20590.77  41      3182.0   ms
success		1       62      1       11      1       0       20119.98  40      3182.0   ms
success		1       63      4       0       4       0       19489.61  39      3182.0   ms
success		1       64      3       17      3       0       19195.47  38      3182.0   ms
success		1       65      3       6       3       0       18119.41  37      3182.0   ms
success		1       66      1       36      1       0       17178.32  36      3182.0   ms
success		1       67      2       23      2       0       16710.06  35      3182.0   ms
success		1       68      4       23      4       0       15976.80  34      3182.0   ms
success		1       69      3       23      3       0       15495.70  33      3182.0   ms
success		1       70      3       22      2       0       16673.92  32      3182.0   ms
success		1       71      3       28      3       0       16031.27  31      3182.0   ms
success		1       72      8       6       4       0       15550.10  30      3182.0   ms
success		1       73      6       15      3       0       16275.39  29      3182.0   ms
success		1       74      9       5       5       0       12896.57  27      3182.0   ms
success		1       75      4       14      4       0       11781.69  26      3182.0   ms
success		1       76      5       24      4       0       12222.36  25      3182.0   ms
success		1       77      6       0       5       0       11421.86  24      3182.0   ms
success		1       78      14      7       4       0       10500.57  23      3198.0   ms
success		1       79      39      15      5       0       9608.39   22      3213.0   ms
success		1       80      62      18      4       0       8488.79   21      3260.0   ms
success		1       81      436     9       5       0       7104.04   20      3791.0   ms
success		1       0       1       2       1       0       44246.43  102     4539.0   ms
success		1       1       1       10      1       0       43550.78  101     4539.0   ms
success		1       2       1       79      1       0       42949.82  100     4539.0   ms
success		1       3       1       44      1       0       42568.53  99      4539.0   ms
success		1       4       1       58      1       0       42216.07  98      4539.0   ms
success		1       5       1       91      1       0       41870.42  97      4539.0   ms
success		1       6       1       1       1       0       41314.12  96      4539.0   ms
success		1       7       1       60      1       0       40766.07  95      4539.0   ms
success		1       8       1       87      1       0       40595.48  94      4539.0   ms
success		1       9       1       31      1       0       40068.72  93      4539.0   ms
success		1       10      1       55      1       0       39980.15  92      4539.0   ms
success		1       11      1       90      1       0       39825.73  91      4539.0   ms
success		1       12      1       25      1       0       39160.78  90      4539.0   ms
success		1       13      1       39      1       0       38906.29  89      4539.0   ms
success		1       14      1       6       1       0       38829.95  88      4539.0   ms
success		1       15      1       20      1       0       38782.70  87      4539.0   ms
success		1       16      2       67      2       0       38886.45  86      4539.0   ms
success		1       17      2       27      2       0       38665.09  85      4539.0   ms
success		1       18      1       8       1       0       38184.95  84      4539.0   ms
success		1       19      1       7       1       0       38016.25  83      4539.0   ms
success		1       20      1       2       1       0       37533.76  82      4539.0   ms
success		1       21      1       41      1       0       37062.31  81      4539.0   ms
success		1       22      1       60      1       0       36613.21  80      4539.0   ms
success		1       23      2       58      2       0       35858.78  79      4539.0   ms
success		1       24      1       58      1       0       35393.49  78      4539.0   ms
success		1       25      1       63      1       0       35011.72  77      4539.0   ms
success		1       26      1       58      1       0       34591.42  76      4539.0   ms
success		1       27      1       74      1       0       34301.20  75      4539.0   ms
success		1       28      1       14      1       0       34184.97  74      4539.0   ms
success		1       29      1       27      1       0       34131.95  73      4539.0   ms
success		1       30      2       67      2       0       34027.03  72      4539.0   ms
success		1       31      1       33      1       0       33688.68  71      4539.0   ms
success		1       32      1       37      1       0       33379.23  70      4539.0   ms
success		1       33      4       21      4       0       33441.42  69      4539.0   ms
success		1       34      1       22      1       0       33091.72  68      4539.0   ms
success		1       35      1       54      1       0       32919.75  67      4539.0   ms
success		1       36      2       18      2       0       32111.34  66      4539.0   ms
success		1       37      1       27      1       0       31761.17  65      4539.0   ms
success		1       38      2       21      2       0       31592.84  64      4539.0   ms
success		1       39      1       6       1       0       30465.90  63      4539.0   ms
success		1       40      1       7       1       0       30180.29  62      4539.0   ms
success		1       41      1       45      1       0       29796.87  61      4539.0   ms
success		1       42      1       6       1       0       29692.36  60      4539.0   ms
success		1       43      1       59      1       0       29130.09  59      4539.0   ms
success		1       44      1       46      1       0       28787.70  58      4539.0   ms
success		1       45      3       31      3       0       27918.02  57      4539.0   ms
success		1       46      1       17      1       0       27058.45  56      4539.0   ms
success		1       47      3       2       3       0       26188.12  55      4539.0   ms
success		1       48      1       43      1       0       25616.32  54      4539.0   ms
success		1       49      3       19      3       0       25422.31  53      4539.0   ms
success		1       50      2       10      2       0       24732.26  52      4539.0   ms
success		1       51      3       16      3       0       24326.81  51      4539.0   ms
success		1       52      2       30      2       0       23744.65  50      4539.0   ms
success		1       53      1       19      1       0       23285.85  49      4539.0   ms
success		1       54      2       41      2       0       22870.65  48      4539.0   ms
success		1       55      1       38      1       0       22069.13  47      4539.0   ms
success		1       56      2       22      2       0       21460.01  46      4539.0   ms
success		1       57      2       28      2       0       20746.44  45      4539.0   ms
success		1       58      3       44      3       0       19396.57  44      4539.0   ms
success		1       59      2       38      2       0       19299.89  43      4539.0   ms
success		1       60      2       9       2       0       18581.72  42      4539.0   ms
success		1       61      3       8       3       0       18385.17  41      4539.0   ms
success		1       62      4       10      4       0       17694.15  40      4539.0   ms
success		1       63      3       24      3       0       17211.83  39      4539.0   ms
success		1       64      4       29      4       0       16988.30  38      4539.0   ms
success		1       65      3       32      3       0       16793.72  37      4539.0   ms
success		1       66      3       32      3       0       16298.25  36      4539.0   ms
success		1       67      3       28      3       0       15910.41  35      4539.0   ms
success		1       68      2       15      2       0       15407.30  34      4539.0   ms
success		1       69      5       1       3       0       15477.30  33      4539.0   ms
success		1       70      2       14      2       0       15015.38  32      4539.0   ms
success		1       71      4       1       4       0       14127.02  31      4539.0   ms
success		1       72      4       24      2       0       15170.83  30      4555.0   ms
success		1       73      5       7       5       0       13355.06  29      4555.0   ms
success		1       74      3       11      3       0       12813.01  28      4555.0   ms
success		1       75      8       17      4       0       13282.91  27      4555.0   ms
success		1       76      7       26      5       0       13533.19  26      4555.0   ms
success		1       77      6       14      5       0       12204.03  25      4555.0   ms
success		1       78      15      5       4       0       10682.09  24      4571.0   ms
success		1       79      35      17      4       0       10737.75  23      4602.0   ms
success		1       80      49      11      5       0       9357.12   22      4680.0   ms
success		1       81      42      7       5       0       9136.12   21      4727.0   ms
success		1       82      247     16      5       0       7880.13   20      5101.0   ms
success		1       0       1       83      1       0       44232.69  102     5803.0   ms
success		1       1       1       89      1       0       43921.18  101     5803.0   ms
success		1       2       1       34      1       0       43087.53  100     5803.0   ms
success		1       3       1       71      1       0       42686.87  99      5803.0   ms
success		1       4       1       85      1       0       42609.82  98      5803.0   ms
success		1       5       1       89      1       0       42044.57  97      5803.0   ms
success		1       6       1       83      1       0       41901.21  96      5803.0   ms
success		1       7       1       6       1       0       40911.84  95      5803.0   ms
success		1       8       1       33      1       0       40608.25  94      5803.0   ms
success		1       9       1       56      1       0       40485.02  93      5803.0   ms
success		1       10      1       3       1       0       40358.28  92      5803.0   ms
success		1       11      1       86      1       0       40240.62  91      5803.0   ms
success		1       12      1       3       1       0       39876.59  90      5803.0   ms
success		1       13      1       82      1       0       39297.07  89      5803.0   ms
success		1       14      1       14      1       0       38867.43  88      5803.0   ms
success		1       15      2       35      2       0       38639.32  87      5803.0   ms
success		1       16      1       59      1       0       38494.96  86      5803.0   ms
success		1       17      1       52      1       0       38172.08  85      5803.0   ms
success		1       18      2       10      2       0       37499.69  84      5803.0   ms
success		1       19      1       64      1       0       37121.10  83      5803.0   ms
success		1       20      1       67      1       0       36297.50  82      5803.0   ms
success		1       21      1       69      1       0       35555.62  81      5803.0   ms
success		1       22      1       58      1       0       35251.99  80      5803.0   ms
success		1       23      1       10      1       0       34818.88  79      5803.0   ms
success		1       24      1       5       1       0       34087.65  78      5803.0   ms
success		1       25      1       49      1       0       33717.24  77      5803.0   ms
success		1       26      2       7       2       0       32916.05  76      5803.0   ms
success		1       27      2       66      2       0       32869.62  75      5803.0   ms
success		1       28      1       5       1       0       32773.09  74      5803.0   ms
success		1       29      2       36      2       0       32496.19  73      5803.0   ms
success		1       30      2       35      2       0       31869.12  72      5803.0   ms
success		1       31      3       54      3       0       31065.73  71      5803.0   ms
success		1       32      2       13      2       0       31345.31  70      5803.0   ms
success		1       33      2       49      2       0       31229.28  69      5803.0   ms
success		1       34      2       44      2       0       31104.73  68      5803.0   ms
success		1       35      2       5       2       0       30501.06  67      5803.0   ms
success		1       36      1       46      1       0       29789.90  66      5803.0   ms
success		1       37      2       37      2       0       29265.26  65      5803.0   ms
success		1       38      2       43      2       0       29030.00  64      5803.0   ms
success		1       39      1       63      1       0       27993.34  63      5803.0   ms
success		1       40      2       40      2       0       28011.92  62      5803.0   ms
success		1       41      2       9       2       0       27713.98  61      5803.0   ms
success		1       42      2       3       2       0       27285.09  60      5803.0   ms
success		1       43      1       21      1       0       26868.95  59      5803.0   ms
success		1       44      1       4       1       0       26444.18  58      5803.0   ms
success		1       45      2       32      2       0       25798.81  57      5803.0   ms
success		1       46      1       30      1       0       25526.58  56      5803.0   ms
success		1       47      2       34      2       0       25237.03  55      5803.0   ms
success		1       48      1       54      1       0       24927.43  54      5803.0   ms
success		1       49      2       15      2       0       24607.08  53      5803.0   ms
success		1       50      1       0       1       0       23742.12  52      5803.0   ms
success		1       51      1       40      1       0       23330.53  51      5803.0   ms
success		1       52      2       41      2       0       23150.57  50      5803.0   ms
success		1       53      2       36      2       0       23277.16  49      5803.0   ms
success		1       54      4       25      4       0       23181.02  48      5803.0   ms
success		1       55      2       47      2       0       22167.79  47      5803.0   ms
success		1       56      2       32      2       0       21460.91  46      5803.0   ms
success		1       57      3       42      3       0       20959.34  45      5803.0   ms
success		1       58      1       28      1       0       20578.05  44      5803.0   ms
success		1       59      2       0       2       0       20419.80  43      5803.0   ms
success		1       60      2       42      2       0       20030.29  42      5803.0   ms
success		1       61      2       35      2       0       19642.08  41      5803.0   ms
success		1       62      4       16      4       0       18717.76  40      5803.0   ms
success		1       63      2       8       2       0       18498.73  39      5803.0   ms
success		1       64      3       9       3       0       18205.47  38      5803.0   ms
success		1       65      1       32      1       0       17774.15  37      5803.0   ms
success		1       66      3       32      3       0       17583.50  36      5803.0   ms
success		1       67      2       27      2       0       16601.46  35      5803.0   ms
success		1       68      2       4       2       0       15795.80  34      5803.0   ms
success		1       69      4       14      3       0       17427.53  33      5803.0   ms
success		1       70      4       22      4       0       16860.94  32      5803.0   ms
success		1       71      4       3       4       0       16006.98  31      5803.0   ms
success		1       72      4       21      4       0       14880.04  30      5803.0   ms
success		1       73      6       12      3       0       14556.16  29      5819.0   ms
success		1       74      9       20      4       0       15036.86  27      5819.0   ms
success		1       75      9       13      3       0       13383.97  26      5819.0   ms
success		1       76      10      24      5       0       12111.71  25      5834.0   ms
success		1       77      13      2       4       0       11605.15  24      5834.0   ms
success		1       78      29      16      4       0       10200.83  23      5865.0   ms
success		1       79      14      4       5       0       9495.87   22      5881.0   ms
success		1       80      131     14      5       0       8374.91   21      6037.0   ms
success		1       81      406     19      6       0       7798.08   20      6583.0   ms
success		1       0       1       1       1       0       43642.28  102     7363.0   ms
success		1       1       1       13      1       0       43346.97  101     7363.0   ms
success		1       2       1       79      1       0       42872.83  100     7363.0   ms
success		1       3       1       38      1       0       42393.99  99      7363.0   ms
success		1       4       1       77      1       0       41727.25  98      7363.0   ms
success		1       5       1       87      1       0       41351.79  97      7363.0   ms
success		1       6       1       70      1       0       40528.18  96      7363.0   ms
success		1       7       1       53      1       0       40220.21  95      7363.0   ms
success		1       8       1       68      1       0       39902.78  94      7363.0   ms
success		1       9       2       5       2       0       39637.39  93      7363.0   ms
success		1       10      1       2       1       0       39445.58  92      7363.0   ms
success		1       11      1       21      1       0       38842.66  91      7363.0   ms
success		1       12      1       23      1       0       38655.95  90      7363.0   ms
success		1       13      1       83      1       0       38469.15  89      7363.0   ms
success		1       14      1       39      1       0       38131.42  88      7363.0   ms
success		1       15      1       0       1       0       37619.56  87      7363.0   ms
success		1       16      1       70      1       0       37232.15  86      7363.0   ms
success		1       17      1       5       1       0       37135.62  85      7363.0   ms
success		1       18      1       50      1       0       36766.64  84      7363.0   ms
success		1       19      2       12      2       0       36557.01  83      7363.0   ms
success		1       20      1       24      1       0       36474.80  82      7363.0   ms
success		1       21      1       24      1       0       35657.80  81      7363.0   ms
success		1       22      1       34      1       0       35255.88  80      7363.0   ms
success		1       23      2       10      2       0       34898.75  79      7363.0   ms
success		1       24      1       28      1       0       34825.12  78      7363.0   ms
success		1       25      2       32      2       0       34337.04  77      7363.0   ms
success		1       26      2       23      2       0       34596.75  76      7363.0   ms
success		1       27      1       24      1       0       34687.04  75      7363.0   ms
success		1       28      2       58      2       0       34617.18  74      7363.0   ms
success		1       29      1       67      1       0       34570.92  73      7363.0   ms
success		1       30      2       30      2       0       33961.06  72      7363.0   ms
success		1       31      1       41      1       0       33691.00  71      7363.0   ms
success		1       32      1       62      1       0       33199.23  70      7363.0   ms
success		1       33      2       11      2       0       32729.47  69      7363.0   ms
success		1       34      1       39      1       0       32572.80  68      7363.0   ms
success		1       35      1       18      1       0       32510.69  67      7363.0   ms
success		1       36      1       20      1       0       31769.50  66      7363.0   ms
success		1       37      2       3       2       0       31664.45  65      7363.0   ms
success		1       38      2       21      2       0       30947.98  64      7363.0   ms
success		1       39      2       25      2       0       30488.59  63      7363.0   ms
success		1       40      1       47      1       0       29666.60  62      7363.0   ms
success		1       41      1       45      1       0       28817.29  61      7363.0   ms
success		1       42      1       17      1       0       28107.54  60      7363.0   ms
success		1       43      1       28      1       0       27623.99  59      7363.0   ms
success		1       44      4       41      4       0       27871.21  58      7363.0   ms
success		1       45      1       44      1       0       27869.06  57      7363.0   ms
success		1       46      2       4       2       0       27970.91  56      7363.0   ms
success		1       47      1       38      1       0       27477.94  55      7363.0   ms
success		1       48      1       46      1       0       27063.61  54      7363.0   ms
success		1       49      1       13      1       0       26875.92  53      7363.0   ms
success		1       50      2       30      2       0       25930.42  52      7363.0   ms
success		1       51      1       25      1       0       24920.13  51      7363.0   ms
success		1       52      2       15      2       0       24475.29  50      7363.0   ms
success		1       53      3       12      3       0       23199.06  49      7363.0   ms
success		1       54      2       36      2       0       22773.05  48      7363.0   ms
success		1       55      2       12      2       0       22276.33  47      7363.0   ms
success		1       56      2       44      2       0       22087.13  46      7363.0   ms
success		1       57      1       15      1       0       21703.26  45      7363.0   ms
success		1       58      4       33      4       0       20926.14  44      7379.0   ms
success		1       59      1       17      1       0       20618.17  43      7379.0   ms
success		1       60      1       41      1       0       20038.41  42      7379.0   ms
success		1       61      3       14      3       0       20244.31  41      7379.0   ms
success		1       62      1       10      1       0       19755.83  40      7379.0   ms
success		1       63      3       0       3       0       18547.95  39      7379.0   ms
success		1       64      4       37      2       0       19852.20  37      7379.0   ms
success		1       65      3       34      3       0       19102.44  36      7379.0   ms
success		1       66      2       9       2       0       18322.96  35      7379.0   ms
success		1       67      3       32      3       0       17780.15  34      7379.0   ms
success		1       68      3       20      3       0       17435.97  33      7379.0   ms
success		1       69      2       26      2       0       16593.38  32      7379.0   ms
success		1       70      3       14      3       0       15514.57  31      7379.0   ms
success		1       71      4       18      3       0       14105.02  30      7379.0   ms
success		1       72      8       16      4       0       14326.17  28      7379.0   ms
success		1       73      3       19      3       0       13387.06  27      7379.0   ms
success		1       74      6       22      4       0       11910.06  26      7379.0   ms
success		1       75      6       6       3       0       12331.25  25      7394.0   ms
success		1       76      6       14      3       0       10698.11  24      7394.0   ms
success		1       77      41      14      5       0       10198.05  23      7441.0   ms
success		1       78      33      5       4       0       9539.15   22      7472.0   ms
success		1       79      56      9       5       0       8524.64   21      7535.0   ms
success		1       80      76      9       4       0       7542.65   20      7644.0   ms
cross iterater0
bad   	success		6999.69   8525.69   21      8424.0   ms cross
rand   	success		6570.91   8076.02   20      8658.0   ms cross
bad   	fail		6020.16   7433.87   20      9578.0   ms cross
rand   	
bad   	
rand   	fail		5873.20   7551.33   20      12012.0  ms cross
bad   	success		6462.57   7873.25   20      12012.0  ms cross
rand   	
ab
ab7	3
cross iterater1
bad   	
rand   	
bad   	
rand   	fail		6279.26   7873.29   20      15756.0  ms cross
bad   	fail		6110.19   7651.48   20      16598.0  ms cross
rand   	
bad   	fail		6314.36   8062.82   20      18189.0  ms cross
rand   	fail		5935.30   7671.20   20      19063.0  ms cross
ab
ab7	1
fail		6268.10   8137.08   20      19905.0  ms
fail		5935.30   7671.20   20      20701.0  ms
fail		6462.57   7992.76   20      21465.0  ms
cross iterater2
bad   	success		6588.33   7288.86   20      21512.0  ms cross
rand   	fail		6126.63   7481.58   20      22214.0  ms cross
bad   	success		6602.69   7885.26   20      22588.0  ms cross
rand   	
ab
ab6	1
fail		6268.10   8137.08   20      23868.0  ms
fail		6229.71   7390.96   20      24570.0  ms
fail		5873.20   7551.33   20      25350.0  ms
cross iterater3
ab
ab6	1
fail		6446.83   7967.99   20      26083.0  ms
cross iterater4
bad   	success		6565.09   7768.27   20      26395.0  ms cross
rand   	
bad   	fail		6290.74   8745.90   21      27814.0  ms cross
rand   	success		6386.80   7804.57   20      28516.0  ms cross
ab
ab6	3
ab7	4
fail		6177.49   7707.04   20      29312.0  ms
fail		5873.20   7551.33   20      29858.0  ms
cross iterater5
bad   	success		6915.58   8481.44   21      29889.0  ms cross
rand   	success		6259.61   7556.59   20      29920.0  ms cross
bad   	
rand   	
bad   	fail		6083.05   7862.02   20      32307.0  ms cross
rand   	
bad   	fail		6206.04   8601.73   21      33961.0  ms cross
rand   	success		6720.34   7872.17   20      34148.0  ms cross
ab
ab6	3
ab7	2
fail		6164.50   7709.46   20      35006.0  ms
fail		5877.25   7514.62   20      35801.0  ms
cross iterater6
bad   	success		6059.28   7392.35   20      35801.0  ms cross
rand   	fail		5965.72   7476.28   20      36644.0  ms cross
bad   	fail		6155.17   7780.71   20      37673.0  ms cross
rand   	
bad   	
rand   	fail		6298.29   7784.81   20      40263.0  ms cross
bad   	success		6088.69   7261.27   20      40263.0  ms cross
rand   	
bad   	fail		6143.19   7692.53   20      41901.0  ms cross
rand   	
bad   	success		5373.60   6655.00   19      43367.0  ms cross
rand   	
ab
ab6	3
fail		6182.71   7869.83   20      44943.0  ms
fail		5877.25   7514.62   20      45754.0  ms
cross iterater7
bad   	fail		7024.37   9280.18   21      46518.0  ms cross
rand   	success		6995.32   7972.74   20      46908.0  ms cross
bad   	
rand   	
bad   	fail		6408.76   8267.96   20      49248.0  ms cross
rand   	
bad   	success		7020.31   7949.87   20      50231.0  ms cross
rand   	
ab
ab6	4
ab7	5
fail		5958.23   7434.69   20      51916.0  ms
fail		6374.84   8109.69   20      52743.0  ms
fail		6325.75   8507.69   20      53492.0  ms
cross iterater8
bad   	success		6349.05   7812.78   20      54194.0  ms cross
rand   	fail		5915.88   7623.35   20      54989.0  ms cross
bad   	fail		6160.27   8183.71   20      56003.0  ms cross
rand   	fail		6278.99   7677.04   20      56799.0  ms cross
bad   	fail		5987.05   7395.20   20      57548.0  ms cross
rand   	fail		6104.88   7951.76   20      58515.0  ms cross
bad   	success		6459.18   7346.10   20      58515.0  ms cross
rand   	
ab
ab6	2
cross iterater9
bad   	fail		5921.03   7634.52   20      60309.0  ms cross
rand   	fail		6298.17   7658.65   20      61151.0  ms cross
bad   	success		6462.15   8672.81   21      61151.0  ms cross
rand   	success		6210.81   7741.83   20      61603.0  ms cross
bad   	fail		6323.20   7803.40   20      62352.0  ms cross
rand   	fail		6048.01   7924.44   20      63273.0  ms cross
bad   	fail		6063.35   7733.29   20      64021.0  ms cross
rand   	fail		5990.44   7123.51   20      64833.0  ms cross
ab
ab6	1
fail		6396.27   7418.49   20      65722.0  ms
fail		6124.44   7871.74   20      66471.0  ms
cross iterater10
ab
ab6	1
fail		6124.44   7871.74   20      67282.0  ms
fail		6244.54   7670.78   20      68015.0  ms
cross iterater11
bad   	success		6324.52   7226.98   20      68015.0  ms cross
rand   	fail		6234.79   8144.02   20      68951.0  ms cross
bad   	
rand   	
ab
ab6	4
ab7	1
fail		6081.22   7695.30   20      71291.0  ms
fail		5893.07   7596.59   20      72071.0  ms
cross iterater12
bad   	success		6708.89   8110.24   20      72352.0  ms cross
rand   	
bad   	fail		6293.64   7666.12   20      73990.0  ms cross
rand   	fail		6192.05   7823.50   20      74785.0  ms cross
bad   	
rand   	fail		6596.95   7812.35   20      76548.0  ms cross
bad   	success		6675.76   7619.44   20      76891.0  ms cross
rand   	
bad   	
rand   	
bad   	
rand   	
ab
ab7	1
ab6	4
fail		6111.30   8245.28   20      81868.0  ms
fail		6085.93   7873.64   20      82866.0  ms
cross iterater13
bad   	success		6099.41   8523.66   21      82882.0  ms cross
rand   	success		6430.02   7157.88   20      83381.0  ms cross
bad   	
rand   	
bad   	fail		6395.97   8045.69   20      85705.0  ms cross
rand   	
bad   	success		6773.25   7599.54   20      86672.0  ms cross
rand   	
ab
ab7	1
fail		6244.54   7670.78   20      88295.0  ms
cross iterater14
bad   	success		6184.56   7572.03   20      88295.0  ms cross
rand   	
bad   	success		6838.14   8568.85   21      89059.0  ms cross
rand   	fail		6270.18   8867.51   21      89777.0  ms cross
bad   	success		6234.60   7827.52   20      89886.0  ms cross
rand   	fail		5801.18   7655.80   20      90791.0  ms cross
bad   	fail		6298.09   8231.41   20      91711.0  ms cross
rand   	fail		6049.43   7762.67   20      92772.0  ms cross
ab
ab7	0
fail		6336.17   8057.63   20      93614.0  ms
fail		6244.54   7670.78   20      94519.0  ms
cross iterater15
bad   	success		6473.46   7860.27   20      94613.0  ms cross
rand   	
bad   	success		6479.82   7882.05   20      95814.0  ms cross
rand   	
ab
ab7	3
ab6	1
fail		6473.46   7935.39   20      97358.0  ms
fail		6085.93   7873.64   20      98154.0  ms
fail		5958.23   7434.69   20      98918.0  ms
cross iterater16
bad   	success		6075.40   7978.37   20      98918.0  ms cross
rand   	
bad   	success		7551.75   8166.64   21      99745.0  ms cross
rand   	success		6739.12   7756.77   20      100229.0 ms cross
bad   	fail		6072.12   7756.68   20      101227.0 ms cross
rand   	fail		5970.10   7885.17   20      102303.0 ms cross
bad   	fail		5957.53   7803.14   20      103271.0 ms cross
rand   	
ab
ab7	3
fail		5957.53   7803.14   20      104753.0 ms
fail		6264.47   7991.74   20      105548.0 ms
cross iterater17
bad   	success		6796.33   7548.53   20      106141.0 ms cross
rand   	fail		6357.63   7957.66   20      106968.0 ms cross
bad   	success		6902.97   7504.93   20      107170.0 ms cross
rand   	
ab
ab6	1
fail		5957.53   7803.14   20      108777.0 ms
fail		5744.97   7180.51   20      109542.0 ms
cross iterater18
bad   	fail		6111.28   7836.86   20      110493.0 ms cross
rand   	fail		5767.74   7610.39   20      111320.0 ms cross
bad   	success		6020.91   7454.07   20      111320.0 ms cross
rand   	
bad   	
rand   	
bad   	fail		6085.83   7600.90   20      114456.0 ms cross
rand   	success		6048.82   6867.67   19      114986.0 ms cross
ab
ab7	0
cross iterater19
ab
ab7	4
fail		6199.99   7714.65   20      115813.0 ms
cross iterater20
ab
ab7	0
cross iterater21
ab
ab6	3
fail		5767.74   7610.39   20      116624.0 ms
cross iterater22
bad   	success		6343.93   7316.91   20      116640.0 ms cross
rand   	
bad   	success		6039.86   6538.42   19      118168.0 ms cross
rand   	
bad   	
rand   	
bad   	success		5861.49   7254.51   20      120633.0 ms cross
rand   	fail		6311.00   7794.47   20      121491.0 ms cross
bad   	
rand   	fail		5730.51   8055.35   20      123425.0 ms cross
bad   	fail		6251.40   7969.30   20      124299.0 ms cross
rand   	
ab
ab6	2
fail		6039.86   7175.32   19      125937.0 ms
cross iterater23
bad   	success		5665.84   6979.91   19      126249.0 ms cross
rand   	
bad   	fail		6028.71   7673.53   20      127981.0 ms cross
rand   	
ab
ab7	1
fail		6149.22   7882.71   20      129712.0 ms
cross iterater24
bad   	success		5629.53   7043.69   20      129712.0 ms cross
rand   	fail		5854.73   7680.85   20      130523.0 ms cross
bad   	
rand   	fail		6176.51   7565.28   20      132161.0 ms cross
bad   	success		5878.71   6808.73   19      132910.0 ms cross
rand   	
bad   	
rand   	
ab
ab7	3
cross iterater25
ab
ab7	2
cross iterater26
bad   	
rand   	
bad   	
rand   	
ab
ab7	0
fail		6048.82   7196.11   19      139056.0 ms
cross iterater27
bad   	fail		6527.20   8058.27   20      139977.0 ms cross
rand   	
bad   	fail		5672.13   7469.79   20      141693.0 ms cross
rand   	
ab
ab7	4
ab6	5
fail		6039.86   7175.32   19      143237.0 ms
fail		5316.18   6635.14   19      143924.0 ms
cross iterater28
bad   	fail		6323.05   7884.09   20      144704.0 ms cross
rand   	
bad   	
rand   	
ab
ab7	3
ab6	4
fail		6040.12   7084.24   19      146825.0 ms
fail		5924.82   7110.14   19      147449.0 ms
fail		5971.64   7179.32   19      148338.0 ms
cross iterater29
bad   	
rand   	
bad   	
rand   	
ab
ab7	5
fail		5818.69   6897.45   19      152800.0 ms
fail		5970.41   7175.32   19      153502.0 ms
cross iterater30
bad   	
rand   	fail		6363.40   7793.11   20      155265.0 ms cross
bad   	
rand   	
ab
ab6	3
ab7	5
fail		5878.53   7023.21   19      157667.0 ms
fail		5874.74   7020.28   19      158447.0 ms
cross iterater31
ab
ab6	4
fail		5906.81   7138.88   19      159211.0 ms
fail		5818.69   6897.45   19      160069.0 ms
fail		5874.74   7020.28   19      160959.0 ms
cross iterater32
ab
ab7	0
cross iterater33
ab
fail		5928.83   7032.19   19      161785.0 ms
cross iterater34
bad   	fail		6106.40   7610.99   20      162690.0 ms cross
rand   	fail		6306.59   7842.92   20      163408.0 ms cross
bad   	
rand   	
ab
ab7	5
ab6	4
fail		5818.69   6897.45   19      165841.0 ms
cross iterater35
ab
ab7	4
fail		5908.00   7049.93   19      166621.0 ms
cross iterater36
bad   	
rand   	
bad   	
rand   	
ab
ab7	4
ab6	5
fail		5902.03   7015.60   19      170599.0 ms
fail		5818.69   6897.45   19      171067.0 ms
fail		5929.85   7081.73   19      171613.0 ms
cross iterater37
ab
ab7	4
fail		5897.59   6980.15   19      172393.0 ms
cross iterater38
bad   	success		5738.81   6894.53   19      172487.0 ms cross
rand   	
bad   	
rand   	
ab
ab6	4
ab7	2
fail		6000.64   7110.12   19      175981.0 ms
fail		5897.59   6980.15   19      176839.0 ms
cross iterater39
ab
ab6	1
cross iterater40
bad   	fail		6219.38   7763.83   20      177713.0 ms cross
rand   	
bad   	success		5799.84   6663.82   19      178540.0 ms cross
rand   	
ab
ab6	5
ab7	3
fail		6006.39   7057.31   19      179756.0 ms
fail		5726.05   6953.92   19      180474.0 ms
cross iterater41
bad   	
rand   	
bad   	
rand   	
ab
ab6	2
fail		5702.58   6904.70   19      184733.0 ms
fail		5897.59   6980.15   19      185513.0 ms
cross iterater42
bad   	
rand   	
bad   	
rand   	
ab
ab6	5
fail		5726.05   6953.92   19      189615.0 ms
fail		5897.59   6980.15   19      190489.0 ms
cross iterater43
bad   	
rand   	
bad   	
rand   	
ab
ab6	4
cross iterater44
bad   	
rand   	
bad   	
rand   	
ab
ab6	1
fail		5777.51   6909.23   19      197150.0 ms
fail		5745.53   6898.08   19      198102.0 ms
fail		5746.21   6813.96   19      198960.0 ms
cross iterater45
bad   	
rand   	
bad   	
rand   	
ab
ab6	3
ab7	0
fail		5692.09   6993.28   19      203187.0 ms
cross iterater46
bad   	
rand   	
bad   	
rand   	
ab
ab6	3
cross iterater47
bad   	
rand   	
bad   	
rand   	
ab
ab7	3
fail		5616.57   6925.83   19      211128.0 ms
cross iterater48
bad   	
rand   	
bad   	
rand   	
ab
ab6	1
fail		5745.53   6898.08   19      214622.0 ms
cross iterater49
ab
ab7	2
ab6	5
fail		5781.16   6883.68   19      215418.0 ms
fail		5746.21   6813.96   19      216244.0 ms
cross iterater50
bad   	success		6049.23   6617.65   19      216634.0 ms cross
rand   	
bad   	
rand   	
ab
ab6	1
ab7	0
fail		5685.15   6817.50   19      220222.0 ms
fail		5660.86   6897.18   19      221127.0 ms
cross iterater51
ab
ab7	3
fail		5654.26   6825.20   19      222016.0 ms
cross iterater52
bad   	
rand   	
bad   	success		5656.32   6845.03   19      223951.0 ms cross
rand   	
ab
ab7	0
fail		5694.35   6804.99   19      225791.0 ms
fail		5656.32   6857.33   19      226603.0 ms
cross iterater53
bad   	
rand   	
bad   	
rand   	
ab
ab7	2
ab6	0
fail		5702.40   6813.04   19      230487.0 ms
cross iterater54
bad   	
rand   	
bad   	
rand   	
ab
ab7	4
ab6	5
cross iterater55
bad   	
rand   	
bad   	
rand   	
ab
ab7	0
fail		5694.35   6804.99   19      238053.0 ms
fail		5777.80   6786.25   19      238661.0 ms
fail		5665.17   6897.36   19      239472.0 ms
cross iterater56
bad   	
rand   	
bad   	
rand   	
ab
ab6	5
ab7	4
fail		5514.87   6819.74   19      243716.0 ms
cross iterater57
bad   	
rand   	
bad   	
rand   	
ab
ab6	0
ab7	4
cross iterater58
bad   	fail		5919.94   7340.27   20      248021.0 ms cross
rand   	
bad   	fail		5818.64   7707.75   20      249690.0 ms cross
rand   	fail		5967.55   7853.84   20      250533.0 ms cross
ab
ab6	4
ab7	0
cross iterater59
bad   	fail		6189.95   7757.28   20      251500.0 ms cross
rand   	
bad   	fail		5863.35   7403.47   20      253341.0 ms cross
rand   	success		5809.05   6733.44   19      253871.0 ms cross
ab
ab6	3
fail		5493.27   6757.37   19      254620.0 ms
cross iterater60
ab
ab6	4
fail		5806.56   7044.89   19      255478.0 ms
fail		5493.27   6757.37   19      256180.0 ms
cross iterater61
bad   	success		5522.07   6648.39   19      256195.0 ms cross
rand   	
bad   	success		5512.08   6634.30   19      257319.0 ms cross
rand   	
ab
ab7	0
fail		5789.83   6994.32   19      258411.0 ms
fail		5493.27   6757.37   19      258957.0 ms
cross iterater62
bad   	fail		6244.58   7978.38   20      259503.0 ms cross
rand   	success		5813.08   6239.83   19      259971.0 ms cross
bad   	
rand   	
ab
ab7	0
fail		5813.08   6780.91   19      262045.0 ms
fail		5512.08   6733.30   19      262872.0 ms
fail		5582.93   6924.89   19      263683.0 ms
fail		5809.05   7032.47   19      264541.0 ms
fail		5493.27   6757.37   19      265040.0 ms
cross iterater63
ab
ab6	3
ab7	4
cross iterater64
ab
ab6	4
fail		5512.08   6733.30   19      265555.0 ms
cross iterater65
bad   	
rand   	
bad   	
rand   	
ab
ab6	0
fail		5493.27   6757.37   19      268457.0 ms
cross iterater66
bad   	
rand   	
bad   	
rand   	
ab
ab6	0
fail		5522.07   6651.91   19      271327.0 ms
fail		5488.74   6786.40   19      271873.0 ms
cross iterater67
bad   	fail		6779.07   7792.46   20      272388.0 ms cross
rand   	
bad   	success		5505.85   6761.32   19      272825.0 ms cross
rand   	
ab
ab6	4
ab7	1
fail		5505.85   6766.55   19      273808.0 ms
cross iterater68
bad   	
rand   	
bad   	
rand   	
ab
ab6	1
cross iterater69
bad   	
rand   	
bad   	
rand   	
ab
ab6	4
ab7	1
fail		5522.07   6651.91   19      280001.0 ms
cross iterater70
bad   	
rand   	
bad   	
rand   	
ab
ab6	5
ab7	1
fail		5490.86   6715.48   19      282965.0 ms
fail		5823.19   6994.60   19      283557.0 ms
fail		5823.19   6994.60   19      284010.0 ms
cross iterater71
bad   	
rand   	
bad   	
rand   	
ab
ab6	4
ab7	5
fail		5583.93   6652.62   19      286568.0 ms
fail		5660.84   6851.24   19      287052.0 ms
cross iterater72
bad   	
rand   	
bad   	
rand   	
ab
ab6	2
ab7	4
fail		5583.93   6652.62   19      290156.0 ms
cross iterater73
bad   	
rand   	
bad   	
rand   	
ab
ab7	4
ab6	5
fail		5570.23   6844.16   19      293385.0 ms
fail		5744.67   6912.80   19      293931.0 ms
cross iterater74
bad   	
rand   	
bad   	
rand   	
ab
ab6	1
fail		5586.86   6781.18   19      296677.0 ms
fail		5570.23   6844.16   19      297285.0 ms
cross iterater75
bad   	
rand   	
bad   	
rand   	
ab
ab6	1
fail		5622.68   6754.60   19      301372.0 ms
cross iterater76
ab
ab6	2
ab7	5
fail		5675.85   6681.07   19      302277.0 ms
cross iterater77
ab
cross iterater78
ab
fail		5791.83   6868.66   19      303322.0 ms
fail		5516.25   6623.96   19      304305.0 ms
cross iterater79
bad   	
rand   	
bad   	success		5523.43   6437.68   19      305288.0 ms cross
rand   	
ab
ab6	1
cross iterater80
ab
fail		5312.52   6547.90   19      306302.0 ms
fail		5675.85   6681.07   19      306832.0 ms
fail		5516.25   6623.96   19      307332.0 ms
cross iterater81
ab
ab6	5
fail		5523.43   6611.28   19      307909.0 ms
cross iterater82
bad   	
rand   	
bad   	
rand   	
ab
ab6	1
fail		5395.09   7000.91   19      310997.0 ms
fail		5516.25   6623.96   19      311497.0 ms
cross iterater83
bad   	success		5312.52   6546.74   19      311497.0 ms cross
rand   	
bad   	
rand   	
ab
ab7	0
fail		5675.85   6681.07   19      313634.0 ms
fail		5519.36   6610.61   19      314242.0 ms
cross iterater84
bad   	
rand   	
bad   	
rand   	
ab
ab6	2
ab7	1
fail		5292.28   6891.85   19      318283.0 ms
fail		5519.36   6610.61   19      318782.0 ms
cross iterater85
bad   	
rand   	
bad   	
rand   	
ab
ab6	4
ab7	2
cross iterater86
ab
ab6	3
fail		5365.24   6855.90   19      322463.0 ms
fail		5312.52   6547.90   19      323056.0 ms
cross iterater87
bad   	
rand   	
bad   	
rand   	
ab
ab6	2
ab7	4
fail		5448.72   6726.28   19      325817.0 ms
cross iterater88
bad   	
rand   	
bad   	
rand   	
ab
ab7	1
ab6	4
fail		5254.83   6754.22   19      329312.0 ms
fail		5354.77   6641.19   19      329780.0 ms
cross iterater89
ab
ab6	1
fail		5347.88   6712.05   19      330279.0 ms
fail		5312.52   6547.90   19      330965.0 ms
cross iterater90
ab
ab7	4
fail		5398.11   6925.14   19      331932.0 ms
cross iterater91
ab
ab6	1
fail		5369.10   6708.57   19      332432.0 ms
fail		5312.52   6547.90   19      332978.0 ms
cross iterater92
bad   	
rand   	
bad   	
rand   	
ab
fail		5354.77   6641.19   19      335801.0 ms
fail		5312.52   6547.90   19      336300.0 ms
cross iterater93
bad   	
rand   	
bad   	
rand   	
ab
fail		5354.77   6641.19   19      338796.0 ms
cross iterater94
bad   	
rand   	
bad   	
rand   	
ab
ab6	4
fail		5354.77   6641.19   19      341620.0 ms
fail		5369.10   6708.57   19      342150.0 ms
fail		5312.52   6547.90   19      342743.0 ms
cross iterater95
ab
ab6	3
fail		5326.69   6602.15   19      343336.0 ms
cross iterater96
ab
ab6	1
cross iterater97
bad   	
rand   	
bad   	
rand   	
ab
ab6	2
ab7	1
cross iterater98
bad   	fail		5449.99   6595.99   19      346081.0 ms cross
rand   	
bad   	
rand   	
ab
ab6	2
fail		5401.97   6744.01   19      348406.0 ms
cross iterater99
bad   	
rand   	
bad   	
rand   	
ab
ab7	0

R.size:19

1		45	27	85	80	41	25	51	86	136	115	189	12	
2		62	178	167	43	61	1	17	76	68	28	
3		177	88	8	151	16	140	63	183	146	131	
4		32	147	160	141	65	174	124	200	109	91	
5		118	57	36	33	191	72	4	82	46	90	
6		105	26	152	153	14	30	89	15	42	133	
7		120	44	173	154	24	100	64	149	185	137	
8		10	5	180	84	106	144	9	13	39	107	155	2	
9		148	197	69	11	122	20	110	162	116	164	
10		93	159	150	22	127	157	104	49	111	55	
11		161	38	204	54	7	132	181	186	99	53	199	81	
12		170	134	50	156	29	168	79	87	112	123	77	179	
13		60	83	143	176	125	128	121	188	165	108	202	193	
14		113	103	206	129	47	205	66	70	119	71	158	175	203	67	
15		171	94	31	6	73	139	34	95	190	172	
16		21	23	182	163	75	194	145	92	52	195	198	74	
17		78	201	101	58	184	135	37	166	138	114	187	102	
18		48	169	192	40	97	96	130	19	59	196	
19		18	3	35	126	98	117	142	56	

data1/pdp200/LC1_2_3.txt
total_cost 5254.828727

