success		1       0       1       40      1       0       111640.88 100     31.0     ms
success		1       1       1       90      1       0       111443.91 99      31.0     ms
success		1       2       1       60      1       0       111222.56 98      31.0     ms
success		1       3       1       87      1       0       111281.01 97      31.0     ms
success		1       4       1       37      1       0       111174.75 96      31.0     ms
success		1       5       1       89      1       0       110362.93 95      31.0     ms
success		1       6       1       19      1       0       109846.85 94      31.0     ms
success		1       7       1       57      1       0       108638.20 93      31.0     ms
success		1       8       1       28      1       0       108531.86 92      31.0     ms
success		1       9       1       6       1       0       108206.81 91      31.0     ms
success		1       10      1       10      1       0       107755.26 90      31.0     ms
success		1       11      1       5       1       0       106948.59 89      31.0     ms
success		1       12      1       53      1       0       106268.59 88      31.0     ms
success		1       13      1       67      1       0       105109.97 87      31.0     ms
success		1       14      1       85      1       0       104627.73 86      31.0     ms
success		1       15      2       19      2       0       103038.02 85      31.0     ms
success		1       16      1       13      1       0       102723.36 84      31.0     ms
success		1       17      2       69      2       0       101496.50 83      47.0     ms
success		1       18      1       11      1       0       100685.48 82      47.0     ms
success		1       19      1       8       1       0       99180.81  81      47.0     ms
success		1       20      1       16      1       0       98820.00  80      47.0     ms
success		1       21      1       35      1       0       97918.35  79      47.0     ms
success		1       22      1       71      1       0       96791.97  78      47.0     ms
success		1       23      1       68      1       0       95080.79  77      47.0     ms
success		1       24      1       22      1       0       94198.92  76      47.0     ms
success		1       25      1       15      1       0       92684.33  75      47.0     ms
success		1       26      2       12      2       0       91844.01  74      47.0     ms
success		1       27      1       7       1       0       91375.03  73      47.0     ms
success		1       28      1       54      1       0       90246.67  72      47.0     ms
success		1       29      1       33      1       0       90099.27  71      47.0     ms
success		1       30      2       4       2       0       88755.39  70      47.0     ms
success		1       31      2       46      2       0       87467.98  69      47.0     ms
success		1       32      1       4       1       0       86889.78  68      47.0     ms
success		1       33      2       14      2       0       86413.11  67      47.0     ms
success		1       34      2       57      2       0       85676.99  66      47.0     ms
success		1       35      1       3       1       0       85111.48  65      47.0     ms
success		1       36      1       7       1       0       83975.95  64      47.0     ms
success		1       37      1       48      1       0       83021.98  63      47.0     ms
success		1       38      1       6       1       0       81650.32  62      47.0     ms
success		1       39      1       15      1       0       81639.93  61      47.0     ms
success		1       40      3       29      3       0       80820.19  60      47.0     ms
success		1       41      1       10      1       0       80600.95  59      47.0     ms
success		1       42      1       5       1       0       80550.38  58      47.0     ms
success		1       43      1       36      1       0       79500.84  57      47.0     ms
success		1       44      3       22      3       0       78507.72  56      47.0     ms
success		1       45      4       43      4       0       77212.65  55      47.0     ms
success		1       46      2       53      2       0       75663.14  54      47.0     ms
success		1       47      1       13      1       0       74312.08  53      47.0     ms
success		1       48      2       25      2       0       72978.19  52      47.0     ms
success		1       49      2       1       2       0       72346.68  51      47.0     ms
success		1       50      2       15      2       0       71812.08  50      47.0     ms
success		1       51      2       34      2       0       70772.37  49      47.0     ms
success		1       52      2       3       2       0       69913.83  48      47.0     ms
success		1       53      1       33      1       0       68532.05  47      47.0     ms
success		1       54      2       16      2       0       67992.25  46      47.0     ms
success		1       55      2       11      2       0       67457.90  45      47.0     ms
success		1       56      1       24      1       0       66314.50  44      47.0     ms
success		1       57      3       7       3       0       64785.12  43      47.0     ms
success		1       58      3       2       3       0       63415.54  42      47.0     ms
success		1       59      2       27      2       0       63344.63  41      47.0     ms
success		1       60      3       8       3       0       61993.35  40      47.0     ms
success		1       61      1       24      1       0       60801.29  39      47.0     ms
success		1       62      2       15      2       0       59355.80  38      47.0     ms
success		1       63      3       23      3       0       58311.99  37      47.0     ms
success		1       64      2       15      2       0       56756.27  36      47.0     ms
success		1       65      2       19      2       0       54901.31  35      47.0     ms
success		1       66      2       21      2       0       53557.96  34      47.0     ms
success		1       67      1       7       1       0       52293.18  33      47.0     ms
success		1       68      4       11      4       0       50544.71  32      47.0     ms
success		1       69      3       15      3       0       49332.21  31      47.0     ms
success		1       70      2       16      2       0       48239.75  30      63.0     ms
success		1       71      4       3       4       0       46908.68  29      63.0     ms
success		1       72      3       4       3       0       46834.19  28      63.0     ms
success		1       73      4       21      4       0       45471.57  27      63.0     ms
success		1       74      3       21      3       0       43452.91  26      63.0     ms
success		1       75      4       20      4       0       42393.20  25      63.0     ms
success		1       76      4       13      4       0       40740.74  24      63.0     ms
success		1       77      3       17      3       0       38910.48  23      63.0     ms
success		1       78      5       6       5       0       37527.00  22      63.0     ms
success		1       79      3       7       3       0       35814.42  21      63.0     ms
success		1       80      4       7       4       0       33958.46  20      63.0     ms
success		1       81      4       10      4       0       32795.18  19      63.0     ms
success		1       82      7       10      7       0       31168.91  18      63.0     ms
success		1       83      4       5       3       0       31066.83  17      63.0     ms
success		1       84      7       3       5       0       28784.16  16      63.0     ms
success		1       85      7       8       7       0       26388.82  15      63.0     ms
success		1       86      8       5       7       0       25808.36  14      63.0     ms
success		1       87      8       2       7       0       24158.68  13      63.0     ms
success		1       88      12      2       10      0       22528.72  12      63.0     ms
success		1       89      15      0       8       0       20217.81  11      94.0     ms
success		1       90      14      9       8       0       18111.71  10      94.0     ms
success		1       91      76      0       8       0       16373.27  9       390.0    ms
success		1       0       1       58      1       0       125134.06 100     9017.0   ms
success		1       1       1       90      1       0       123510.07 99      9017.0   ms
success		1       2       1       86      1       0       122804.05 98      9017.0   ms
success		1       3       1       11      1       0       122162.87 97      9017.0   ms
success		1       4       1       57      1       0       121007.10 96      9017.0   ms
success		1       5       1       69      1       0       119765.84 95      9017.0   ms
success		1       6       1       49      1       0       118936.88 94      9017.0   ms
success		1       7       1       71      1       0       118507.09 93      9017.0   ms
success		1       8       1       15      1       0       117779.26 92      9017.0   ms
success		1       9       1       58      1       0       115859.58 91      9017.0   ms
success		1       10      1       64      1       0       115274.76 90      9017.0   ms
success		1       11      1       77      1       0       113543.75 89      9017.0   ms
success		1       12      1       22      1       0       113151.02 88      9017.0   ms
success		1       13      1       65      1       0       111953.46 87      9017.0   ms
success		1       14      1       36      1       0       111448.52 86      9017.0   ms
success		1       15      1       35      1       0       110458.33 85      9017.0   ms
success		1       16      1       60      1       0       109252.38 84      9017.0   ms
success		1       17      1       24      1       0       108766.25 83      9017.0   ms
success		1       18      1       82      1       0       107705.35 82      9017.0   ms
success		1       19      1       52      1       0       106719.85 81      9017.0   ms
success		1       20      1       75      1       0       105530.18 80      9017.0   ms
success		1       21      2       57      2       0       104219.19 79      9017.0   ms
success		1       22      1       0       1       0       102490.50 78      9017.0   ms
success		1       23      1       77      1       0       101044.61 77      9017.0   ms
success		1       24      1       0       1       0       99589.42  76      9017.0   ms
success		1       25      2       58      2       0       98155.69  75      9017.0   ms
success		1       26      2       73      2       0       97061.72  74      9017.0   ms
success		1       27      1       15      1       0       96291.34  73      9017.0   ms
success		1       28      1       22      1       0       95284.88  72      9017.0   ms
success		1       29      1       62      1       0       93984.55  71      9017.0   ms
success		1       30      1       14      1       0       93398.72  70      9017.0   ms
success		1       31      1       33      1       0       92632.27  69      9017.0   ms
success		1       32      2       53      2       0       90961.10  68      9017.0   ms
success		1       33      2       35      2       0       90610.42  67      9017.0   ms
success		1       34      1       46      1       0       89453.18  66      9017.0   ms
success		1       35      1       60      1       0       88103.14  65      9017.0   ms
success		1       36      2       41      2       0       86943.98  64      9017.0   ms
success		1       37      1       24      1       0       85527.73  63      9017.0   ms
success		1       38      1       5       1       0       84655.34  62      9017.0   ms
success		1       39      3       54      3       0       83686.06  61      9017.0   ms
success		1       40      1       0       1       0       83305.52  60      9017.0   ms
success		1       41      1       41      1       0       82215.27  59      9017.0   ms
success		1       42      1       41      1       0       80800.22  58      9017.0   ms
success		1       43      1       39      1       0       80108.27  57      9017.0   ms
success		1       44      2       31      2       0       78285.18  56      9017.0   ms
success		1       45      2       55      2       0       77100.00  55      9017.0   ms
success		1       46      3       53      3       0       75964.54  54      9017.0   ms
success		1       47      3       43      3       0       75290.06  53      9017.0   ms
success		1       48      2       43      2       0       75885.15  52      9033.0   ms
success		1       49      2       35      2       0       74333.15  51      9033.0   ms
success		1       50      1       7       1       0       73459.03  50      9033.0   ms
success		1       51      2       34      2       0       72413.79  49      9033.0   ms
success		1       52      2       24      2       0       71194.50  48      9033.0   ms
success		1       53      3       42      3       0       69921.16  47      9033.0   ms
success		1       54      1       20      1       0       68502.58  46      9033.0   ms
success		1       55      1       16      1       0       66683.93  45      9033.0   ms
success		1       56      3       33      3       0       64934.08  44      9033.0   ms
success		1       57      1       33      1       0       63207.34  43      9033.0   ms
success		1       58      2       29      2       0       61858.45  42      9033.0   ms
success		1       59      2       30      2       0       60286.89  41      9033.0   ms
success		1       60      4       0       4       0       58851.21  40      9033.0   ms
success		1       61      3       3       3       0       57662.03  39      9033.0   ms
success		1       62      2       34      2       0       56324.54  38      9033.0   ms
success		1       63      1       20      1       0       55911.20  37      9033.0   ms
success		1       64      3       6       3       0       54329.16  36      9033.0   ms
success		1       65      1       5       1       0       54031.89  35      9033.0   ms
success		1       66      5       15      5       0       53350.75  34      9033.0   ms
success		1       67      2       30      2       0       52707.66  33      9033.0   ms
success		1       68      2       3       2       0       51823.17  32      9033.0   ms
success		1       69      3       1       3       0       50044.30  31      9033.0   ms
success		1       70      2       8       2       0       49738.67  30      9033.0   ms
success		1       71      3       2       3       0       47944.18  29      9033.0   ms
success		1       72      3       22      3       0       46179.81  28      9033.0   ms
success		1       73      4       1       4       0       45093.82  27      9033.0   ms
success		1       74      4       10      4       0       43974.35  26      9033.0   ms
success		1       75      2       5       2       0       42333.22  25      9033.0   ms
success		1       76      2       8       2       0       40899.20  24      9033.0   ms
success		1       77      4       5       4       0       39439.93  23      9033.0   ms
success		1       78      4       14      4       0       37902.89  22      9033.0   ms
success		1       79      5       14      5       0       36222.79  21      9033.0   ms
success		1       80      5       8       5       0       34553.33  20      9033.0   ms
success		1       81      7       2       7       0       33231.99  19      9033.0   ms
success		1       82      8       16      8       0       31377.15  18      9033.0   ms
success		1       83      6       8       6       0       30002.68  17      9033.0   ms
success		1       84      6       5       6       0       28504.13  16      9033.0   ms
success		1       85      6       5       5       0       26952.65  15      9033.0   ms
success		1       86      6       5       6       0       25082.41  14      9033.0   ms
success		1       87      17      4       8       0       23127.83  13      9048.0   ms
success		1       88      20      2       11      0       22802.30  12      9048.0   ms
success		1       89      10      5       8       0       20534.44  11      9064.0   ms
success		1       90      53      6       9       0       18396.19  10      9267.0   ms
success		1       91      107     4       11      0       16945.60  9       9797.0   ms
success		1       0       1       69      1       0       125696.00 100     20186.0  ms
success		1       1       1       6       1       0       124186.88 99      20186.0  ms
success		1       2       1       4       1       0       122762.38 98      20186.0  ms
success		1       3       1       37      1       0       122219.51 97      20202.0  ms
success		1       4       1       17      1       0       121465.53 96      20202.0  ms
success		1       5       1       85      1       0       119887.18 95      20202.0  ms
success		1       6       1       73      1       0       119060.74 94      20202.0  ms
success		1       7       1       26      1       0       117298.68 93      20202.0  ms
success		1       8       1       4       1       0       116265.45 92      20202.0  ms
success		1       9       1       65      1       0       115012.08 91      20202.0  ms
success		1       10      1       26      1       0       114653.05 90      20202.0  ms
success		1       11      1       35      1       0       114156.57 89      20202.0  ms
success		1       12      1       44      1       0       112502.37 88      20202.0  ms
success		1       13      1       5       1       0       111830.63 87      20202.0  ms
success		1       14      1       5       1       0       111510.70 86      20202.0  ms
success		1       15      2       30      2       0       110558.35 85      20202.0  ms
success		1       16      1       75      1       0       109190.10 84      20202.0  ms
success		1       17      2       18      2       0       107614.80 83      20202.0  ms
success		1       18      1       61      1       0       105665.47 82      20202.0  ms
success		1       19      1       39      1       0       104594.91 81      20202.0  ms
success		1       20      2       68      2       0       104349.89 80      20202.0  ms
success		1       21      3       11      3       0       102474.57 79      20202.0  ms
success		1       22      2       30      2       0       101869.35 78      20202.0  ms
success		1       23      2       29      2       0       100756.30 77      20202.0  ms
success		1       24      1       20      1       0       100086.25 76      20202.0  ms
success		1       25      2       7       2       0       99077.61  75      20202.0  ms
success		1       26      2       33      2       0       98187.20  74      20202.0  ms
success		1       27      2       28      2       0       96443.99  73      20202.0  ms
success		1       28      1       44      1       0       94810.32  72      20202.0  ms
success		1       29      2       0       2       0       93352.25  71      20202.0  ms
success		1       30      2       59      2       0       91630.09  70      20202.0  ms
success		1       31      2       54      2       0       91212.41  69      20202.0  ms
success		1       32      2       33      2       0       90831.11  68      20202.0  ms
success		1       33      2       16      2       0       89689.26  67      20202.0  ms
success		1       34      1       19      1       0       88326.04  66      20202.0  ms
success		1       35      1       9       1       0       87336.88  65      20202.0  ms
success		1       36      1       30      1       0       86101.43  64      20202.0  ms
success		1       37      1       56      1       0       84593.35  63      20202.0  ms
success		1       38      2       24      2       0       84276.21  62      20202.0  ms
success		1       39      1       50      1       0       83485.16  61      20202.0  ms
success		1       40      1       27      1       0       82113.38  60      20202.0  ms
success		1       41      2       58      2       0       80754.58  59      20202.0  ms
success		1       42      1       36      1       0       79339.03  58      20202.0  ms
success		1       43      1       15      1       0       78852.91  57      20202.0  ms
success		1       44      2       51      2       0       77814.47  56      20202.0  ms
success		1       45      2       51      2       0       76216.91  55      20202.0  ms
success		1       46      2       25      2       0       74992.71  54      20202.0  ms
success		1       47      2       32      2       0       75729.32  53      20202.0  ms
success		1       48      1       46      1       0       74059.19  52      20202.0  ms
success		1       49      2       13      2       0       72328.00  51      20202.0  ms
success		1       50      4       2       4       0       70646.28  50      20202.0  ms
success		1       51      3       26      3       0       69341.35  49      20202.0  ms
success		1       52      1       48      1       0       68458.91  48      20202.0  ms
success		1       53      1       35      1       0       67254.43  47      20202.0  ms
success		1       54      1       43      1       0       65840.89  46      20202.0  ms
success		1       55      4       22      4       0       65046.34  45      20202.0  ms
success		1       56      2       32      2       0       63687.59  44      20202.0  ms
success		1       57      3       43      3       0       62725.94  43      20202.0  ms
success		1       58      2       4       2       0       61062.96  42      20202.0  ms
success		1       59      2       34      2       0       59915.28  41      20202.0  ms
success		1       60      4       27      4       0       58677.95  40      20202.0  ms
success		1       61      2       3       2       0       56799.76  39      20202.0  ms
success		1       62      4       26      4       0       57311.24  38      20202.0  ms
success		1       63      3       4       3       0       56118.52  37      20202.0  ms
success		1       64      3       18      3       0       54324.93  36      20202.0  ms
success		1       65      1       19      1       0       53617.37  35      20202.0  ms
success		1       66      2       19      2       0       51904.73  34      20202.0  ms
success		1       67      4       2       4       0       49879.59  33      20202.0  ms
success		1       68      2       26      2       0       49822.02  32      20202.0  ms
success		1       69      3       31      3       0       48776.69  31      20202.0  ms
success		1       70      3       22      3       0       47872.85  30      20202.0  ms
success		1       71      4       28      4       0       46117.35  29      20202.0  ms
success		1       72      3       27      3       0       45799.92  28      20202.0  ms
success		1       73      5       12      5       0       44058.97  27      20202.0  ms
success		1       74      4       7       4       0       42911.54  26      20202.0  ms
success		1       75      4       14      4       0       41113.28  25      20202.0  ms
success		1       76      3       16      3       0       39948.43  24      20202.0  ms
success		1       77      4       21      4       0       38613.93  23      20202.0  ms
success		1       78      2       20      2       0       37200.27  22      20202.0  ms
success		1       79      6       18      6       0       36017.80  21      20202.0  ms
success		1       80      5       14      5       0       34007.68  20      20202.0  ms
success		1       81      4       16      4       0       32634.25  19      20202.0  ms
success		1       82      8       18      7       0       30982.29  18      20202.0  ms
success		1       83      4       15      4       0       29139.51  17      20202.0  ms
success		1       84      6       12      6       0       27501.81  16      20202.0  ms
success		1       85      10      13      10      0       26602.56  15      20202.0  ms
success		1       86      7       10      7       0       24777.37  14      20202.0  ms
success		1       87      11      13      6       0       23586.03  13      20218.0  ms
success		1       88      17      1       9       0       22875.72  12      20249.0  ms
success		1       89      16      8       9       0       20001.46  11      20249.0  ms
success		1       90      154     10      12      0       18385.66  10      20873.0  ms
success		1       91      69      9       9       0       16669.54  9       21325.0  ms
success		1       0       1       4       1       0       126445.24 100     31309.0  ms
success		1       1       1       26      1       0       125902.51 99      31309.0  ms
success		1       2       1       60      1       0       124603.29 98      31309.0  ms
success		1       3       1       16      1       0       123197.40 97      31309.0  ms
success		1       4       1       61      1       0       122599.83 96      31309.0  ms
success		1       5       1       79      1       0       121491.01 95      31309.0  ms
success		1       6       1       88      1       0       120297.20 94      31309.0  ms
success		1       7       1       62      1       0       119227.96 93      31309.0  ms
success		1       8       3       52      3       0       117101.61 92      31309.0  ms
success		1       9       1       18      1       0       116222.63 91      31309.0  ms
success		1       10      1       67      1       0       115847.08 90      31309.0  ms
success		1       11      1       86      1       0       115075.32 89      31309.0  ms
success		1       12      1       77      1       0       114369.30 88      31309.0  ms
success		1       13      1       83      1       0       113102.21 87      31309.0  ms
success		1       14      2       81      2       0       112581.19 86      31309.0  ms
success		1       15      1       6       1       0       111617.09 85      31309.0  ms
success		1       16      1       25      1       0       111373.39 84      31309.0  ms
success		1       17      1       48      1       0       110147.21 83      31324.0  ms
success		1       18      1       76      1       0       108534.19 82      31324.0  ms
success		1       19      1       6       1       0       106861.43 81      31324.0  ms
success		1       20      1       11      1       0       105679.30 80      31324.0  ms
success		1       21      1       33      1       0       104761.57 79      31324.0  ms
success		1       22      2       49      2       0       104389.97 78      31324.0  ms
success		1       23      1       17      1       0       104029.25 77      31324.0  ms
success		1       24      2       70      2       0       102962.38 76      31324.0  ms
success		1       25      1       66      1       0       102750.10 75      31324.0  ms
success		1       26      1       65      1       0       101331.23 74      31324.0  ms
success		1       27      2       26      2       0       100129.71 73      31324.0  ms
success		1       28      1       65      1       0       98377.76  72      31324.0  ms
success		1       29      1       23      1       0       96923.41  71      31324.0  ms
success		1       30      1       43      1       0       96166.84  70      31324.0  ms
success		1       31      1       47      1       0       94885.01  69      31324.0  ms
success		1       32      1       52      1       0       93644.55  68      31324.0  ms
success		1       33      1       19      1       0       91676.62  67      31324.0  ms
success		1       34      3       65      3       0       89891.93  66      31324.0  ms
success		1       35      1       50      1       0       89162.34  65      31324.0  ms
success		1       36      1       61      1       0       88124.59  64      31324.0  ms
success		1       37      1       33      1       0       86461.62  63      31324.0  ms
success		1       38      2       44      2       0       84797.20  62      31324.0  ms
success		1       39      1       38      1       0       84263.99  61      31324.0  ms
success		1       40      2       8       2       0       82656.47  60      31324.0  ms
success		1       41      1       13      1       0       81865.04  59      31324.0  ms
success		1       42      1       57      1       0       80655.88  58      31324.0  ms
success		1       43      2       19      2       0       79778.25  57      31324.0  ms
success		1       44      3       55      3       0       79178.23  56      31324.0  ms
success		1       45      2       54      2       0       77750.15  55      31324.0  ms
success		1       46      3       36      3       0       77231.47  54      31324.0  ms
success		1       47      1       38      1       0       75503.79  53      31324.0  ms
success		1       48      1       51      1       0       73921.16  52      31324.0  ms
success		1       49      2       27      2       0       72786.77  51      31324.0  ms
success		1       50      1       40      1       0       72219.76  50      31324.0  ms
success		1       51      2       44      2       0       71350.48  49      31324.0  ms
success		1       52      2       32      2       0       70997.70  48      31324.0  ms
success		1       53      3       15      3       0       69377.54  47      31324.0  ms
success		1       54      3       22      3       0       67724.26  46      31324.0  ms
success		1       55      2       15      2       0       66528.90  45      31324.0  ms
success		1       56      3       1       3       0       65384.54  44      31324.0  ms
success		1       57      4       18      4       0       63792.22  43      31324.0  ms
success		1       58      1       37      1       0       62475.09  42      31324.0  ms
success		1       59      2       14      2       0       61785.14  41      31324.0  ms
success		1       60      2       23      2       0       60478.70  40      31324.0  ms
success		1       61      2       20      2       0       59631.37  39      31324.0  ms
success		1       62      2       10      2       0       58218.89  38      31324.0  ms
success		1       63      3       26      3       0       57035.45  37      31324.0  ms
success		1       64      4       22      4       0       55965.41  36      31324.0  ms
success		1       65      2       8       2       0       54881.34  35      31324.0  ms
success		1       66      3       12      3       0       53212.04  34      31324.0  ms
success		1       67      3       14      3       0       51937.45  33      31324.0  ms
success		1       68      2       13      2       0       50442.51  32      31324.0  ms
success		1       69      2       5       2       0       49184.42  31      31324.0  ms
success		1       70      4       8       4       0       47587.54  30      31324.0  ms
success		1       71      2       9       2       0       46274.49  29      31324.0  ms
success		1       72      4       28      4       0       44637.00  28      31324.0  ms
success		1       73      3       8       3       0       43734.54  27      31324.0  ms
success		1       74      1       7       1       0       42066.15  26      31324.0  ms
success		1       75      3       15      3       0       40871.17  25      31324.0  ms
success		1       76      6       4       6       0       39619.55  24      31324.0  ms
success		1       77      5       9       5       0       38191.51  23      31324.0  ms
success		1       78      2       15      2       0       37336.68  22      31324.0  ms
success		1       79      4       20      4       0       36408.61  21      31324.0  ms
success		1       80      8       17      7       0       36081.46  20      31324.0  ms
success		1       81      7       12      5       0       32353.94  19      31324.0  ms
success		1       82      6       1       5       0       31483.34  18      31324.0  ms
success		1       83      6       7       6       0       29732.84  17      31324.0  ms
success		1       84      10      3       8       0       27884.81  16      31324.0  ms
success		1       85      5       13      5       0       25748.58  15      31324.0  ms
success		1       86      13      12      7       0       25528.04  14      31340.0  ms
success		1       87      8       3       8       0       22855.00  13      31340.0  ms
success		1       88      7       2       5       0       22079.49  12      31340.0  ms
success		1       89      12      3       8       0       19755.47  11      31356.0  ms
success		1       90      20      2       10      0       18287.82  10      31387.0  ms
success		1       91      172     6       11      0       16803.04  9       32494.0  ms
success		1       0       1       89      1       0       126512.64 100     43586.0  ms
success		1       1       1       97      1       0       125183.79 99      43586.0  ms
success		1       2       1       4       1       0       123815.65 98      43586.0  ms
success		1       3       2       24      2       0       123255.03 97      43586.0  ms
success		1       4       1       36      1       0       122332.75 96      43586.0  ms
success		1       5       1       36      1       0       121896.45 95      43586.0  ms
success		1       6       1       65      1       0       120148.69 94      43586.0  ms
success		1       7       1       69      1       0       118852.81 93      43586.0  ms
success		1       8       1       45      1       0       117159.17 92      43586.0  ms
success		1       9       1       35      1       0       115879.91 91      43586.0  ms
success		1       10      1       24      1       0       114836.06 90      43586.0  ms
success		1       11      1       60      1       0       113154.42 89      43586.0  ms
success		1       12      1       51      1       0       111641.12 88      43586.0  ms
success		1       13      1       66      1       0       110252.73 87      43586.0  ms
success		1       14      2       14      2       0       108866.75 86      43586.0  ms
success		1       15      1       50      1       0       108084.15 85      43586.0  ms
success		1       16      1       8       1       0       107085.03 84      43586.0  ms
success		1       17      1       3       1       0       106620.74 83      43586.0  ms
success		1       18      1       11      1       0       105523.58 82      43586.0  ms
success		1       19      1       0       1       0       103539.15 81      43586.0  ms
success		1       20      1       79      1       0       101953.71 80      43586.0  ms
success		1       21      2       38      2       0       100891.04 79      43586.0  ms
success		1       22      1       59      1       0       100468.58 78      43586.0  ms
success		1       23      1       57      1       0       99435.74  77      43586.0  ms
success		1       24      1       13      1       0       98783.58  76      43601.0  ms
success		1       25      1       64      1       0       97118.01  75      43601.0  ms
success		1       26      2       65      2       0       95780.81  74      43601.0  ms
success		1       27      2       59      2       0       94848.94  73      43601.0  ms
success		1       28      1       60      1       0       93742.08  72      43601.0  ms
success		1       29      1       7       1       0       92992.08  71      43601.0  ms
success		1       30      1       0       1       0       91675.75  70      43601.0  ms
success		1       31      1       43      1       0       90779.37  69      43601.0  ms
success		1       32      1       17      1       0       88936.88  68      43601.0  ms
success		1       33      2       27      2       0       88544.29  67      43601.0  ms
success		1       34      1       60      1       0       87049.72  66      43601.0  ms
success		1       35      1       5       1       0       85412.24  65      43601.0  ms
success		1       36      1       21      1       0       84403.18  64      43601.0  ms
success		1       37      2       0       2       0       83746.66  63      43601.0  ms
success		1       38      1       9       1       0       82773.64  62      43601.0  ms
success		1       39      1       4       1       0       81911.44  61      43601.0  ms
success		1       40      1       52      1       0       81289.41  60      43601.0  ms
success		1       41      2       46      2       0       79989.06  59      43601.0  ms
success		1       42      1       13      1       0       78348.29  58      43601.0  ms
success		1       43      1       41      1       0       77754.00  57      43601.0  ms
success		1       44      2       55      2       0       76690.95  56      43601.0  ms
success		1       45      2       54      2       0       75772.08  55      43601.0  ms
success		1       46      1       15      1       0       74394.51  54      43601.0  ms
success		1       47      3       42      3       0       72726.75  53      43601.0  ms
success		1       48      2       6       2       0       71955.12  52      43601.0  ms
success		1       49      1       12      1       0       71730.36  51      43601.0  ms
success		1       50      2       3       2       0       70426.08  50      43601.0  ms
success		1       51      1       35      1       0       69208.17  49      43601.0  ms
success		1       52      2       8       2       0       67325.24  48      43601.0  ms
success		1       53      1       41      1       0       66714.39  47      43601.0  ms
success		1       54      3       17      3       0       66648.97  46      43601.0  ms
success		1       55      2       25      2       0       65151.76  45      43601.0  ms
success		1       56      3       0       3       0       63934.53  44      43601.0  ms
success		1       57      1       35      1       0       63909.85  43      43601.0  ms
success		1       58      2       19      2       0       63384.84  42      43601.0  ms
success		1       59      3       37      3       0       62910.24  41      43601.0  ms
success		1       60      2       20      2       0       61487.98  40      43601.0  ms
success		1       61      1       10      1       0       59997.85  39      43601.0  ms
success		1       62      2       25      2       0       58101.60  38      43601.0  ms
success		1       63      3       26      3       0       57123.25  37      43601.0  ms
success		1       64      3       2       3       0       55617.33  36      43601.0  ms
success		1       65      2       31      2       0       54131.46  35      43601.0  ms
success		1       66      3       8       3       0       53619.27  34      43601.0  ms
success		1       67      6       9       6       0       52563.34  33      43601.0  ms
success		1       68      3       19      3       0       51390.94  32      43601.0  ms
success		1       69      3       21      3       0       49765.28  31      43601.0  ms
success		1       70      3       6       3       0       49537.52  30      43601.0  ms
success		1       71      2       5       2       0       47950.52  29      43601.0  ms
success		1       72      3       5       3       0       45940.45  28      43601.0  ms
success		1       73      3       22      3       0       44317.70  27      43601.0  ms
success		1       74      4       20      4       0       43290.42  26      43601.0  ms
success		1       75      5       19      5       0       41843.22  25      43601.0  ms
success		1       76      6       17      6       0       40317.61  24      43601.0  ms
success		1       77      5       4       5       0       39072.00  23      43601.0  ms
success		1       78      6       20      6       0       37488.92  22      43601.0  ms
success		1       79      5       0       5       0       35629.83  21      43601.0  ms
success		1       80      5       7       5       0       34590.99  20      43601.0  ms
success		1       81      7       4       6       0       34426.94  19      43601.0  ms
success		1       82      5       2       5       0       32987.74  18      43601.0  ms
success		1       83      5       17      5       0       30582.61  17      43601.0  ms
success		1       84      8       0       7       0       28252.12  16      43601.0  ms
success		1       85      4       12      4       0       26649.70  15      43601.0  ms
success		1       86      9       0       9       0       24576.63  14      43601.0  ms
success		1       87      12      5       7       0       23630.99  13      43617.0  ms
success		1       88      16      5       10      0       21710.45  12      43633.0  ms
success		1       89      17      0       7       0       19891.62  11      43679.0  ms
success		1       90      33      8       11      0       18164.79  10      43773.0  ms
success		1       91      73      0       10      0       16840.58  9       44147.0  ms
success		1       0       1       17      1       0       125216.40 100     54974.0  ms
success		1       1       1       56      1       0       124460.89 99      54974.0  ms
success		1       2       1       10      1       0       122928.15 98      54974.0  ms
success		1       3       1       47      1       0       120743.31 97      54974.0  ms
success		1       4       2       60      2       0       119103.81 96      54974.0  ms
success		1       5       1       76      1       0       118513.18 95      54974.0  ms
success		1       6       1       60      1       0       116888.78 94      54974.0  ms
success		1       7       2       22      2       0       115468.40 93      54974.0  ms
success		1       8       1       65      1       0       114215.98 92      54974.0  ms
success		1       9       1       21      1       0       113814.43 91      54974.0  ms
success		1       10      1       18      1       0       112835.97 90      54974.0  ms
success		1       11      1       63      1       0       111080.74 89      54974.0  ms
success		1       12      1       11      1       0       110287.51 88      54974.0  ms
success		1       13      1       32      1       0       109302.12 87      54974.0  ms
success		1       14      1       35      1       0       107560.57 86      54974.0  ms
success		1       15      1       39      1       0       106231.00 85      54974.0  ms
success		1       16      1       9       1       0       105535.58 84      54974.0  ms
success		1       17      1       6       1       0       103938.34 83      54974.0  ms
success		1       18      1       28      1       0       103501.70 82      54974.0  ms
success		1       19      1       31      1       0       103136.04 81      54974.0  ms
success		1       20      1       25      1       0       102366.15 80      54974.0  ms
success		1       21      2       53      2       0       100611.23 79      54974.0  ms
success		1       22      2       71      2       0       98985.87  78      54974.0  ms
success		1       23      1       61      1       0       97320.37  77      54974.0  ms
success		1       24      1       70      1       0       96330.33  76      54974.0  ms
success		1       25      1       3       1       0       95673.90  75      54974.0  ms
success		1       26      1       33      1       0       94517.36  74      54974.0  ms
success		1       27      1       68      1       0       93463.05  73      54974.0  ms
success		1       28      2       62      2       0       92845.69  72      54974.0  ms
success		1       29      1       67      1       0       92090.46  71      54974.0  ms
success		1       30      1       25      1       0       90875.31  70      54974.0  ms
success		1       31      1       38      1       0       89155.67  69      54974.0  ms
success		1       32      2       43      2       0       88164.58  68      54974.0  ms
success		1       33      1       58      1       0       87720.55  67      54974.0  ms
success		1       34      1       20      1       0       85444.29  66      54974.0  ms
success		1       35      1       16      1       0       84833.92  65      54974.0  ms
success		1       36      3       15      3       0       85486.02  64      54974.0  ms
success		1       37      2       37      2       0       83959.83  63      54974.0  ms
success		1       38      1       40      1       0       82288.82  62      54974.0  ms
success		1       39      2       33      2       0       80372.67  61      54974.0  ms
success		1       40      3       4       3       0       79275.86  60      54974.0  ms
success		1       41      3       44      3       0       79616.87  59      54974.0  ms
success		1       42      1       13      1       0       78445.89  58      54974.0  ms
success		1       43      2       33      2       0       77075.67  57      54989.0  ms
success		1       44      3       18      3       0       76640.67  56      54989.0  ms
success		1       45      1       16      1       0       76286.29  55      54989.0  ms
success		1       46      3       20      3       0       75389.45  54      54989.0  ms
success		1       47      3       14      3       0       74603.79  53      54989.0  ms
success		1       48      2       31      2       0       73405.13  52      54989.0  ms
success		1       49      2       36      2       0       71804.44  51      54989.0  ms
success		1       50      2       22      2       0       70921.09  50      54989.0  ms
success		1       51      3       44      3       0       69610.88  49      54989.0  ms
success		1       52      2       9       2       0       68624.48  48      54989.0  ms
success		1       53      2       46      2       0       67546.92  47      54989.0  ms
success		1       54      3       3       3       0       67045.51  46      54989.0  ms
success		1       55      2       2       2       0       65552.16  45      54989.0  ms
success		1       56      2       22      2       0       65046.39  44      54989.0  ms
success		1       57      2       29      2       0       63818.12  43      54989.0  ms
success		1       58      3       8       3       0       62690.82  42      54989.0  ms
success		1       59      1       19      1       0       61910.06  41      54989.0  ms
success		1       60      2       4       2       0       60197.13  40      54989.0  ms
success		1       61      3       16      3       0       59326.53  39      54989.0  ms
success		1       62      3       6       3       0       57357.95  38      54989.0  ms
success		1       63      3       14      3       0       56129.53  37      54989.0  ms
success		1       64      2       8       2       0       54943.60  36      54989.0  ms
success		1       65      5       4       5       0       53709.30  35      54989.0  ms
success		1       66      4       29      4       0       52921.92  34      54989.0  ms
success		1       67      5       20      5       0       51817.13  33      54989.0  ms
success		1       68      2       24      2       0       50218.37  32      54989.0  ms
success		1       69      5       29      5       0       48927.00  31      54989.0  ms
success		1       70      2       23      2       0       47676.94  30      54989.0  ms
success		1       71      6       4       6       0       46949.50  29      54989.0  ms
success		1       72      4       14      4       0       45281.75  28      54989.0  ms
success		1       73      5       5       5       0       43471.12  27      54989.0  ms
success		1       74      2       23      2       0       42437.89  26      54989.0  ms
success		1       75      6       7       6       0       41021.09  25      54989.0  ms
success		1       76      4       2       4       0       39403.45  24      54989.0  ms
success		1       77      4       21      4       0       37815.19  23      54989.0  ms
success		1       78      3       21      3       0       36400.70  22      54989.0  ms
success		1       79      3       13      3       0       34594.68  21      54989.0  ms
success		1       80      3       14      3       0       33183.40  20      54989.0  ms
success		1       81      5       16      5       0       31810.01  19      54989.0  ms
success		1       82      3       13      3       0       30244.79  18      54989.0  ms
success		1       83      5       13      5       0       28856.79  17      54989.0  ms
success		1       84      3       7       3       0       27666.25  16      54989.0  ms
success		1       85      9       11      5       0       27509.36  15      54989.0  ms
success		1       86      10      4       7       0       25347.29  14      55005.0  ms
success		1       87      8       7       5       0       23589.33  13      55005.0  ms
success		1       88      19      2       9       0       21541.08  12      55020.0  ms
success		1       89      28      8       7       0       21395.48  11      55083.0  ms
success		1       90      42      6       12      0       19319.77  10      55176.0  ms
success		1       91      272     2       12      0       16534.75  9       56939.0  ms
cross iterater0
bad   	success		10400.41  17017.64  9       67391.0  ms cross
rand   	
bad   	success		9544.05   17047.18  9       73147.0  ms cross
rand   	fail		10120.20  16477.14  9       78186.0  ms cross
ab
ab7	2
ab6	1
fail		10120.20  16477.14  9       83864.0  ms
cross iterater1
ab
fail		10155.61  17183.32  9       91664.0  ms
fail		9865.43   16871.93  9       97374.0  ms
cross iterater2
bad   	success		9456.75   16593.44  9       98107.0  ms cross
rand   	
bad   	success		10573.35  16672.62  9       108871.0 ms cross
rand   	fail		9685.37   16710.01  9       117762.0 ms cross
ab
ab7	0
fail		10142.14  17196.54  9       126280.0 ms
fail		9315.48   16406.49  9       136326.0 ms
fail		9782.24   16532.10  9       145826.0 ms
cross iterater3
bad   	success		9610.63   17160.14  9       147776.0 ms cross
rand   	
bad   	success		9931.86   17083.18  9       161114.0 ms cross
rand   	
ab
ab7	0
cross iterater4
bad   	success		10119.11  16128.50  9       169990.0 ms cross
rand   	fail		9775.34   16577.07  9       178024.0 ms cross
bad   	success		9601.04   16515.53  9       181612.0 ms cross
rand   	
ab
fail		10017.79  17205.38  9       196728.0 ms
fail		9782.24   16532.10  9       205838.0 ms
cross iterater5
bad   	success		9768.18   16735.47  9       207258.0 ms cross
rand   	
bad   	success		10414.79  15453.92  9       218271.0 ms cross
rand   	fail		9690.90   16515.63  9       225759.0 ms cross
ab
fail		9690.90   16515.63  9       231827.0 ms
fail		9777.36   17205.48  9       236398.0 ms
cross iterater6
ab
ab6	1
fail		9782.24   16532.10  9       243792.0 ms
cross iterater7
bad   	success		9741.61   16204.89  9       244650.0 ms cross
rand   	
bad   	success		9540.31   17194.87  9       251218.0 ms cross
rand   	
ab
ab6	0
ab7	3
cross iterater8
bad   	success		10262.47  16401.36  9       257707.0 ms cross
rand   	
bad   	success		9352.28   16311.85  9       262840.0 ms cross
rand   	fail		9346.21   16284.78  9       270421.0 ms cross
ab
ab6	4
ab7	2
cross iterater9
ab
ab6	5
fail		9682.73   17117.81  9       277488.0 ms
cross iterater10
ab
ab6	4
fail		9967.02   16957.39  9       284773.0 ms
cross iterater11
bad   	success		10345.69  16550.44  9       286551.0 ms cross
rand   	
bad   	success		10240.11  15980.68  9       292900.0 ms cross
rand   	
ab
ab6	3
ab7	4
cross iterater12
bad   	success		10099.54  16334.12  9       299749.0 ms cross
rand   	fail		9484.12   16870.13  9       305973.0 ms cross
bad   	success		10109.79  16792.49  9       305973.0 ms cross
rand   	
ab
ab6	0
ab7	2
cross iterater13
bad   	success		10007.97  16700.64  9       313289.0 ms cross
rand   	
bad   	success		10413.77  16174.98  9       318562.0 ms cross
rand   	
ab
ab6	5
ab7	4
fail		9930.76   16744.09  9       330308.0 ms
cross iterater14
bad   	success		9900.88   16501.52  9       330308.0 ms cross
rand   	
bad   	success		9995.00   16861.82  9       336657.0 ms cross
rand   	
ab
ab6	5
ab7	0
cross iterater15
ab
cross iterater16
ab
fail		9557.05   16680.51  9       348248.0 ms
cross iterater17
bad   	success		10424.35  16397.34  9       348248.0 ms cross
rand   	fail		9668.34   16647.79  9       354425.0 ms cross
bad   	success		9882.98   16300.00  9       354425.0 ms cross
rand   	
ab
ab6	0
ab7	5
fail		9828.64   16943.67  9       363645.0 ms
cross iterater18
bad   	success		9869.66   16571.64  9       363645.0 ms cross
rand   	
bad   	success		9650.65   16915.95  9       368356.0 ms cross
rand   	
ab
ab7	0
fail		9652.46   16969.39  9       379245.0 ms
fail		9752.16   16970.06  9       385094.0 ms
cross iterater19
bad   	success		10030.65  16815.95  9       385094.0 ms cross
rand   	fail		9311.18   16645.36  9       390804.0 ms cross
bad   	success		10453.45  16320.35  9       390898.0 ms cross
rand   	fail		9574.79   16045.63  9       397761.0 ms cross
ab
ab6	3
cross iterater20
bad   	success		9233.78   16940.76  9       397761.0 ms cross
rand   	
bad   	success		9978.08   17125.34  9       405109.0 ms cross
rand   	fail		8978.17   16689.97  9       410397.0 ms cross
ab
ab6	1
fail		10258.34  16878.20  9       416341.0 ms
cross iterater21
bad   	success		10311.23  16758.00  9       416356.0 ms cross
rand   	
bad   	success		9719.72   16973.98  9       422284.0 ms cross
rand   	fail		9468.07   16676.53  9       428352.0 ms cross
ab
ab6	3
ab7	4
fail		10247.52  17061.36  9       433188.0 ms
cross iterater22
bad   	success		10000.10  16725.19  9       433188.0 ms cross
rand   	
bad   	success		10320.42  16627.05  9       440099.0 ms cross
rand   	fail		9885.81   17308.28  9       446355.0 ms cross
ab
ab7	0
fail		9581.63   16633.76  9       453312.0 ms
cross iterater23
bad   	success		10224.46  16251.11  9       453312.0 ms cross
rand   	
bad   	success		9626.21   16998.07  9       463530.0 ms cross
rand   	
ab
ab7	4
ab6	0
fail		10224.46  16631.65  9       484730.0 ms
cross iterater24
bad   	success		9829.49   16829.76  9       484745.0 ms cross
rand   	
bad   	success		10130.60  16461.50  9       494417.0 ms cross
rand   	
ab
ab7	1
ab6	3
fail		9468.07   16676.53  9       509892.0 ms
fail		9345.90   15762.82  9       516678.0 ms
cross iterater25
bad   	success		10410.73  17141.20  9       517130.0 ms cross
rand   	
bad   	success		10402.89  16441.01  9       524135.0 ms cross
rand   	fail		9965.16   16096.51  9       529220.0 ms cross
ab
ab7	2
ab6	4
fail		10044.31  16950.24  9       536365.0 ms
fail		9789.93   16727.45  9       542386.0 ms
cross iterater26
bad   	success		9207.88   16465.40  9       542402.0 ms cross
rand   	
bad   	success		9453.64   16550.42  9       549219.0 ms cross
rand   	fail		9998.92   16484.02  9       554616.0 ms cross
ab
ab7	0
fail		9789.93   16727.45  9       559671.0 ms
cross iterater27
bad   	success		9616.00   16535.62  9       559671.0 ms cross
rand   	
bad   	success		9802.26   16805.80  9       567549.0 ms cross
rand   	
ab
fail		10149.99  16515.18  9       580044.0 ms
fail		9693.02   16658.95  9       587454.0 ms
cross iterater28
ab
ab7	0
fail		10083.26  16865.42  9       592648.0 ms
fail		9998.92   16484.02  9       598140.0 ms
cross iterater29
ab
ab6	5
ab7	2
fail		10020.11  17139.51  9       604816.0 ms
fail		10114.03  17009.55  9       610619.0 ms
fail		9207.88   16519.82  9       616594.0 ms
cross iterater30
bad   	success		9443.25   16881.89  9       616703.0 ms cross
rand   	
bad   	success		10520.21  16673.03  9       622881.0 ms cross
rand   	
ab
ab7	3
fail		10248.44  17022.89  9       635953.0 ms
cross iterater31
bad   	success		9919.38   16844.49  9       635953.0 ms cross
rand   	
bad   	success		10085.07  16448.57  9       640711.0 ms cross
rand   	
ab
ab6	1
cross iterater32
ab
cross iterater33
bad   	success		10391.46  17514.92  9       651881.0 ms cross
rand   	fail		9795.88   16650.55  9       657559.0 ms cross
bad   	success		9601.18   16422.29  9       658994.0 ms cross
rand   	fail		9634.13   16210.33  9       668104.0 ms cross
ab
cross iterater34
bad   	success		9651.85   16780.16  9       669227.0 ms cross
rand   	
bad   	success		9904.85   17116.95  9       678634.0 ms cross
rand   	fail		9662.07   16140.69  9       687136.0 ms cross
ab
ab6	2
fail		9679.34   16474.46  9       697650.0 ms
cross iterater35
bad   	fail		10463.31  18353.99  10      704498.0 ms cross
rand   	success		9614.37   16846.80  9       704904.0 ms cross
bad   	success		10030.55  16774.16  9       704904.0 ms cross
rand   	
ab
ab7	1
ab6	5
fail		9753.01   16148.36  9       728366.0 ms
cross iterater36
ab
ab7	4
fail		9667.86   16590.61  9       737367.0 ms
fail		9662.07   16140.69  9       743295.0 ms
cross iterater37
bad   	fail		10012.78  16548.95  9       750049.0 ms cross
rand   	
bad   	success		9824.64   16942.23  9       756274.0 ms cross
rand   	
ab
ab7	5
ab6	2
fail		10050.24  16727.61  9       768738.0 ms
cross iterater38
bad   	
rand   	
bad   	success		9785.94   16032.01  9       780360.0 ms cross
rand   	fail		9571.29   16813.04  9       786085.0 ms cross
ab
ab7	3
ab6	4
fail		10012.78  16548.95  9       794415.0 ms
cross iterater39
bad   	success		9948.99   16663.84  9       794415.0 ms cross
rand   	
bad   	success		9750.93   16454.29  9       804071.0 ms cross
rand   	
ab
ab7	2
ab6	1
fail		9876.43   16322.42  9       824086.0 ms
fail		10012.78  16548.95  9       835442.0 ms
fail		9733.80   16984.29  9       843632.0 ms
cross iterater40
bad   	success		9671.78   16779.73  9       850855.0 ms cross
rand   	
bad   	success		10640.00  15586.70  9       863397.0 ms cross
rand   	
ab
ab6	5
fail		9140.50   16915.65  9       883770.0 ms
fail		10640.00  16244.04  9       894612.0 ms
cross iterater41
bad   	success		10238.56  16940.22  9       894659.0 ms cross
rand   	fail		9835.75   16756.29  9       906733.0 ms cross
bad   	success		9909.78   16612.42  9       910212.0 ms cross
rand   	fail		8985.47   16618.08  9       921209.0 ms cross
ab
ab6	3
ab7	2
fail		10104.73  16803.85  9       927808.0 ms
cross iterater42
ab
ab6	4
ab7	5
fail		9431.49   16737.05  9       939305.0 ms
fail		9700.58   16804.56  9       950646.0 ms
cross iterater43
bad   	success		9724.49   16485.25  9       950662.0 ms cross
rand   	
bad   	success		10008.30  16565.36  9       960692.0 ms cross
rand   	fail		9821.13   16519.08  9       970239.0 ms cross
ab
ab7	0
fail		9932.73   16917.66  9       979802.0 ms
fail		9724.49   16686.97  9       991642.0 ms
cross iterater44
ab
ab6	5
ab7	2
cross iterater45
bad   	success		9852.04   16315.29  9       991658.0 ms cross
rand   	fail		10312.80  17050.58  9       1000253.0 ms cross
bad   	success		10150.44  16672.45  9       1001626.0 ms cross
rand   	
ab
ab6	4
ab7	1
fail		10297.66  17007.31  9       1019846.0 ms
fail		9831.46   17164.36  9       1028613.0 ms
fail		9990.58   17000.09  9       1039096.0 ms
fail		9807.62   16883.87  9       1050016.0 ms
cross iterater46
bad   	success		9138.77   17076.62  9       1050047.0 ms cross
rand   	
bad   	success		9866.83   17224.30  9       1058565.0 ms cross
rand   	fail		9264.35   16858.42  9       1068689.0 ms cross
ab
ab7	3
cross iterater47
bad   	success		9316.05   16695.23  9       1068689.0 ms cross
rand   	
bad   	success		9412.01   16873.64  9       1080638.0 ms cross
rand   	fail		9262.67   16319.60  9       1091979.0 ms cross
ab
ab7	2
ab6	0
fail		9791.85   16846.34  9       1103632.0 ms
cross iterater48
bad   	success		9926.24   16693.66  9       1103632.0 ms cross
rand   	fail		10214.49  17173.90  9       1113117.0 ms cross
bad   	fail		9932.69   17036.33  9       1122258.0 ms cross
rand   	
ab
ab7	2
ab6	1
cross iterater49
bad   	success		9557.14   16161.06  9       1133474.0 ms cross
rand   	
bad   	success		9961.81   16321.15  9       1144020.0 ms cross
rand   	fail		9548.26   16333.38  9       1156234.0 ms cross
ab
cross iterater50
bad   	success		10002.86  16554.14  9       1156546.0 ms cross
rand   	
bad   	success		9355.90   16978.89  9       1164845.0 ms cross
rand   	
ab
ab6	4
fail		9868.08   16545.40  9       1177622.0 ms
fail		9557.14   16168.18  9       1183940.0 ms
cross iterater51
bad   	success		10328.07  16826.27  9       1183971.0 ms cross
rand   	
bad   	success		10032.85  16681.50  9       1190725.0 ms cross
rand   	
ab
ab7	3
ab6	5
fail		10202.13  16736.44  9       1214312.0 ms
fail		10002.86  16635.23  9       1225185.0 ms
cross iterater52
bad   	success		9762.31   16197.82  9       1225185.0 ms cross
rand   	
bad   	success		9200.45   16568.55  9       1234982.0 ms cross
rand   	fail		9641.15   16805.62  9       1243421.0 ms cross
ab
ab7	4
ab6	1
fail		9801.97   16799.71  9       1254622.0 ms
fail		10170.24  16544.71  9       1264918.0 ms
fail		9663.39   16957.03  9       1273201.0 ms
cross iterater53
ab
ab7	5
fail		9050.68   16794.22  9       1284589.0 ms
fail		9521.47   16730.47  9       1297193.0 ms
cross iterater54
bad   	success		9530.54   16544.55  9       1297193.0 ms cross
rand   	
bad   	success		9966.70   16699.91  9       1305617.0 ms cross
rand   	fail		9612.25   16542.79  9       1318331.0 ms cross
ab
ab7	0
fail		9987.47   16396.20  9       1329812.0 ms
cross iterater55
bad   	success		9654.16   16104.14  9       1329828.0 ms cross
rand   	
bad   	success		8821.81   16393.43  9       1341715.0 ms cross
rand   	
ab
ab6	0
ab7	5
fail		9351.67   16489.96  9       1362993.0 ms
cross iterater56
bad   	success		10283.89  16151.88  9       1363445.0 ms cross
rand   	
bad   	success		9285.95   16466.11  9       1375707.0 ms cross
rand   	
ab
ab6	4
fail		9794.50   16758.13  9       1398966.0 ms
fail		9161.55   16666.35  9       1408825.0 ms
fail		10246.76  16895.78  9       1422131.0 ms
cross iterater57
bad   	success		9948.39   17140.67  9       1426125.0 ms cross
rand   	
bad   	success		8735.59   15877.75  9       1435344.0 ms cross
rand   	
ab
ab7	0
ab6	3
fail		9545.66   16666.35  9       1454345.0 ms
cross iterater58
bad   	success		9745.63   16633.60  9       1454360.0 ms cross
rand   	
bad   	success		9416.10   17466.03  9       1465265.0 ms cross
rand   	fail		9205.75   16513.30  9       1473267.0 ms cross
ab
ab6	4
ab7	3
fail		8978.09   16299.38  9       1485747.0 ms
fail		9612.25   16542.79  9       1498367.0 ms
cross iterater59
ab
ab6	4
cross iterater60
bad   	success		9385.41   16651.84  9       1498367.0 ms cross
rand   	
bad   	success		9469.80   16240.82  9       1511237.0 ms cross
rand   	
ab
ab6	5
fail		8735.59   16168.98  9       1533529.0 ms
fail		9469.80   16622.15  9       1541375.0 ms
cross iterater61
ab
ab6	1
cross iterater62
bad   	success		9997.00   16615.99  9       1541422.0 ms cross
rand   	
bad   	success		9630.92   17210.20  9       1553340.0 ms cross
rand   	
ab
ab6	5
ab7	2
fail		9693.19   16882.78  9       1573916.0 ms
fail		9952.19   16877.67  9       1583105.0 ms
cross iterater63
bad   	success		8942.38   16241.02  9       1583105.0 ms cross
rand   	
bad   	success		9548.30   16729.73  9       1593198.0 ms cross
rand   	
ab
ab7	1
cross iterater64
ab
ab7	5
fail		9905.37   16446.09  9       1617362.0 ms
cross iterater65
bad   	success		9882.89   16078.58  9       1617986.0 ms cross
rand   	
bad   	success		9849.06   16737.31  9       1628874.0 ms cross
rand   	fail		10166.05  16656.47  9       1643507.0 ms cross
ab
ab7	4
fail		10028.82  16932.51  9       1654645.0 ms
cross iterater66
bad   	success		9894.62   16675.88  9       1655035.0 ms cross
rand   	
bad   	success		9754.06   16264.97  9       1667546.0 ms cross
rand   	
ab
ab7	3
fail		9712.52   16434.44  9       1690649.0 ms
fail		9453.29   16841.67  9       1702567.0 ms
cross iterater67
bad   	success		10083.39  16697.11  9       1702567.0 ms cross
rand   	
bad   	success		9827.22   16184.79  9       1716310.0 ms cross
rand   	
ab
ab7	3
ab6	4
fail		10370.91  17033.10  9       1741676.0 ms
fail		9894.62   16549.33  9       1752907.0 ms
fail		9698.28   17115.33  9       1759490.0 ms
cross iterater68
bad   	success		10048.96  16355.38  9       1759506.0 ms cross
rand   	fail		9356.09   16762.27  9       1765590.0 ms cross
bad   	success		9840.01   16918.85  9       1765590.0 ms cross
rand   	fail		9335.70   16544.05  9       1772157.0 ms cross
ab
ab6	4
fail		9356.09   16762.27  9       1778584.0 ms
cross iterater69
bad   	success		9375.93   16255.96  9       1778600.0 ms cross
rand   	fail		9200.77   16626.53  9       1785246.0 ms cross
bad   	success		9485.34   16553.85  9       1785246.0 ms cross
rand   	fail		9256.58   16497.85  9       1792796.0 ms cross
ab
ab7	0
ab6	3
fail		9887.98   16695.26  9       1799566.0 ms
cross iterater70
bad   	success		9989.87   16198.63  9       1801781.0 ms cross
rand   	
bad   	success		10138.98  16842.10  9       1808786.0 ms cross
rand   	fail		9807.91   16430.76  9       1815415.0 ms cross
ab
ab6	3
fail		9131.80   16238.90  9       1822482.0 ms
fail		9807.91   16430.76  9       1828363.0 ms
fail		9256.58   16497.85  9       1834681.0 ms
cross iterater71
bad   	success		9481.17   16400.06  9       1834868.0 ms cross
rand   	
bad   	success		9791.23   16075.25  9       1841061.0 ms cross
rand   	
ab
ab6	2
ab7	4
fail		9791.23   16258.80  9       1854368.0 ms
cross iterater72
bad   	success		9451.40   16393.20  9       1854368.0 ms cross
rand   	fail		10255.51  17329.57  9       1860764.0 ms cross
bad   	success		9593.43   16109.82  9       1860779.0 ms cross
rand   	
ab
ab6	1
fail		9656.13   16700.59  9       1873243.0 ms
fail		9793.49   16454.36  9       1878703.0 ms
cross iterater73
ab
ab6	1
fail		9793.49   16454.36  9       1886347.0 ms
fail		9807.91   16430.76  9       1893882.0 ms
cross iterater74
ab
ab6	4
ab7	2
fail		9242.70   16618.62  9       1899529.0 ms
fail		9481.17   16295.43  9       1905457.0 ms
cross iterater75
bad   	success		9303.95   16155.46  9       1905457.0 ms cross
rand   	
bad   	success		9783.37   16205.21  9       1911946.0 ms cross
rand   	fail		9736.00   17163.47  9       1919699.0 ms cross
ab
ab6	3
ab7	4
fail		9679.61   16601.87  9       1925253.0 ms
fail		9747.71   16505.05  9       1930916.0 ms
cross iterater76
ab
ab7	0
cross iterater77
bad   	success		9591.21   15841.52  9       1930916.0 ms cross
rand   	
bad   	success		9619.55   16288.67  9       1938559.0 ms cross
rand   	
ab
ab6	0
ab7	3
cross iterater78
bad   	success		9108.88   16534.85  9       1945642.0 ms cross
rand   	fail		9633.74   16389.66  9       1950602.0 ms cross
bad   	success		9501.04   16904.50  9       1950602.0 ms cross
rand   	
ab
ab6	4
ab7	5
fail		9631.62   16547.39  9       1966186.0 ms
fail		9955.15   16623.24  9       1973331.0 ms
cross iterater79
ab
ab6	3
ab7	5
fail		9446.40   16708.95  9       1977543.0 ms
cross iterater80
ab
ab6	1
cross iterater81
bad   	success		9860.05   16218.41  9       1977559.0 ms cross
rand   	fail		9260.20   16935.27  9       1984547.0 ms cross
bad   	success		9756.27   16383.34  9       1984563.0 ms cross
rand   	
ab
ab6	3
ab7	5
fail		9251.72   17100.11  9       1996325.0 ms
cross iterater82
bad   	success		9562.93   16977.48  9       1996341.0 ms cross
rand   	
bad   	success		9522.30   17076.29  9       2006777.0 ms cross
rand   	
ab
ab7	0
fail		9303.95   16272.11  9       2031565.0 ms
cross iterater83
ab
ab6	2
ab7	5
fail		8617.89   15932.60  9       2041658.0 ms
cross iterater84
ab
cross iterater85
bad   	success		9811.60   16272.21  9       2041658.0 ms cross
rand   	
bad   	success		9929.73   16505.49  9       2052609.0 ms cross
rand   	fail		9544.49   16721.66  9       2065245.0 ms cross
ab
ab6	4
ab7	0
fail		9637.69   16825.34  9       2075525.0 ms
cross iterater86
bad   	success		9737.12   16404.05  9       2075540.0 ms cross
rand   	
bad   	success		8697.88   16000.13  9       2086601.0 ms cross
rand   	
ab
ab6	4
ab7	3
fail		9413.22   16255.17  9       2110390.0 ms
fail		9958.87   16678.40  9       2124523.0 ms
fail		9276.92   16877.05  9       2135178.0 ms
cross iterater87
bad   	success		9813.55   16573.87  9       2136395.0 ms cross
rand   	
bad   	fail		10664.26  18035.63  10      2156784.0 ms cross
rand   	success		9571.26   15701.73  9       2158156.0 ms cross
ab
ab7	3
ab6	4
cross iterater88
bad   	success		9971.48   16402.78  9       2158219.0 ms cross
rand   	
bad   	success		9447.22   16708.18  9       2168499.0 ms cross
rand   	
ab
ab7	1
ab6	0
fail		9867.79   16756.38  9       2192211.0 ms
cross iterater89
ab
ab7	3
fail		9307.85   16266.75  9       2205221.0 ms
cross iterater90
ab
ab7	5
fail		9649.82   16829.91  9       2216382.0 ms
fail		9413.22   16255.17  9       2229147.0 ms
cross iterater91
bad   	success		10376.51  16839.76  9       2229835.0 ms cross
rand   	
bad   	success		9389.05   16377.36  9       2249771.0 ms cross
rand   	fail		9738.15   16236.67  9       2259333.0 ms cross
ab
ab7	3
fail		9700.39   16568.12  9       2270239.0 ms
cross iterater92
bad   	success		9885.65   16621.69  9       2270239.0 ms cross
rand   	
bad   	success		10005.49  16817.28  9       2282301.0 ms cross
rand   	
ab
ab7	1
ab6	0
fail		9033.53   16826.57  9       2305112.0 ms
cross iterater93
bad   	success		9463.36   17054.86  9       2305112.0 ms cross
rand   	fail		9675.30   16823.34  9       2316877.0 ms cross
bad   	success		9335.13   16478.66  9       2316877.0 ms cross
rand   	fail		8953.12   16254.11  9       2328548.0 ms cross
ab
ab6	1
fail		9436.32   16633.62  9       2338673.0 ms
cross iterater94
bad   	success		9642.20   16810.25  9       2338813.0 ms cross
rand   	
bad   	success		9759.26   16169.56  9       2349172.0 ms cross
rand   	fail		9231.32   16807.98  9       2362328.0 ms cross
ab
ab7	0
ab6	3
fail		9402.13   16863.19  9       2377483.0 ms
cross iterater95
bad   	success		10032.53  16985.82  9       2377608.0 ms cross
rand   	fail		9728.24   16743.76  9       2387873.0 ms cross
bad   	success		9451.33   16709.07  9       2387905.0 ms cross
rand   	fail		10082.76  16054.67  9       2394389.0 ms cross
ab
ab6	1
ab7	4
fail		9389.44   16280.81  9       2403623.0 ms
fail		9747.22   16738.74  9       2414950.0 ms
fail		8953.12   16254.11  9       2425418.0 ms
cross iterater96
bad   	success		8792.33   16215.68  9       2425418.0 ms cross
rand   	
bad   	success		9907.78   15868.38  9       2432152.0 ms cross
rand   	fail		9776.83   16443.26  9       2442261.0 ms cross
ab
ab6	4
ab7	3
fail		10066.36  17100.33  9       2456729.0 ms
cross iterater97
ab
ab7	4
fail		9700.39   16568.12  9       2467026.0 ms
cross iterater98
bad   	success		9674.55   16608.73  9       2467041.0 ms cross
rand   	fail		9303.95   17136.70  9       2477291.0 ms cross
bad   	success		10001.86  16606.98  9       2477291.0 ms cross
rand   	fail		9663.47   16884.46  9       2489899.0 ms cross
ab
ab7	1
ab6	4
fail		9966.90   16677.10  9       2503039.0 ms
cross iterater99
bad   	success		10470.49  17103.12  9       2503758.0 ms cross
rand   	
bad   	success		10108.75  16842.67  9       2514755.0 ms cross
rand   	fail		9905.15   16428.76  9       2527569.0 ms cross
ab
ab7	5
fail		9862.90   16800.02  9       2538714.0 ms
fail		9700.39   16568.12  9       2550514.0 ms

R.size:9

1		116	74	4	79	161	73	91	92	19	132	90	11	141	166	9	129	37	125	155	190	148	175	
2		164	100	192	36	179	162	134	135	165	14	133	13	187	7	64	93	83	111	112	80	86	171	202	87	201	163	
3		60	26	45	119	177	150	103	15	51	81	122	138	127	114	30	25	169	53	154	99	
4		152	71	194	21	6	44	191	38	27	68	57	142	105	176	69	49	185	156	173	12	20	121	10	126	
5		41	199	117	33	35	94	120	172	147	29	180	58	160	101	136	24	
6		23	18	34	183	181	8	197	31	167	128	40	78	178	195	59	3	130	158	149	70	113	106	28	76	82	153	97	52	39	140	1	72	
7		67	131	62	61	143	139	88	151	32	200	193	146	196	145	102	107	84	5	22	108	188	115	
8		56	47	65	118	137	43	63	104	170	66	123	198	17	174	189	98	96	55	42	110	
9		168	77	95	48	184	75	124	144	157	89	16	186	159	2	109	182	54	50	85	46	

data1/pdp200/LR2_2_1.txt
total_cost 8697.882656

