success		1       0       1       31      1       0       24024.62  105     15.0     ms
success		1       1       1       77      1       0       23797.10  104     15.0     ms
success		1       2       1       47      1       0       23755.86  103     15.0     ms
success		1       3       1       27      1       0       23689.80  102     15.0     ms
success		1       4       1       59      1       0       23669.92  101     15.0     ms
success		1       5       1       34      1       0       23750.82  100     15.0     ms
success		1       6       1       69      1       0       23586.53  99      15.0     ms
success		1       7       1       6       1       0       23512.82  98      15.0     ms
success		1       8       1       9       1       0       23512.91  97      15.0     ms
success		1       9       1       52      1       0       23412.11  96      15.0     ms
success		1       10      1       74      1       0       23286.25  95      15.0     ms
success		1       11      1       62      1       0       23213.96  94      15.0     ms
success		1       12      1       57      1       0       23019.25  93      15.0     ms
success		1       13      1       89      1       0       22870.50  92      15.0     ms
success		1       14      2       30      2       0       22758.49  91      15.0     ms
success		1       15      1       60      1       0       22733.00  90      15.0     ms
success		1       16      1       28      1       0       22491.82  89      15.0     ms
success		1       17      1       3       1       0       22467.59  88      15.0     ms
success		1       18      1       16      1       0       22416.39  87      15.0     ms
success		1       19      1       46      1       0       22185.57  86      15.0     ms
success		1       20      1       18      1       0       22119.94  85      15.0     ms
success		1       21      1       57      1       0       21904.82  84      15.0     ms
success		1       22      2       7       2       0       21790.80  83      15.0     ms
success		1       23      1       3       1       0       21540.07  82      15.0     ms
success		1       24      1       2       1       0       21501.99  81      15.0     ms
success		1       25      1       5       1       0       21257.77  80      15.0     ms
success		1       26      1       55      1       0       20863.08  79      15.0     ms
success		1       27      2       15      2       0       20966.44  78      15.0     ms
success		1       28      2       64      2       0       20662.65  77      15.0     ms
success		1       29      2       10      2       0       20680.40  76      15.0     ms
success		1       30      1       26      1       0       20646.17  75      15.0     ms
success		1       31      1       43      1       0       20190.17  74      15.0     ms
success		1       32      1       31      1       0       20269.11  73      15.0     ms
success		1       33      1       45      1       0       20204.65  72      15.0     ms
success		1       34      2       52      2       0       20049.37  71      15.0     ms
success		1       35      2       63      2       0       20023.94  70      15.0     ms
success		1       36      1       19      1       0       19992.92  69      15.0     ms
success		1       37      1       63      1       0       19940.38  68      15.0     ms
success		1       38      2       57      2       0       19802.12  67      31.0     ms
success		1       39      2       24      2       0       19773.41  66      31.0     ms
success		1       40      2       12      2       0       19582.24  65      31.0     ms
success		1       41      1       37      1       0       19315.62  64      31.0     ms
success		1       42      2       42      2       0       18947.69  63      31.0     ms
success		1       43      2       14      2       0       18662.98  62      31.0     ms
success		1       44      2       48      2       0       18604.56  61      31.0     ms
success		1       45      1       36      1       0       18395.16  60      31.0     ms
success		1       46      2       37      2       0       18239.34  59      31.0     ms
success		1       47      3       38      3       0       17761.29  58      31.0     ms
success		1       48      1       43      1       0       17761.73  57      31.0     ms
success		1       49      2       56      2       0       17418.97  56      31.0     ms
success		1       50      2       22      2       0       17147.56  55      31.0     ms
success		1       51      2       31      2       0       17084.51  54      31.0     ms
success		1       52      1       43      1       0       17028.80  53      31.0     ms
success		1       53      2       22      2       0       16754.91  52      31.0     ms
success		1       54      2       46      2       0       16470.07  51      31.0     ms
success		1       55      2       26      2       0       16413.85  50      31.0     ms
success		1       56      3       8       3       0       16707.57  49      31.0     ms
success		1       57      2       11      2       0       16617.03  48      31.0     ms
success		1       58      2       29      2       0       16548.78  47      31.0     ms
success		1       59      2       29      2       0       16367.19  46      31.0     ms
success		1       60      1       3       1       0       15956.91  45      31.0     ms
success		1       61      1       3       1       0       15616.16  44      31.0     ms
success		1       62      7       36      3       0       15862.75  38      31.0     ms
success		1       63      5       30      3       0       15288.88  37      31.0     ms
success		1       64      3       34      3       0       14670.99  36      31.0     ms
success		1       65      6       27      2       0       15281.86  35      31.0     ms
success		1       66      3       19      3       0       14597.17  34      31.0     ms
success		1       67      7       32      2       0       13348.03  31      31.0     ms
success		1       68      9       25      4       0       12942.42  30      47.0     ms
success		1       69      20      24      4       0       13119.25  29      62.0     ms
success		1       70      11      18      3       0       12560.64  28      62.0     ms
success		1       71      21      26      3       0       11869.19  27      78.0     ms
success		1       72      13      4       5       0       11886.76  26      93.0     ms
success		1       73      27      19      4       0       11250.65  25      125.0    ms
success		1       74      81      2       3       0       10714.17  24      218.0    ms
success		1       75      307     18      4       0       9966.27   23      639.0    ms
success		1       0       1       101     1       0       38168.83  105     1544.0   ms
success		1       1       1       79      1       0       37693.99  104     1544.0   ms
success		1       2       1       34      1       0       37257.70  103     1544.0   ms
success		1       3       1       48      1       0       36923.79  102     1544.0   ms
success		1       4       1       25      1       0       36540.63  101     1544.0   ms
success		1       5       1       2       1       0       36207.55  100     1544.0   ms
success		1       6       1       61      1       0       35777.31  99      1544.0   ms
success		1       7       1       24      1       0       35271.88  98      1544.0   ms
success		1       8       1       75      1       0       34995.69  97      1544.0   ms
success		1       9       2       15      2       0       34951.70  96      1544.0   ms
success		1       10      1       10      1       0       34483.42  95      1544.0   ms
success		1       11      1       37      1       0       34142.35  94      1544.0   ms
success		1       12      1       81      1       0       33860.48  93      1544.0   ms
success		1       13      1       53      1       0       33490.43  92      1544.0   ms
success		1       14      1       64      1       0       33071.46  91      1544.0   ms
success		1       15      1       38      1       0       32742.11  90      1544.0   ms
success		1       16      1       48      1       0       32397.04  89      1544.0   ms
success		1       17      1       14      1       0       32129.33  88      1544.0   ms
success		1       18      2       13      2       0       31783.01  87      1544.0   ms
success		1       19      1       50      1       0       31306.20  86      1560.0   ms
success		1       20      1       69      1       0       30929.09  85      1560.0   ms
success		1       21      1       74      1       0       30668.92  84      1560.0   ms
success		1       22      1       69      1       0       30207.92  83      1560.0   ms
success		1       23      2       47      2       0       29657.72  82      1560.0   ms
success		1       24      1       56      1       0       29527.94  81      1560.0   ms
success		1       25      1       4       1       0       29171.93  80      1560.0   ms
success		1       26      2       65      2       0       28505.72  79      1560.0   ms
success		1       27      1       30      1       0       28098.73  78      1560.0   ms
success		1       28      1       28      1       0       27799.42  77      1560.0   ms
success		1       29      1       17      1       0       27575.49  76      1560.0   ms
success		1       30      1       11      1       0       27093.14  75      1560.0   ms
success		1       31      2       47      2       0       26587.99  74      1560.0   ms
success		1       32      2       45      2       0       26299.84  73      1560.0   ms
success		1       33      2       42      2       0       25972.68  72      1560.0   ms
success		1       34      1       69      1       0       25737.38  71      1560.0   ms
success		1       35      1       44      1       0       25424.28  70      1560.0   ms
success		1       36      1       57      1       0       25176.86  69      1560.0   ms
success		1       37      1       46      1       0       24725.75  68      1560.0   ms
success		1       38      2       50      2       0       24118.28  67      1560.0   ms
success		1       39      1       7       1       0       23627.98  66      1560.0   ms
success		1       40      1       40      1       0       23240.77  65      1560.0   ms
success		1       41      2       18      2       0       22913.68  64      1560.0   ms
success		1       42      1       14      1       0       22690.89  63      1560.0   ms
success		1       43      1       4       1       0       22405.08  62      1560.0   ms
success		1       44      3       38      3       0       21836.11  61      1560.0   ms
success		1       45      2       55      2       0       21513.69  60      1560.0   ms
success		1       46      1       41      1       0       21171.37  59      1560.0   ms
success		1       47      2       57      2       0       20599.80  58      1560.0   ms
success		1       48      1       18      1       0       20030.82  57      1560.0   ms
success		1       49      1       46      1       0       19655.22  56      1560.0   ms
success		1       50      2       17      2       0       19199.80  55      1560.0   ms
success		1       51      3       54      3       0       18813.62  54      1560.0   ms
success		1       52      2       32      2       0       18553.56  53      1560.0   ms
success		1       53      3       35      3       0       18507.31  52      1560.0   ms
success		1       54      1       1       1       0       18111.20  51      1560.0   ms
success		1       55      1       31      1       0       17797.55  50      1560.0   ms
success		1       56      2       11      2       0       17605.83  49      1560.0   ms
success		1       57      2       31      2       0       17357.75  48      1560.0   ms
success		1       58      1       0       1       0       17152.63  47      1560.0   ms
success		1       59      4       35      4       0       16669.53  46      1560.0   ms
success		1       60      2       41      2       0       16371.52  45      1560.0   ms
success		1       61      3       21      3       0       16508.51  44      1560.0   ms
success		1       62      3       18      3       0       16100.10  43      1560.0   ms
success		1       63      3       33      2       0       16452.62  40      1560.0   ms
success		1       64      4       38      4       0       15739.09  39      1560.0   ms
success		1       65      2       6       2       0       15485.75  38      1560.0   ms
success		1       66      3       25      3       0       14842.95  37      1560.0   ms
success		1       67      3       2       3       0       14656.67  36      1560.0   ms
success		1       68      3       22      3       0       14052.23  35      1560.0   ms
success		1       69      5       32      3       0       15215.73  34      1560.0   ms
success		1       70      4       29      3       0       14653.71  33      1560.0   ms
success		1       71      3       5       3       0       13962.81  32      1560.0   ms
success		1       72      5       23      3       0       13891.80  31      1560.0   ms
success		1       73      14      7       3       0       13043.71  30      1575.0   ms
success		1       74      9       29      4       0       12483.04  29      1575.0   ms
success		1       75      3       4       3       0       11934.29  28      1575.0   ms
success		1       76      12      8       3       0       11943.77  27      1591.0   ms
success		1       77      55      6       5       0       11252.51  26      1638.0   ms
success		1       78      28      6       5       0       10826.32  25      1653.0   ms
success		1       79      39      7       5       0       10623.51  24      1700.0   ms
success		1       80      74      16      4       0       10079.90  23      1794.0   ms
success		1       0       1       83      1       0       37897.33  105     2542.0   ms
success		1       1       1       64      1       0       37471.37  104     2542.0   ms
success		1       2       1       2       1       0       37191.74  103     2542.0   ms
success		1       3       1       58      1       0       36891.14  102     2542.0   ms
success		1       4       1       44      1       0       36548.35  101     2542.0   ms
success		1       5       1       92      1       0       36129.24  100     2542.0   ms
success		1       6       1       96      1       0       35852.82  99      2542.0   ms
success		1       7       1       84      1       0       35475.41  98      2542.0   ms
success		1       8       1       53      1       0       35280.25  97      2542.0   ms
success		1       9       1       22      1       0       35033.90  96      2542.0   ms
success		1       10      2       52      2       0       34627.43  95      2542.0   ms
success		1       11      1       68      1       0       34154.29  94      2542.0   ms
success		1       12      1       18      1       0       33885.01  93      2542.0   ms
success		1       13      1       54      1       0       33299.76  92      2542.0   ms
success		1       14      1       10      1       0       32977.24  91      2542.0   ms
success		1       15      1       8       1       0       32761.81  90      2542.0   ms
success		1       16      1       83      1       0       32291.91  89      2542.0   ms
success		1       17      1       87      1       0       32023.87  88      2542.0   ms
success		1       18      2       76      2       0       31650.05  87      2542.0   ms
success		1       19      1       84      1       0       31312.61  86      2542.0   ms
success		1       20      1       50      1       0       31022.38  85      2542.0   ms
success		1       21      1       31      1       0       30575.94  84      2542.0   ms
success		1       22      2       24      2       0       30143.78  83      2542.0   ms
success		1       23      1       1       1       0       29752.23  82      2542.0   ms
success		1       24      1       37      1       0       29199.81  81      2542.0   ms
success		1       25      2       4       2       0       28779.38  80      2542.0   ms
success		1       26      2       2       2       0       28573.37  79      2542.0   ms
success		1       27      1       6       1       0       28209.98  78      2542.0   ms
success		1       28      1       71      1       0       27805.85  77      2542.0   ms
success		1       29      1       67      1       0       27411.03  76      2542.0   ms
success		1       30      1       0       1       0       27087.66  75      2542.0   ms
success		1       31      2       4       2       0       26640.66  74      2542.0   ms
success		1       32      1       3       1       0       26386.13  73      2542.0   ms
success		1       33      1       21      1       0       26048.40  72      2542.0   ms
success		1       34      1       0       1       0       25908.38  71      2542.0   ms
success		1       35      1       47      1       0       25632.63  70      2542.0   ms
success		1       36      1       43      1       0       25405.08  69      2542.0   ms
success		1       37      1       51      1       0       24814.27  68      2542.0   ms
success		1       38      2       66      2       0       24213.27  67      2542.0   ms
success		1       39      1       15      1       0       23902.60  66      2542.0   ms
success		1       40      2       4       2       0       23512.16  65      2542.0   ms
success		1       41      1       47      1       0       23015.81  64      2542.0   ms
success		1       42      2       9       2       0       22579.18  63      2542.0   ms
success		1       43      2       58      2       0       22195.68  62      2542.0   ms
success		1       44      2       8       2       0       22199.30  61      2542.0   ms
success		1       45      2       54      2       0       21818.49  60      2542.0   ms
success		1       46      1       55      1       0       21460.60  59      2542.0   ms
success		1       47      1       31      1       0       21008.61  58      2542.0   ms
success		1       48      2       4       2       0       20766.34  57      2542.0   ms
success		1       49      2       24      2       0       20335.57  56      2542.0   ms
success		1       50      2       55      2       0       20272.73  55      2542.0   ms
success		1       51      2       11      2       0       19949.45  54      2542.0   ms
success		1       52      3       44      3       0       19465.43  53      2542.0   ms
success		1       53      1       16      1       0       19215.75  52      2542.0   ms
success		1       54      2       7       2       0       18778.12  51      2542.0   ms
success		1       55      1       27      1       0       18420.34  50      2542.0   ms
success		1       56      2       21      2       0       17996.43  49      2542.0   ms
success		1       57      1       38      1       0       17519.87  48      2542.0   ms
success		1       58      2       2       2       0       17096.04  47      2542.0   ms
success		1       59      3       13      3       0       16850.15  46      2542.0   ms
success		1       60      2       3       2       0       16672.97  45      2542.0   ms
success		1       61      2       28      2       0       16338.58  44      2542.0   ms
success		1       62      2       43      2       0       15887.56  43      2542.0   ms
success		1       63      3       0       3       0       15537.40  42      2542.0   ms
success		1       64      2       15      2       0       15064.25  41      2542.0   ms
success		1       65      3       27      3       0       14841.73  40      2542.0   ms
success		1       66      3       15      3       0       14679.82  39      2542.0   ms
success		1       67      4       13      4       0       14428.97  38      2542.0   ms
success		1       68      3       36      3       0       14381.72  37      2542.0   ms
success		1       69      2       25      2       0       14045.42  36      2542.0   ms
success		1       70      5       20      3       0       15628.74  35      2542.0   ms
success		1       71      4       23      3       0       15248.06  34      2542.0   ms
success		1       72      3       17      3       0       14272.76  33      2542.0   ms
success		1       73      7       30      2       0       13520.03  31      2558.0   ms
success		1       74      7       20      3       0       12861.78  30      2558.0   ms
success		1       75      9       23      5       0       12940.76  29      2558.0   ms
success		1       76      23      23      4       0       12669.00  28      2574.0   ms
success		1       77      20      10      4       0       11672.92  27      2589.0   ms
success		1       78      32      19      4       0       11515.44  26      2620.0   ms
success		1       79      100     17      3       0       11166.99  25      2761.0   ms
success		1       80      57      13      4       0       10229.54  24      2839.0   ms
success		1       81      345     6       4       0       10295.93  23      3322.0   ms
success		1       0       1       80      1       0       38242.95  105     4118.0   ms
success		1       1       1       69      1       0       37920.00  104     4118.0   ms
success		1       2       1       76      1       0       37721.02  103     4118.0   ms
success		1       3       1       25      1       0       37281.10  102     4118.0   ms
success		1       4       2       9       2       0       36823.69  101     4118.0   ms
success		1       5       1       25      1       0       36461.85  100     4118.0   ms
success		1       6       2       0       2       0       36023.65  99      4118.0   ms
success		1       7       1       77      1       0       35581.16  98      4118.0   ms
success		1       8       1       6       1       0       35240.36  97      4118.0   ms
success		1       9       1       70      1       0       34716.17  96      4118.0   ms
success		1       10      1       70      1       0       34430.42  95      4118.0   ms
success		1       11      2       30      2       0       33943.05  94      4118.0   ms
success		1       12      1       36      1       0       33725.71  93      4118.0   ms
success		1       13      1       69      1       0       33532.78  92      4118.0   ms
success		1       14      2       23      2       0       33096.78  91      4118.0   ms
success		1       15      1       21      1       0       32614.79  90      4118.0   ms
success		1       16      1       49      1       0       32207.84  89      4118.0   ms
success		1       17      1       78      1       0       31770.64  88      4118.0   ms
success		1       18      2       46      2       0       30958.85  87      4118.0   ms
success		1       19      1       86      1       0       30645.13  86      4118.0   ms
success		1       20      1       25      1       0       30101.67  85      4118.0   ms
success		1       21      1       69      1       0       29800.07  84      4118.0   ms
success		1       22      1       45      1       0       29404.11  83      4118.0   ms
success		1       23      1       18      1       0       29081.04  82      4118.0   ms
success		1       24      1       62      1       0       28462.74  81      4118.0   ms
success		1       25      1       38      1       0       27871.85  80      4118.0   ms
success		1       26      2       3       2       0       27354.78  79      4118.0   ms
success		1       27      2       32      2       0       27236.99  78      4118.0   ms
success		1       28      1       76      1       0       26897.07  77      4118.0   ms
success		1       29      2       36      2       0       26431.69  76      4118.0   ms
success		1       30      1       1       1       0       26078.89  75      4118.0   ms
success		1       31      2       10      2       0       25626.10  74      4118.0   ms
success		1       32      2       62      2       0       25592.83  73      4118.0   ms
success		1       33      2       14      2       0       25331.22  72      4118.0   ms
success		1       34      1       70      1       0       25054.80  71      4118.0   ms
success		1       35      1       54      1       0       24712.65  70      4118.0   ms
success		1       36      1       49      1       0       24249.64  69      4118.0   ms
success		1       37      2       41      2       0       23937.99  68      4118.0   ms
success		1       38      1       55      1       0       23567.17  67      4118.0   ms
success		1       39      2       1       2       0       23311.22  66      4118.0   ms
success		1       40      3       37      3       0       22927.75  65      4118.0   ms
success		1       41      2       58      2       0       22480.35  64      4118.0   ms
success		1       42      2       25      2       0       22179.93  63      4118.0   ms
success		1       43      1       20      1       0       21701.17  62      4118.0   ms
success		1       44      2       7       2       0       21404.30  61      4118.0   ms
success		1       45      2       30      2       0       21086.00  60      4118.0   ms
success		1       46      2       53      2       0       20897.45  59      4118.0   ms
success		1       47      2       47      2       0       20636.90  58      4118.0   ms
success		1       48      2       37      2       0       20471.74  57      4118.0   ms
success		1       49      2       13      2       0       20194.58  56      4118.0   ms
success		1       50      2       46      2       0       19484.18  55      4118.0   ms
success		1       51      3       9       3       0       19163.60  54      4118.0   ms
success		1       52      2       9       2       0       19016.76  53      4118.0   ms
success		1       53      2       18      2       0       18724.06  52      4118.0   ms
success		1       54      2       29      2       0       18415.75  51      4118.0   ms
success		1       55      2       44      2       0       18147.00  50      4118.0   ms
success		1       56      3       17      3       0       17713.70  49      4118.0   ms
success		1       57      1       22      1       0       17332.36  48      4118.0   ms
success		1       58      3       25      2       0       18845.25  44      4118.0   ms
success		1       59      2       7       2       0       18430.13  43      4118.0   ms
success		1       60      3       40      3       0       17767.80  42      4118.0   ms
success		1       61      2       23      2       0       17306.03  41      4118.0   ms
success		1       62      2       31      2       0       16851.02  40      4118.0   ms
success		1       63      1       10      1       0       16379.14  39      4118.0   ms
success		1       64      2       6       2       0       15991.35  38      4118.0   ms
success		1       65      2       33      2       0       15747.03  37      4118.0   ms
success		1       66      4       8       4       0       15181.01  36      4118.0   ms
success		1       67      4       2       4       0       14403.74  35      4118.0   ms
success		1       68      6       13      2       0       15573.56  34      4134.0   ms
success		1       69      8       7       3       0       14190.28  32      4134.0   ms
success		1       70      12      5       3       0       12336.25  29      4134.0   ms
success		1       71      23      5       4       0       12299.68  28      4149.0   ms
success		1       72      25      27      5       0       12108.05  27      4165.0   ms
success		1       73      26      12      3       0       12026.17  26      4180.0   ms
success		1       74      16      9       6       0       10987.59  25      4196.0   ms
success		1       75      7       2       4       0       10772.00  24      4196.0   ms
success		1       76      181     22      6       0       9603.65   23      4461.0   ms
success		1       0       1       1       1       0       38121.07  105     5304.0   ms
success		1       1       1       11      1       0       37787.79  104     5304.0   ms
success		1       2       1       74      1       0       37247.16  103     5304.0   ms
success		1       3       1       20      1       0       36964.92  102     5304.0   ms
success		1       4       1       5       1       0       36665.56  101     5304.0   ms
success		1       5       1       59      1       0       36207.92  100     5304.0   ms
success		1       6       1       58      1       0       35709.44  99      5304.0   ms
success		1       7       1       86      1       0       35432.71  98      5304.0   ms
success		1       8       1       64      1       0       35082.37  97      5304.0   ms
success		1       9       1       46      1       0       34870.45  96      5304.0   ms
success		1       10      1       63      1       0       34479.24  95      5304.0   ms
success		1       11      1       56      1       0       34009.48  94      5304.0   ms
success		1       12      1       34      1       0       33822.47  93      5304.0   ms
success		1       13      1       48      1       0       33516.71  92      5304.0   ms
success		1       14      1       42      1       0       33172.16  91      5304.0   ms
success		1       15      1       6       1       0       32957.58  90      5304.0   ms
success		1       16      1       75      1       0       32631.61  89      5304.0   ms
success		1       17      1       77      1       0       32361.16  88      5304.0   ms
success		1       18      1       26      1       0       31927.69  87      5304.0   ms
success		1       19      3       78      3       0       31429.70  86      5304.0   ms
success		1       20      1       15      1       0       31034.29  85      5304.0   ms
success		1       21      2       67      2       0       30626.26  84      5304.0   ms
success		1       22      1       47      1       0       30277.01  83      5304.0   ms
success		1       23      1       50      1       0       30092.60  82      5304.0   ms
success		1       24      1       73      1       0       29552.16  81      5304.0   ms
success		1       25      1       57      1       0       29156.32  80      5304.0   ms
success		1       26      1       66      1       0       28774.81  79      5304.0   ms
success		1       27      2       57      2       0       28330.72  78      5304.0   ms
success		1       28      2       27      2       0       28173.95  77      5304.0   ms
success		1       29      1       7       1       0       27947.14  76      5304.0   ms
success		1       30      2       75      2       0       27459.19  75      5304.0   ms
success		1       31      1       55      1       0       27241.71  74      5304.0   ms
success		1       32      2       65      2       0       26840.72  73      5304.0   ms
success		1       33      2       64      2       0       26642.83  72      5304.0   ms
success		1       34      2       13      2       0       26348.62  71      5304.0   ms
success		1       35      1       44      1       0       26134.08  70      5304.0   ms
success		1       36      2       62      2       0       25885.07  69      5304.0   ms
success		1       37      2       4       2       0       25594.91  68      5304.0   ms
success		1       38      1       11      1       0       25261.16  67      5304.0   ms
success		1       39      2       23      2       0       24950.71  66      5304.0   ms
success		1       40      2       3       2       0       24390.64  65      5304.0   ms
success		1       41      2       36      2       0       23836.64  64      5304.0   ms
success		1       42      2       58      2       0       23551.85  63      5304.0   ms
success		1       43      1       59      1       0       23170.47  62      5304.0   ms
success		1       44      2       56      2       0       22952.00  61      5304.0   ms
success		1       45      2       24      2       0       22417.87  60      5304.0   ms
success		1       46      2       49      2       0       21918.20  59      5304.0   ms
success		1       47      3       43      3       0       21561.88  58      5304.0   ms
success		1       48      2       40      2       0       21190.68  57      5304.0   ms
success		1       49      3       25      3       0       20968.26  56      5304.0   ms
success		1       50      2       50      2       0       20547.85  55      5304.0   ms
success		1       51      1       34      1       0       20291.09  54      5304.0   ms
success		1       52      2       42      2       0       19907.89  53      5304.0   ms
success		1       53      2       51      2       0       19482.01  52      5304.0   ms
success		1       54      2       22      2       0       19084.02  51      5304.0   ms
success		1       55      3       12      3       0       18442.73  50      5304.0   ms
success		1       56      3       1       3       0       17990.70  49      5304.0   ms
success		1       57      1       5       1       0       17517.50  48      5304.0   ms
success		1       58      2       8       2       0       17336.14  47      5304.0   ms
success		1       59      1       1       1       0       17023.96  46      5304.0   ms
success		1       60      2       13      2       0       16591.09  45      5304.0   ms
success		1       61      3       34      3       0       16196.33  44      5304.0   ms
success		1       62      3       2       2       0       15761.21  39      5304.0   ms
success		1       63      3       0       3       0       15198.27  38      5304.0   ms
success		1       64      2       28      2       0       14929.55  37      5304.0   ms
success		1       65      5       10      4       0       14072.97  34      5304.0   ms
success		1       66      5       17      3       0       14857.47  33      5304.0   ms
success		1       67      4       15      4       0       14017.23  32      5304.0   ms
success		1       68      3       23      3       0       13342.72  31      5304.0   ms
success		1       69      7       8       4       0       13328.57  30      5319.0   ms
success		1       70      7       18      5       0       12930.57  29      5319.0   ms
success		1       71      10      5       3       0       12261.00  28      5319.0   ms
success		1       72      22      4       5       0       12137.15  27      5335.0   ms
success		1       73      29      13      4       0       11643.18  26      5366.0   ms
success		1       74      15      6       4       0       10765.96  25      5382.0   ms
success		1       75      41      14      4       0       10743.33  24      5428.0   ms
success		1       0       1       84      1       0       37985.57  105     6115.0   ms
success		1       1       1       35      1       0       37623.57  104     6115.0   ms
success		1       2       1       58      1       0       37409.08  103     6115.0   ms
success		1       3       1       71      1       0       37088.86  102     6115.0   ms
success		1       4       1       18      1       0       36529.39  101     6115.0   ms
success		1       5       1       33      1       0       36011.65  100     6115.0   ms
success		1       6       1       90      1       0       35484.51  99      6115.0   ms
success		1       7       1       81      1       0       35153.53  98      6115.0   ms
success		1       8       1       90      1       0       34642.25  97      6115.0   ms
success		1       9       1       5       1       0       34272.48  96      6115.0   ms
success		1       10      1       83      1       0       33795.92  95      6115.0   ms
success		1       11      1       77      1       0       33265.93  94      6115.0   ms
success		1       12      1       9       1       0       32991.54  93      6115.0   ms
success		1       13      1       88      1       0       32638.93  92      6115.0   ms
success		1       14      1       50      1       0       32443.77  91      6115.0   ms
success		1       15      1       32      1       0       32239.93  90      6115.0   ms
success		1       16      1       32      1       0       32052.92  89      6115.0   ms
success		1       17      2       5       2       0       31674.56  88      6115.0   ms
success		1       18      1       33      1       0       31430.16  87      6115.0   ms
success		1       19      2       2       2       0       31002.92  86      6115.0   ms
success		1       20      1       7       1       0       30740.23  85      6115.0   ms
success		1       21      1       45      1       0       30359.30  84      6115.0   ms
success		1       22      1       49      1       0       29943.53  83      6115.0   ms
success		1       23      1       67      1       0       29600.80  82      6115.0   ms
success		1       24      2       41      2       0       29160.93  81      6115.0   ms
success		1       25      2       71      2       0       28636.75  80      6115.0   ms
success		1       26      1       68      1       0       28329.29  79      6115.0   ms
success		1       27      2       26      2       0       28019.86  78      6115.0   ms
success		1       28      1       48      1       0       27782.50  77      6115.0   ms
success		1       29      2       75      2       0       27348.92  76      6115.0   ms
success		1       30      1       73      1       0       27086.03  75      6115.0   ms
success		1       31      1       14      1       0       26709.99  74      6115.0   ms
success		1       32      1       9       1       0       26140.30  73      6115.0   ms
success		1       33      1       66      1       0       25819.58  72      6115.0   ms
success		1       34      1       49      1       0       25452.77  71      6115.0   ms
success		1       35      1       21      1       0       25140.72  70      6115.0   ms
success		1       36      2       36      2       0       24829.88  69      6115.0   ms
success		1       37      1       67      1       0       24462.93  68      6115.0   ms
success		1       38      2       43      2       0       24115.00  67      6115.0   ms
success		1       39      2       42      2       0       23799.09  66      6115.0   ms
success		1       40      1       1       1       0       23407.51  65      6115.0   ms
success		1       41      1       24      1       0       22993.51  64      6115.0   ms
success		1       42      1       39      1       0       22609.82  63      6115.0   ms
success		1       43      2       13      2       0       22459.62  62      6115.0   ms
success		1       44      2       41      2       0       22283.85  61      6115.0   ms
success		1       45      1       53      1       0       22034.08  60      6115.0   ms
success		1       46      1       15      1       0       21769.00  59      6115.0   ms
success		1       47      3       21      3       0       21212.22  58      6115.0   ms
success		1       48      2       5       2       0       20802.39  57      6115.0   ms
success		1       49      1       44      1       0       20230.86  56      6115.0   ms
success		1       50      2       23      2       0       20009.07  55      6115.0   ms
success		1       51      2       35      2       0       19720.86  54      6115.0   ms
success		1       52      2       30      2       0       19496.86  53      6115.0   ms
success		1       53      2       8       2       0       19250.40  52      6115.0   ms
success		1       54      2       27      2       0       19011.86  51      6115.0   ms
success		1       55      3       6       3       0       18496.16  50      6115.0   ms
success		1       56      4       30      4       0       18155.86  49      6115.0   ms
success		1       57      2       21      2       0       17675.49  48      6115.0   ms
success		1       58      3       30      3       0       17389.61  47      6115.0   ms
success		1       59      2       27      2       0       17031.11  46      6115.0   ms
success		1       60      3       11      3       0       16585.95  45      6115.0   ms
success		1       61      1       8       1       0       16129.01  44      6115.0   ms
success		1       62      2       22      2       0       15845.74  43      6115.0   ms
success		1       63      2       41      2       0       15638.14  42      6115.0   ms
success		1       64      3       22      3       0       15462.28  41      6115.0   ms
success		1       65      3       18      2       0       16061.75  38      6115.0   ms
success		1       66      2       14      2       0       15598.47  37      6115.0   ms
success		1       67      3       16      3       0       14949.42  36      6115.0   ms
success		1       68      5       34      4       0       14704.12  35      6130.0   ms
success		1       69      11      7       2       0       15489.14  34      6130.0   ms
success		1       70      7       26      4       0       13994.03  32      6130.0   ms
success		1       71      5       13      3       0       13504.27  31      6130.0   ms
success		1       72      4       30      3       0       13213.42  30      6130.0   ms
success		1       73      10      27      5       0       12642.92  29      6130.0   ms
success		1       74      11      17      5       0       12529.71  28      6146.0   ms
success		1       75      5       16      5       0       11779.57  27      6146.0   ms
success		1       76      37      7       3       0       11338.20  26      6193.0   ms
success		1       77      55      6       3       0       11187.41  25      6255.0   ms
success		1       78      61      21      5       0       10534.06  24      6318.0   ms
success		1       79      357     23      4       0       10054.67  23      6864.0   ms
cross iterater0
rand   	fail		7623.62   10819.24  24      8424.0   ms cross
rand   	success		7837.73   10233.78  23      8626.0   ms cross
rand   	fail		7259.11   10359.96  23      9328.0   ms cross
rand   	
ab
ab7	4
ab6	2
cross iterater1
rand   	fail		7494.57   10950.81  24      10779.0  ms cross
rand   	fail		7526.26   10883.57  24      11544.0  ms cross
rand   	success		7825.96   10212.74  23      11668.0  ms cross
rand   	success		7849.23   10413.36  24      11856.0  ms cross
rand   	fail		7434.44   10863.02  24      12573.0  ms cross
rand   	fail		7380.01   10923.20  24      13384.0  ms cross
ab
ab7	5
fail		7825.96   10445.76  23      14305.0  ms
fail		7417.28   10422.59  23      15100.0  ms
cross iterater2
rand   	success		7411.83   10043.23  23      15444.0  ms cross
rand   	success		7598.43   10352.26  24      15631.0  ms cross
rand   	success		7509.13   10309.95  23      15958.0  ms cross
rand   	
ab
ab7	4
fail		7270.63   10475.40  23      17549.0  ms
cross iterater3
ab
ab7	4
cross iterater4
ab
ab7	0
fail		7411.83   10387.83  23      18361.0  ms
cross iterater5
rand   	fail		7670.09   10436.92  23      19203.0  ms cross
rand   	fail		7381.24   10460.29  23      20170.0  ms cross
rand   	fail		7553.47   10427.58  23      21153.0  ms cross
rand   	fail		7511.67   10327.38  23      21964.0  ms cross
ab
ab6	2
ab7	1
cross iterater6
rand   	success		7416.48   10691.92  24      21964.0  ms cross
rand   	fail		7357.97   10931.54  24      22682.0  ms cross
rand   	fail		7426.85   10945.58  24      23431.0  ms cross
rand   	success		7697.17   10364.35  23      23571.0  ms cross
ab
ab6	3
cross iterater7
rand   	success		7629.91   10453.83  23      23587.0  ms cross
rand   	success		7382.92   9979.92   23      24133.0  ms cross
ab
ab6	2
fail		7702.10   10504.18  23      24944.0  ms
fail		7464.83   10384.56  23      25661.0  ms
cross iterater8
ab
ab6	1
cross iterater9
ab
fail		7415.52   10515.94  23      26519.0  ms
fail		7487.27   10480.13  23      27206.0  ms
cross iterater10
rand   	fail		7482.49   10442.19  23      28017.0  ms cross
rand   	fail		7294.76   10948.35  24      28719.0  ms cross
rand   	success		7389.70   9987.36   23      29031.0  ms cross
rand   	
ab
ab7	0
fail		7217.68   10436.66  23      30591.0  ms
fail		7264.58   10386.85  23      31371.0  ms
cross iterater11
rand   	success		7620.70   10500.03  24      31371.0  ms cross
rand   	success		7681.37   10049.30  23      31964.0  ms cross
rand   	fail		7220.91   10344.08  23      32853.0  ms cross
rand   	success		8056.43   10610.41  24      32978.0  ms cross
rand   	fail		7404.48   10919.87  24      33789.0  ms cross
rand   	success		7294.86   10285.38  23      34023.0  ms cross
ab
fail		7306.62   10431.98  23      34772.0  ms
fail		7220.91   10344.08  23      35567.0  ms
cross iterater12
ab
ab7	0
fail		7220.91   10344.08  23      36472.0  ms
fail		7511.67   10327.38  23      37361.0  ms
cross iterater13
rand   	fail		7870.84   10918.27  24      38079.0  ms cross
rand   	success		7235.97   10102.28  23      38219.0  ms cross
ab
ab6	5
ab7	3
fail		7149.02   10323.03  23      39202.0  ms
fail		7294.86   10370.99  23      39966.0  ms
cross iterater14
rand   	success		7511.67   10221.65  23      39966.0  ms cross
rand   	success		7454.48   10787.87  24      39966.0  ms cross
rand   	fail		7421.36   10865.99  24      40762.0  ms cross
rand   	success		7066.37   10175.03  23      40793.0  ms cross
ab
ab6	2
ab7	5
fail		7363.96   10397.05  23      41620.0  ms
fail		7066.37   10308.50  23      42353.0  ms
cross iterater15
rand   	
rand   	success		7542.32   10612.02  24      43164.0  ms cross
rand   	fail		7585.62   10798.12  24      43944.0  ms cross
rand   	success		7174.06   10357.54  23      43991.0  ms cross
ab
ab7	2
fail		7625.02   10509.08  23      45021.0  ms
cross iterater16
ab
ab7	5
cross iterater17
rand   	success		7220.09   10194.11  23      45052.0  ms cross
rand   	fail		7391.56   10415.69  23      45926.0  ms cross
rand   	
rand   	success		7799.76   10150.00  23      46830.0  ms cross
rand   	fail		7628.98   10412.85  23      47782.0  ms cross
rand   	
ab
ab7	1
ab6	2
fail		7593.71   10394.03  23      49467.0  ms
fail		7200.95   10380.43  23      50309.0  ms
fail		7191.07   10491.55  23      51089.0  ms
fail		7084.75   10415.13  23      52025.0  ms
cross iterater18
rand   	success		7390.19   10016.09  23      52025.0  ms cross
rand   	success		7685.25   10068.52  23      52446.0  ms cross
rand   	fail		6983.83   10292.67  23      53211.0  ms cross
rand   	fail		7642.98   10419.74  23      54193.0  ms cross
ab
ab7	5
ab6	2
cross iterater19
rand   	success		7829.52   10071.20  23      54490.0  ms cross
rand   	fail		7113.50   10847.34  24      55348.0  ms cross
ab
ab7	0
cross iterater20
rand   	success		7271.02   10393.22  23      56034.0  ms cross
rand   	
ab
ab6	2
ab7	5
cross iterater21
rand   	success		7502.51   10780.23  24      56814.0  ms cross
rand   	success		7458.13   10518.38  23      56814.0  ms cross
rand   	fail		7240.15   10348.43  23      57719.0  ms cross
rand   	fail		7470.55   11006.38  24      58546.0  ms cross
rand   	success		7529.57   10502.73  23      58639.0  ms cross
rand   	fail		7525.91   10481.68  23      59607.0  ms cross
ab
ab7	0
cross iterater22
rand   	fail		7633.60   10919.81  24      60402.0  ms cross
rand   	success		7709.87   10503.28  24      60527.0  ms cross
rand   	fail		7554.40   11015.88  24      61276.0  ms cross
rand   	success		7116.74   10299.87  23      61806.0  ms cross
ab
ab6	1
fail		7149.02   10323.03  23      62617.0  ms
cross iterater23
ab
ab6	5
ab7	3
fail		7560.09   10525.47  23      63507.0  ms
cross iterater24
rand   	success		7666.52   9866.69   23      63694.0  ms cross
rand   	fail		7717.60   10437.29  23      64567.0  ms cross
rand   	fail		7938.36   10532.25  23      65441.0  ms cross
rand   	fail		7529.81   10366.71  23      66283.0  ms cross
rand   	
rand   	
ab
ab6	2
ab7	3
fail		7108.54   10345.74  23      68732.0  ms
fail		7511.67   10327.38  23      69512.0  ms
fail		7594.49   10545.45  23      70355.0  ms
cross iterater25
rand   	success		7671.10   10166.48  23      70495.0  ms cross
rand   	success		7648.25   10645.25  24      70604.0  ms cross
rand   	fail		7816.23   10924.05  24      71353.0  ms cross
rand   	fail		7476.86   10841.57  24      72040.0  ms cross
ab
ab6	5
ab7	3
cross iterater26
rand   	success		7564.64   10438.23  24      72055.0  ms cross
rand   	fail		7504.81   10954.13  24      72851.0  ms cross
rand   	success		7523.97   10018.09  23      72913.0  ms cross
rand   	success		7788.78   10727.08  24      73007.0  ms cross
rand   	success		7528.45   10245.64  23      73350.0  ms cross
rand   	
ab
ab6	3
fail		7523.97   10469.13  23      74972.0  ms
fail		7768.30   10524.71  23      75784.0  ms
fail		7536.12   10524.71  23      76642.0  ms
cross iterater27
rand   	success		7350.61   9860.77   23      76751.0  ms cross
rand   	success		7725.85   10702.00  24      76751.0  ms cross
rand   	success		7548.67   9986.26   23      76985.0  ms cross
rand   	
ab
ab6	2
ab7	5
fail		7143.77   10335.89  23      78592.0  ms
cross iterater28
rand   	fail		7714.74   10830.30  24      79340.0  ms cross
rand   	success		7640.01   10783.88  24      79340.0  ms cross
rand   	fail		7518.37   10892.45  24      80073.0  ms cross
rand   	success		7682.18   10209.99  23      80417.0  ms cross
ab
ab6	1
cross iterater29
rand   	fail		7517.87   10720.79  24      81259.0  ms cross
rand   	success		7741.86   9998.11   23      81321.0  ms cross
rand   	
rand   	success		7395.61   10538.08  23      82133.0  ms cross
ab
ab6	4
ab7	0
fail		7682.18   10433.28  23      83022.0  ms
cross iterater30
ab
ab6	5
ab7	3
cross iterater31
rand   	success		7613.04   10132.94  23      83583.0  ms cross
rand   	
rand   	
rand   	
rand   	fail		7446.25   10386.35  23      86828.0  ms cross
rand   	
ab
ab6	2
ab7	0
fail		7423.61   10365.65  23      88653.0  ms
cross iterater32
rand   	
rand   	fail		7105.59   10338.79  23      90401.0  ms cross
ab
ab6	5
ab7	1
fail		7478.41   10536.80  23      91259.0  ms
cross iterater33
rand   	
rand   	fail		7142.19   10313.08  23      92943.0  ms cross
ab
ab6	1
fail		7142.19   10313.08  23      93786.0  ms
cross iterater34
rand   	fail		7048.68   10415.65  23      94800.0  ms cross
rand   	
ab
ab7	2
ab6	5
fail		7395.79   10405.48  23      96438.0  ms
cross iterater35
ab
ab7	4
ab6	2
fail		7201.28   10319.31  23      97280.0  ms
cross iterater36
ab
ab7	2
fail		7521.33   10328.25  23      98232.0  ms
fail		7586.92   10472.36  23      99136.0  ms
cross iterater37
rand   	success		7626.66   10087.27  23      99604.0  ms cross
rand   	
rand   	
rand   	success		7697.80   10422.76  24      101274.0 ms cross
rand   	fail		7460.24   10704.22  24      102069.0 ms cross
rand   	fail		7439.06   10840.34  24      102943.0 ms cross
ab
ab6	3
ab7	1
fail		7521.33   10328.25  23      103848.0 ms
fail		7542.03   10343.65  23      104737.0 ms
cross iterater38
rand   	fail		7643.29   10986.97  24      105564.0 ms cross
rand   	fail		7236.84   10959.67  24      106406.0 ms cross
rand   	success		7473.80   10186.33  23      106765.0 ms cross
rand   	fail		7208.36   10427.11  23      107732.0 ms cross
ab
ab6	3
ab7	2
fail		7473.80   10453.73  23      108403.0 ms
fail		6967.41   10452.44  23      109401.0 ms
fail		7237.65   10448.64  23      110415.0 ms
cross iterater39
rand   	fail		7695.45   10919.94  24      111304.0 ms cross
rand   	success		7510.42   10153.96  23      111304.0 ms cross
ab
ab7	1
fail		7816.23   10419.09  23      112115.0 ms
cross iterater40
rand   	success		7447.26   10811.60  24      112115.0 ms cross
rand   	success		7436.64   10323.31  23      112147.0 ms cross
rand   	
rand   	success		7424.29   10216.72  23      112646.0 ms cross
rand   	fail		7428.65   10441.79  23      113161.0 ms cross
rand   	fail		7417.01   10443.58  23      113785.0 ms cross
ab
ab6	3
ab7	2
fail		7542.03   10343.65  23      114658.0 ms
cross iterater41
rand   	success		7348.70   10106.77  23      114752.0 ms cross
rand   	success		7405.64   9881.61   23      114845.0 ms cross
ab
fail		7405.64   10403.46  23      115703.0 ms
cross iterater42
ab
ab7	2
cross iterater43
rand   	fail		7757.17   10890.40  24      116405.0 ms cross
rand   	success		7352.69   10808.51  24      116405.0 ms cross
rand   	fail		7750.54   10992.46  24      117123.0 ms cross
rand   	success		7453.59   10078.14  23      117482.0 ms cross
ab
ab7	3
fail		7295.88   10369.27  23      118496.0 ms
cross iterater44
rand   	success		7722.55   10643.30  24      118574.0 ms cross
rand   	fail		7618.11   10872.94  24      119416.0 ms cross
rand   	success		7785.66   10025.50  23      120243.0 ms cross
rand   	success		7364.97   10599.48  24      120259.0 ms cross
rand   	success		7259.57   10039.91  23      120493.0 ms cross
rand   	fail		7290.53   10528.50  23      121382.0 ms cross
ab
ab6	5
cross iterater45
ab
ab6	3
cross iterater46
rand   	success		7893.56   10433.90  24      121522.0 ms cross
rand   	fail		7854.07   10996.24  24      122255.0 ms cross
rand   	fail		7574.75   10943.83  24      123004.0 ms cross
rand   	success		7251.77   10178.08  23      123566.0 ms cross
rand   	
rand   	
ab
ab6	4
ab7	1
fail		7269.69   10339.40  23      126296.0 ms
cross iterater47
ab
ab6	5
fail		7387.17   10368.26  23      127060.0 ms
cross iterater48
rand   	success		7308.19   10621.08  24      127060.0 ms cross
rand   	success		7355.66   10611.33  23      127263.0 ms cross
rand   	fail		7309.43   10399.15  23      128168.0 ms cross
rand   	success		7435.71   10150.70  23      128168.0 ms cross
ab
ab6	5
ab7	4
fail		7772.79   10459.70  23      129010.0 ms
fail		7362.42   10407.31  23      129977.0 ms
fail		7428.13   10430.33  23      130757.0 ms
cross iterater49
rand   	success		7404.06   10779.60  24      130882.0 ms cross
rand   	
rand   	fail		7749.19   10954.67  24      132364.0 ms cross
rand   	success		7380.37   10342.85  23      132816.0 ms cross
rand   	fail		7503.33   10445.24  23      133347.0 ms cross
rand   	fail		7498.90   10526.92  23      133877.0 ms cross
ab
ab6	1
ab7	3
fail		7471.50   10405.57  23      134345.0 ms
fail		7349.41   10458.71  23      134922.0 ms
cross iterater50
rand   	success		7432.80   9982.95   23      135297.0 ms cross
rand   	fail		6799.98   10382.43  23      135858.0 ms cross
rand   	
rand   	success		7555.32   9921.42   23      136779.0 ms cross
ab
ab6	4
ab7	2
cross iterater51
ab
ab6	2
fail		7048.17   10436.17  23      137294.0 ms
cross iterater52
rand   	fail		7466.75   10466.61  23      137762.0 ms cross
rand   	success		7525.19   10677.89  24      137808.0 ms cross
rand   	
rand   	success		7743.18   9960.76   23      138448.0 ms cross
ab
ab6	0
fail		7743.18   10329.19  23      138978.0 ms
cross iterater53
rand   	fail		7384.05   10764.81  24      139462.0 ms cross
rand   	success		7397.69   10244.67  23      139602.0 ms cross
ab
ab6	0
fail		7347.21   10404.58  23      140102.0 ms
fail		6799.98   10382.43  23      140570.0 ms
cross iterater54
rand   	success		7667.46   10120.77  23      140570.0 ms cross
rand   	fail		6922.61   10297.92  23      141053.0 ms cross
rand   	fail		7336.71   10421.22  23      141615.0 ms cross
rand   	success		7874.51   10645.79  24      141677.0 ms cross
rand   	success		7693.51   10024.33  23      141927.0 ms cross
rand   	
ab
ab6	3
cross iterater55
rand   	success		7688.67   10570.25  24      142644.0 ms cross
rand   	fail		7663.61   10821.02  24      143112.0 ms cross
rand   	fail		7386.74   10876.32  24      143674.0 ms cross
rand   	success		7460.64   9967.03   23      143814.0 ms cross
ab
ab6	4
cross iterater56
rand   	success		8133.03   10643.17  24      143845.0 ms cross
rand   	success		8000.53   10213.89  23      144064.0 ms cross
rand   	
rand   	
ab
ab6	1
fail		7265.67   10288.27  23      145967.0 ms
cross iterater57
rand   	success		6941.00   11050.07  24      145967.0 ms cross
rand   	fail		7637.03   10862.94  24      146778.0 ms cross
rand   	success		7647.97   10207.01  23      147511.0 ms cross
rand   	success		7297.89   10152.61  23      147823.0 ms cross
rand   	
rand   	
ab
ab6	4
cross iterater58
rand   	fail		7294.11   10923.44  24      150273.0 ms cross
rand   	success		7559.89   10073.49  23      150725.0 ms cross
rand   	fail		7353.54   10249.53  23      151536.0 ms cross
rand   	success		7359.38   11042.50  24      151692.0 ms cross
rand   	success		7601.15   10096.83  23      152254.0 ms cross
rand   	
ab
ab6	5
fail		7165.34   10428.41  23      154204.0 ms
cross iterater59
rand   	success		7560.66   10763.46  24      154297.0 ms cross
rand   	fail		7477.23   10953.87  24      155062.0 ms cross
rand   	success		7373.17   10462.50  23      155483.0 ms cross
rand   	
ab
ab7	3
ab6	4
fail		7684.04   10312.25  23      157152.0 ms
cross iterater60
rand   	success		7431.42   11024.20  24      157152.0 ms cross
rand   	success		7664.91   10385.67  23      157324.0 ms cross
rand   	
rand   	fail		7621.72   10424.28  23      159118.0 ms cross
ab
ab7	0
fail		7852.32   10457.14  23      160007.0 ms
fail		7165.34   10428.41  23      160849.0 ms
cross iterater61
rand   	fail		7096.12   10854.18  24      161707.0 ms cross
rand   	fail		7380.51   10845.44  24      162581.0 ms cross
ab
ab7	2
ab6	5
cross iterater62
rand   	success		7304.15   10232.18  23      163267.0 ms cross
rand   	success		7746.86   11030.09  24      163423.0 ms cross
rand   	success		7642.01   10563.98  23      163735.0 ms cross
rand   	
ab
ab7	4
fail		7407.58   10503.56  23      165280.0 ms
cross iterater63
rand   	success		7769.22   10880.67  24      165295.0 ms cross
rand   	fail		7625.30   10821.21  24      166106.0 ms cross
rand   	success		7606.81   10127.55  23      166528.0 ms cross
rand   	success		7411.51   10611.75  23      166574.0 ms cross
ab
ab7	1
cross iterater64
ab
ab7	0
fail		7482.41   10532.39  23      167354.0 ms
cross iterater65
rand   	success		7653.41   10051.77  23      167417.0 ms cross
rand   	fail		7359.83   10350.69  23      168228.0 ms cross
rand   	fail		6982.22   10495.90  23      169117.0 ms cross
rand   	success		7699.86   10499.57  24      169195.0 ms cross
rand   	fail		7613.51   10957.26  24      170006.0 ms cross
rand   	fail		7573.70   10987.56  24      170911.0 ms cross
ab
ab6	4
ab7	0
fail		6986.09   10419.11  23      171769.0 ms
fail		7312.04   10510.68  23      172658.0 ms
fail		7147.61   10389.55  23      173469.0 ms
cross iterater66
rand   	fail		7218.27   10523.28  23      174359.0 ms cross
rand   	fail		7218.23   10349.73  23      175279.0 ms cross
ab
ab6	2
ab7	4
fail		7445.19   10498.19  23      176324.0 ms
cross iterater67
rand   	success		7646.06   10055.65  23      176355.0 ms cross
rand   	
rand   	
rand   	
ab
ab7	4
ab6	5
fail		6996.16   10331.12  23      179741.0 ms
fail		7646.06   10501.57  23      180552.0 ms
cross iterater68
ab
ab6	5
ab7	3
cross iterater69
rand   	success		7687.01   9760.35   23      181113.0 ms cross
rand   	fail		6885.10   10305.68  23      182205.0 ms cross
rand   	
rand   	fail		7714.82   10730.81  24      183719.0 ms cross
rand   	fail		7328.24   10937.94  24      184545.0 ms cross
rand   	success		7352.19   10216.14  23      185138.0 ms cross
ab
ab6	2
fail		7149.17   10387.08  23      185949.0 ms
cross iterater70
ab
ab6	5
fail		7329.90   10453.80  23      186776.0 ms
cross iterater71
rand   	success		8001.68   11097.20  24      186854.0 ms cross
rand   	success		7550.14   9791.97   23      187041.0 ms cross
rand   	
rand   	success		7603.91   10632.35  24      187899.0 ms cross
rand   	fail		7223.00   10764.02  24      188679.0 ms cross
rand   	success		7605.27   9996.51   23      188991.0 ms cross
ab
ab7	0
fail		7241.17   10393.25  23      190068.0 ms
fail		7605.27   10507.02  23      190926.0 ms
fail		7041.07   10450.56  23      191518.0 ms
cross iterater72
ab
ab6	4
ab7	2
fail		7241.17   10393.25  23      192064.0 ms
cross iterater73
rand   	success		7549.05   10654.87  24      192096.0 ms cross
rand   	success		7933.04   9624.78   23      192361.0 ms cross
rand   	
rand   	fail		7724.19   10949.29  24      193983.0 ms cross
ab
ab6	5
ab7	2
fail		7465.07   10363.03  23      194841.0 ms
cross iterater74
rand   	success		7395.96   10511.75  24      194904.0 ms cross
rand   	fail		7349.03   10933.43  24      195730.0 ms cross
rand   	success		7294.47   10199.34  23      196354.0 ms cross
rand   	
ab
ab6	2
fail		7693.43   10401.09  23      198024.0 ms
cross iterater75
rand   	success		7489.03   10895.44  24      198024.0 ms cross
rand   	fail		7716.92   10728.39  24      198850.0 ms cross
rand   	success		7625.78   10339.62  23      199100.0 ms cross
rand   	success		7224.91   10425.06  23      199272.0 ms cross
ab
ab6	2
cross iterater76
rand   	success		7624.71   10349.05  23      199849.0 ms cross
rand   	success		7816.85   10941.54  24      199911.0 ms cross
rand   	fail		7715.24   10919.77  24      200816.0 ms cross
rand   	success		6777.98   10517.65  23      200956.0 ms cross
ab
ab6	4
fail		7179.23   10349.25  23      201643.0 ms
cross iterater77
ab
ab6	1
fail		7048.81   10342.55  23      202345.0 ms
fail		7343.03   10310.02  23      203265.0 ms
fail		7422.76   10504.54  23      204139.0 ms
cross iterater78
rand   	success		7661.36   10097.55  23      204965.0 ms cross
rand   	fail		7405.34   10471.38  23      205933.0 ms cross
rand   	fail		7339.85   10351.58  23      206775.0 ms cross
rand   	fail		7535.32   10834.19  24      207539.0 ms cross
rand   	fail		7690.29   10811.80  24      208460.0 ms cross
rand   	fail		7754.92   10902.66  24      209287.0 ms cross
ab
ab6	1
ab7	4
fail		7179.23   10349.25  23      210207.0 ms
cross iterater79
rand   	success		8005.02   10707.38  24      210332.0 ms cross
rand   	fail		7618.53   10837.47  24      211190.0 ms cross
rand   	success		7517.99   10154.79  23      211783.0 ms cross
rand   	fail		7725.97   10924.23  24      212500.0 ms cross
rand   	success		7514.01   10086.08  23      212687.0 ms cross
rand   	fail		7456.01   10325.61  23      213608.0 ms cross
ab
ab6	2
ab7	5
fail		7470.76   10401.24  23      214606.0 ms
cross iterater80
rand   	
rand   	success		7415.52   10272.06  23      215792.0 ms cross
rand   	
rand   	success		7608.62   10469.23  23      216728.0 ms cross
ab
ab7	4
ab6	1
fail		7451.21   10336.49  23      217601.0 ms
fail		7048.81   10342.55  23      218381.0 ms
cross iterater81
rand   	success		7485.97   10381.96  23      218381.0 ms cross
rand   	fail		7427.02   10435.87  23      219286.0 ms cross
rand   	
rand   	fail		7381.65   10447.31  23      220924.0 ms cross
rand   	fail		7804.88   10403.03  23      221704.0 ms cross
rand   	fail		7387.80   10394.42  23      222562.0 ms cross
ab
ab6	3
ab7	4
fail		7291.36   10343.26  23      223529.0 ms
cross iterater82
rand   	fail		7527.06   10435.14  23      224481.0 ms cross
rand   	fail		8007.09   10880.80  24      225261.0 ms cross
rand   	fail		7286.00   10955.65  24      225963.0 ms cross
rand   	fail		7360.52   10789.17  24      226727.0 ms cross
ab
ab6	4
ab7	0
fail		7687.55   10418.28  23      227258.0 ms
cross iterater83
rand   	fail		7505.63   10906.16  24      227679.0 ms cross
rand   	success		7121.78   10422.63  23      227835.0 ms cross
rand   	
rand   	
ab
ab6	2
cross iterater84
rand   	
rand   	
ab
ab6	1
fail		7184.04   10385.21  23      231329.0 ms
fail		7048.81   10342.55  23      232234.0 ms
cross iterater85
rand   	success		7474.08   11049.04  24      232437.0 ms cross
rand   	fail		7731.22   10861.37  24      233186.0 ms cross
rand   	success		7546.49   10115.32  23      233232.0 ms cross
rand   	success		7178.24   10715.07  24      233232.0 ms cross
rand   	fail		7730.16   10763.56  24      233966.0 ms cross
rand   	fail		7379.10   10873.81  24      234730.0 ms cross
ab
ab6	1
cross iterater86
rand   	success		7568.11   10251.07  23      235042.0 ms cross
rand   	success		7623.31   10016.38  23      235759.0 ms cross
ab
fail		7511.78   10359.79  23      236727.0 ms
cross iterater87
rand   	success		7553.71   10960.62  24      236727.0 ms cross
rand   	
rand   	success		7408.32   10298.34  23      238006.0 ms cross
rand   	fail		7214.11   10329.46  23      238848.0 ms cross
ab
ab7	0
fail		7511.78   10359.79  23      239613.0 ms
cross iterater88
rand   	success		7339.28   10199.82  23      239628.0 ms cross
rand   	fail		7493.38   10834.91  24      240315.0 ms cross
ab
ab6	4
cross iterater89
rand   	success		7649.18   10484.73  23      240751.0 ms cross
rand   	success		7755.40   10498.24  24      240783.0 ms cross
rand   	success		7764.58   10433.12  23      241110.0 ms cross
rand   	
ab
ab6	2
ab7	0
fail		7197.26   10483.68  23      242811.0 ms
fail		7447.37   10495.96  23      243684.0 ms
cross iterater90
rand   	success		7861.30   10516.37  24      243700.0 ms cross
rand   	success		7504.33   10244.50  23      244199.0 ms cross
rand   	fail		7261.82   10475.11  23      245166.0 ms cross
rand   	fail		7450.13   10896.07  24      245993.0 ms cross
rand   	success		7263.14   10221.66  23      246773.0 ms cross
rand   	
ab
ab6	4
ab7	3
fail		7396.96   10418.78  23      248520.0 ms
cross iterater91
rand   	success		7259.44   10270.27  23      248567.0 ms cross
rand   	success		7310.48   10425.91  23      248567.0 ms cross
rand   	fail		7515.01   10374.86  23      249472.0 ms cross
rand   	
ab
ab6	4
ab7	5
cross iterater92
rand   	fail		7547.05   10880.62  24      251125.0 ms cross
rand   	success		7536.00   10275.09  23      251890.0 ms cross
rand   	
rand   	success		7968.66   10709.97  24      252888.0 ms cross
rand   	fail		7763.61   10942.88  24      253652.0 ms cross
rand   	success		7216.04   10380.36  23      253777.0 ms cross
ab
ab6	3
ab7	0
fail		7587.12   10465.95  23      254682.0 ms
fail		7466.12   10412.27  23      255431.0 ms
cross iterater93
rand   	success		7752.02   10748.23  24      255446.0 ms cross
rand   	success		7262.95   10321.74  23      255805.0 ms cross
rand   	fail		7757.44   10501.37  23      256694.0 ms cross
rand   	success		7642.04   10851.75  24      256913.0 ms cross
rand   	fail		7319.91   10886.69  24      257646.0 ms cross
rand   	fail		7944.25   10829.60  24      258301.0 ms cross
ab
ab6	1
ab7	3
cross iterater94
rand   	success		7471.89   10304.75  23      258317.0 ms cross
rand   	fail		7154.08   10374.44  23      259112.0 ms cross
ab
ab6	3
cross iterater95
rand   	success		7754.39   10220.24  23      259222.0 ms cross
rand   	success		7536.78   10305.45  24      259487.0 ms cross
rand   	fail		7528.82   10771.97  24      260345.0 ms cross
rand   	fail		7655.95   10909.39  24      261140.0 ms cross
ab
ab6	1
cross iterater96
rand   	fail		7219.83   10379.10  23      262092.0 ms cross
rand   	fail		7297.36   10335.24  23      263012.0 ms cross
rand   	fail		7623.01   10425.58  23      263761.0 ms cross
rand   	fail		7503.17   10710.38  24      264526.0 ms cross
rand   	fail		7604.87   10710.79  24      265352.0 ms cross
rand   	success		7683.89   9934.47   23      265493.0 ms cross
ab
ab6	0
cross iterater97
rand   	
rand   	success		7808.18   10180.67  24      266304.0 ms cross
rand   	success		7804.61   10066.97  23      266444.0 ms cross
rand   	fail		7535.31   10430.48  23      267365.0 ms cross
ab
ab6	1
ab7	2
fail		7471.89   10363.19  23      268160.0 ms
cross iterater98
ab
fail		7013.13   10439.79  23      269159.0 ms
cross iterater99
rand   	success		7364.67   10551.62  23      269315.0 ms cross
rand   	
ab
ab6	3
ab7	5

R.size:23

1		55	63	66	131	130	160	11	28	209	61	
2		155	67	36	14	103	9	43	110	
3		1	51	26	113	21	69	185	169	181	101	154	148	
4		157	93	109	25	205	129	186	70	
5		140	13	173	104	95	23	22	96	29	65	77	198	
6		147	199	135	212	166	89	141	179	
7		184	188	71	175	164	83	
8		73	30	20	12	100	136	6	204	189	177	82	97	
9		81	50	68	137	80	64	182	116	202	107	
10		168	115	16	187	171	170	201	53	192	42	
11		158	120	123	99	38	156	78	27	
12		87	8	76	121	88	40	200	128	
13		145	112	2	48	146	118	90	183	105	52	
14		132	18	44	143	176	124	31	79	49	119	
15		57	152	60	34	62	84	194	142	159	102	10	59	
16		117	3	5	86	165	134	126	211	172	197	
17		106	85	206	94	33	190	
18		161	92	139	162	122	17	111	208	
19		72	153	193	207	151	58	74	45	
20		46	4	15	54	125	56	39	127	47	108	
21		196	98	32	138	210	37	174	24	
22		7	41	150	133	195	180	167	91	
23		149	35	163	19	114	178	144	191	203	75	

data1/pdp200/LR1_2_5.txt
total_cost 6777.983264

