success		1       0       1       53      1       0       10243.81  104     15.0     ms
success		1       1       1       101     1       0       10380.09  103     15.0     ms
success		1       2       1       85      1       0       10429.90  102     15.0     ms
success		1       3       1       14      1       0       10529.57  101     15.0     ms
success		1       4       1       75      1       0       10627.44  100     15.0     ms
success		1       5       1       80      1       0       10720.76  99      15.0     ms
success		1       6       1       35      1       0       10826.18  98      15.0     ms
success		1       7       1       84      1       0       10622.15  97      15.0     ms
success		1       8       1       73      1       0       10517.93  96      15.0     ms
success		1       9       1       47      1       0       10500.04  95      15.0     ms
success		1       10      1       80      1       0       10362.51  94      15.0     ms
success		1       11      1       3       1       0       10364.41  93      15.0     ms
success		1       12      2       14      2       0       10612.16  92      15.0     ms
success		1       13      1       55      1       0       10603.49  91      15.0     ms
success		1       14      1       20      1       0       10584.60  90      15.0     ms
success		1       15      1       0       1       0       10702.79  89      15.0     ms
success		1       16      1       66      1       0       10760.32  88      15.0     ms
success		1       17      1       73      1       0       10741.82  87      15.0     ms
success		1       18      1       21      1       0       10761.89  86      15.0     ms
success		1       19      2       69      2       0       10712.33  85      15.0     ms
success		1       20      1       27      1       0       10795.59  84      15.0     ms
success		1       21      2       53      2       0       10562.79  83      15.0     ms
success		1       22      1       34      1       0       10653.34  82      15.0     ms
success		1       23      1       49      1       0       10750.33  81      15.0     ms
success		1       24      1       66      1       0       10716.08  80      15.0     ms
success		1       25      1       12      1       0       10773.21  79      15.0     ms
success		1       26      2       21      2       0       10591.66  78      15.0     ms
success		1       27      2       67      2       0       10720.40  77      15.0     ms
success		1       28      2       60      2       0       10737.96  76      15.0     ms
success		1       29      2       52      2       0       10861.96  75      31.0     ms
success		1       30      2       41      2       0       10761.18  74      31.0     ms
success		1       31      1       30      1       0       10784.61  73      31.0     ms
success		1       32      1       48      1       0       10797.65  72      31.0     ms
success		1       33      3       38      3       0       10917.81  71      31.0     ms
success		1       34      2       12      2       0       10799.11  70      31.0     ms
success		1       35      1       24      1       0       10810.27  69      31.0     ms
success		1       36      1       51      1       0       10718.47  68      31.0     ms
success		1       37      1       66      1       0       10511.50  67      31.0     ms
success		1       38      2       64      2       0       10395.07  66      31.0     ms
success		1       39      2       5       2       0       10420.50  65      31.0     ms
success		1       40      1       21      1       0       10552.17  64      31.0     ms
success		1       41      2       43      2       0       10648.34  63      31.0     ms
success		1       42      1       62      1       0       10774.91  62      31.0     ms
success		1       43      1       6       1       0       10942.16  61      31.0     ms
success		1       44      2       31      2       0       10927.80  60      31.0     ms
success		1       45      1       10      1       0       11094.16  59      31.0     ms
success		1       46      2       3       2       0       11223.99  58      31.0     ms
success		1       47      1       53      1       0       11149.72  57      31.0     ms
success		1       48      2       49      2       0       11065.52  56      31.0     ms
success		1       49      1       30      1       0       11120.54  55      31.0     ms
success		1       50      1       11      1       0       11196.62  54      31.0     ms
success		1       51      1       6       1       0       11169.27  53      31.0     ms
success		1       52      3       38      3       0       10812.78  52      31.0     ms
success		1       53      2       28      2       0       10533.16  51      31.0     ms
success		1       54      1       12      1       0       10513.01  50      31.0     ms
success		1       55      3       34      3       0       10326.08  49      31.0     ms
success		1       56      1       35      1       0       10199.12  48      31.0     ms
success		1       57      1       19      1       0       10371.22  47      31.0     ms
success		1       58      2       14      2       0       10540.24  46      31.0     ms
success		1       59      2       37      2       0       10574.44  45      31.0     ms
success		1       60      4       3       4       0       10287.51  44      31.0     ms
success		1       61      1       1       1       0       10473.95  43      31.0     ms
success		1       62      2       40      2       0       10421.10  42      31.0     ms
success		1       63      3       15      3       0       10500.00  41      31.0     ms
success		1       64      3       22      3       0       10720.12  40      31.0     ms
success		1       65      1       11      1       0       10702.21  39      31.0     ms
success		1       66      2       2       2       0       10599.90  38      31.0     ms
success		1       67      4       28      4       0       10467.68  37      31.0     ms
success		1       68      3       4       3       0       10161.01  36      31.0     ms
success		1       69      4       26      4       0       10109.96  35      31.0     ms
success		1       70      2       8       2       0       10179.08  34      31.0     ms
success		1       71      4       1       4       0       10046.98  33      31.0     ms
success		1       72      4       12      4       0       9825.96   32      31.0     ms
success		1       73      5       23      3       0       10889.90  30      46.0     ms
success		1       74      4       5       4       0       10659.57  29      46.0     ms
success		1       75      5       2       3       0       10415.24  27      46.0     ms
success		1       76      5       6       5       0       9967.22   26      46.0     ms
success		1       77      5       0       4       0       9709.61   25      46.0     ms
success		1       78      5       12      5       0       9244.19   24      46.0     ms
success		1       79      5       17      5       0       9203.20   23      46.0     ms
success		1       80      9       22      5       0       8788.25   22      46.0     ms
success		1       81      8       4       6       0       8890.59   21      62.0     ms
success		1       82      9       4       7       0       8444.45   20      62.0     ms
success		1       83      14      11      6       0       8573.47   19      78.0     ms
success		1       84      23      9       4       0       8008.40   18      124.0    ms
success		1       85      12      16      5       0       7295.38   17      140.0    ms
success		1       86      67      3       5       0       6869.23   16      249.0    ms
success		1       87      28      1       6       0       6252.87   15      296.0    ms
success		1       88      415     12      8       0       5953.03   14      904.0    ms
success		1       0       1       46      1       0       23078.23  104     2137.0   ms
success		1       1       1       98      1       0       22868.81  103     2137.0   ms
success		1       2       1       33      1       0       22740.23  102     2137.0   ms
success		1       3       1       52      1       0       22582.16  101     2137.0   ms
success		1       4       1       66      1       0       22396.29  100     2137.0   ms
success		1       5       1       52      1       0       22225.75  99      2137.0   ms
success		1       6       1       50      1       0       22142.55  98      2137.0   ms
success		1       7       1       56      1       0       21998.00  97      2137.0   ms
success		1       8       1       5       1       0       21857.85  96      2137.0   ms
success		1       9       1       69      1       0       21679.47  95      2137.0   ms
success		1       10      1       15      1       0       21401.43  94      2137.0   ms
success		1       11      1       87      1       0       21302.36  93      2137.0   ms
success		1       12      1       18      1       0       21103.74  92      2137.0   ms
success		1       13      1       88      1       0       20837.68  91      2137.0   ms
success		1       14      1       89      1       0       20272.68  90      2137.0   ms
success		1       15      1       55      1       0       19908.78  89      2137.0   ms
success		1       16      1       4       1       0       19640.18  88      2137.0   ms
success		1       17      2       1       2       0       19496.49  87      2137.0   ms
success		1       18      1       30      1       0       19362.36  86      2137.0   ms
success		1       19      1       60      1       0       19202.58  85      2137.0   ms
success		1       20      1       76      1       0       19089.58  84      2137.0   ms
success		1       21      1       53      1       0       18825.74  83      2137.0   ms
success		1       22      1       57      1       0       18409.14  82      2137.0   ms
success		1       23      1       70      1       0       18246.41  81      2137.0   ms
success		1       24      1       40      1       0       18099.19  80      2137.0   ms
success		1       25      2       43      2       0       18036.28  79      2137.0   ms
success		1       26      2       48      2       0       17876.73  78      2137.0   ms
success		1       27      2       50      2       0       17678.80  77      2137.0   ms
success		1       28      2       17      2       0       17165.10  76      2137.0   ms
success		1       29      2       36      2       0       17235.93  75      2137.0   ms
success		1       30      1       2       1       0       17037.87  74      2137.0   ms
success		1       31      1       40      1       0       16875.70  73      2137.0   ms
success		1       32      1       10      1       0       16736.68  72      2137.0   ms
success		1       33      2       9       2       0       16347.42  71      2137.0   ms
success		1       34      1       60      1       0       16089.73  70      2137.0   ms
success		1       35      1       48      1       0       16024.00  69      2137.0   ms
success		1       36      1       36      1       0       15911.79  68      2137.0   ms
success		1       37      1       51      1       0       15681.95  67      2137.0   ms
success		1       38      2       24      2       0       15398.62  66      2137.0   ms
success		1       39      1       52      1       0       15086.45  65      2137.0   ms
success		1       40      2       49      2       0       14993.51  64      2137.0   ms
success		1       41      3       45      3       0       15186.93  63      2137.0   ms
success		1       42      1       41      1       0       14852.11  62      2137.0   ms
success		1       43      1       3       1       0       14757.58  61      2137.0   ms
success		1       44      2       39      2       0       14415.33  60      2137.0   ms
success		1       45      1       11      1       0       14269.09  59      2137.0   ms
success		1       46      1       5       1       0       14136.05  58      2137.0   ms
success		1       47      1       46      1       0       13764.50  57      2137.0   ms
success		1       48      2       38      2       0       13528.42  56      2137.0   ms
success		1       49      2       48      2       0       13524.35  55      2137.0   ms
success		1       50      2       16      2       0       13347.87  54      2137.0   ms
success		1       51      2       1       2       0       13138.87  53      2137.0   ms
success		1       52      2       1       2       0       13026.96  52      2137.0   ms
success		1       53      1       12      1       0       12869.27  51      2137.0   ms
success		1       54      2       6       2       0       12693.82  50      2137.0   ms
success		1       55      2       5       2       0       12563.75  49      2137.0   ms
success		1       56      1       19      1       0       12381.49  48      2152.0   ms
success		1       57      2       37      2       0       12027.63  47      2152.0   ms
success		1       58      4       35      4       0       11811.28  46      2152.0   ms
success		1       59      3       39      3       0       11499.32  45      2152.0   ms
success		1       60      2       32      2       0       11517.07  44      2152.0   ms
success		1       61      2       42      2       0       11260.50  43      2152.0   ms
success		1       62      2       32      2       0       11102.22  42      2152.0   ms
success		1       63      2       17      2       0       11044.62  41      2152.0   ms
success		1       64      2       20      2       0       11045.76  40      2152.0   ms
success		1       65      2       0       2       0       11002.23  39      2152.0   ms
success		1       66      2       8       2       0       10950.36  38      2152.0   ms
success		1       67      3       11      3       0       10952.16  37      2152.0   ms
success		1       68      2       6       2       0       11018.45  36      2152.0   ms
success		1       69      3       24      2       0       11713.52  34      2152.0   ms
success		1       70      2       6       2       0       11165.32  33      2152.0   ms
success		1       71      4       10      4       0       11018.88  32      2152.0   ms
success		1       72      4       1       4       0       10727.37  31      2152.0   ms
success		1       73      4       28      4       0       10279.10  30      2152.0   ms
success		1       74      3       24      3       0       10004.48  29      2152.0   ms
success		1       75      3       28      3       0       9570.69   28      2152.0   ms
success		1       76      2       25      2       0       9315.06   27      2152.0   ms
success		1       77      5       6       4       0       9849.11   25      2152.0   ms
success		1       78      4       0       4       0       9375.12   24      2152.0   ms
success		1       79      4       15      4       0       8818.22   23      2152.0   ms
success		1       80      10      20      5       0       9812.63   22      2152.0   ms
success		1       81      6       16      5       0       9659.94   21      2152.0   ms
success		1       82      6       18      5       0       8325.38   20      2152.0   ms
success		1       83      18      11      6       0       7874.09   19      2152.0   ms
success		1       84      12      18      7       0       7963.99   18      2168.0   ms
success		1       85      13      14      6       0       7413.24   17      2168.0   ms
success		1       86      41      14      5       0       7001.77   16      2215.0   ms
success		1       87      96      2       7       0       6439.17   15      2340.0   ms
success		1       88      68      5       8       0       5918.16   14      2449.0   ms
success		1       0       1       92      1       0       23133.26  104     3900.0   ms
success		1       1       1       93      1       0       22983.02  103     3900.0   ms
success		1       2       1       6       1       0       22816.66  102     3900.0   ms
success		1       3       1       4       1       0       22954.50  101     3900.0   ms
success		1       4       1       12      1       0       22836.56  100     3900.0   ms
success		1       5       1       18      1       0       22747.41  99      3900.0   ms
success		1       6       1       84      1       0       22616.64  98      3900.0   ms
success		1       7       1       71      1       0       22478.79  97      3900.0   ms
success		1       8       1       95      1       0       21965.09  96      3900.0   ms
success		1       9       1       38      1       0       21801.81  95      3900.0   ms
success		1       10      1       5       1       0       21712.59  94      3900.0   ms
success		1       11      1       58      1       0       21558.44  93      3900.0   ms
success		1       12      1       73      1       0       21425.22  92      3900.0   ms
success		1       13      1       83      1       0       21196.70  91      3900.0   ms
success		1       14      1       79      1       0       20853.73  90      3900.0   ms
success		1       15      1       34      1       0       20652.74  89      3900.0   ms
success		1       16      1       5       1       0       20470.36  88      3900.0   ms
success		1       17      1       65      1       0       20279.03  87      3900.0   ms
success		1       18      1       68      1       0       20217.47  86      3900.0   ms
success		1       19      1       57      1       0       20058.94  85      3900.0   ms
success		1       20      1       41      1       0       19946.80  84      3900.0   ms
success		1       21      1       56      1       0       19752.72  83      3900.0   ms
success		1       22      1       81      1       0       19596.70  82      3900.0   ms
success		1       23      2       40      2       0       19499.33  81      3900.0   ms
success		1       24      1       49      1       0       19231.88  80      3900.0   ms
success		1       25      1       30      1       0       18925.36  79      3900.0   ms
success		1       26      1       29      1       0       18753.25  78      3900.0   ms
success		1       27      2       24      2       0       18553.52  77      3900.0   ms
success		1       28      1       17      1       0       18590.45  76      3900.0   ms
success		1       29      1       36      1       0       18364.27  75      3900.0   ms
success		1       30      1       3       1       0       18261.39  74      3900.0   ms
success		1       31      1       3       1       0       18044.59  73      3900.0   ms
success		1       32      2       56      2       0       17802.60  72      3900.0   ms
success		1       33      1       29      1       0       17655.51  71      3900.0   ms
success		1       34      2       50      2       0       17491.74  70      3900.0   ms
success		1       35      1       4       1       0       17389.66  69      3900.0   ms
success		1       36      2       36      2       0       17047.53  68      3900.0   ms
success		1       37      1       60      1       0       16899.79  67      3900.0   ms
success		1       38      2       9       2       0       16861.41  66      3900.0   ms
success		1       39      1       22      1       0       16549.98  65      3900.0   ms
success		1       40      1       5       1       0       16285.82  64      3900.0   ms
success		1       41      1       37      1       0       16009.94  63      3900.0   ms
success		1       42      1       27      1       0       15836.51  62      3900.0   ms
success		1       43      3       34      3       0       15545.28  61      3900.0   ms
success		1       44      3       55      3       0       15181.39  60      3900.0   ms
success		1       45      1       36      1       0       14652.58  59      3900.0   ms
success		1       46      1       50      1       0       14572.64  58      3900.0   ms
success		1       47      1       55      1       0       14315.94  57      3900.0   ms
success		1       48      3       30      3       0       14191.71  56      3900.0   ms
success		1       49      3       25      3       0       14091.45  55      3900.0   ms
success		1       50      2       10      2       0       13930.03  54      3900.0   ms
success		1       51      1       19      1       0       13896.02  53      3900.0   ms
success		1       52      1       45      1       0       13557.23  52      3900.0   ms
success		1       53      2       16      2       0       13355.05  51      3900.0   ms
success		1       54      2       0       2       0       13101.77  50      3900.0   ms
success		1       55      3       10      3       0       12769.69  49      3900.0   ms
success		1       56      1       1       1       0       12534.13  48      3900.0   ms
success		1       57      2       40      2       0       12454.66  47      3900.0   ms
success		1       58      2       40      2       0       12267.53  46      3900.0   ms
success		1       59      2       6       2       0       12205.30  45      3900.0   ms
success		1       60      1       28      1       0       12283.61  44      3900.0   ms
success		1       61      2       7       2       0       12162.93  43      3900.0   ms
success		1       62      3       35      3       0       12023.19  42      3900.0   ms
success		1       63      2       16      2       0       11672.80  41      3900.0   ms
success		1       64      2       14      2       0       11737.06  40      3900.0   ms
success		1       65      2       2       2       0       11498.25  39      3900.0   ms
success		1       66      3       5       3       0       11150.23  38      3900.0   ms
success		1       67      2       15      2       0       10908.19  37      3900.0   ms
success		1       68      1       28      1       0       10813.46  36      3900.0   ms
success		1       69      4       2       4       0       10592.12  35      3900.0   ms
success		1       70      2       14      2       0       10714.86  34      3900.0   ms
success		1       71      4       15      4       0       10286.25  33      3900.0   ms
success		1       72      2       8       2       0       10285.88  32      3900.0   ms
success		1       73      4       28      3       0       11884.14  31      3900.0   ms
success		1       74      5       30      5       0       11598.70  30      3900.0   ms
success		1       75      3       7       3       0       11227.40  29      3900.0   ms
success		1       76      2       0       2       0       11056.69  28      3900.0   ms
success		1       77      8       5       4       0       11161.12  27      3900.0   ms
success		1       78      4       25      4       0       10467.19  26      3900.0   ms
success		1       79      5       18      5       0       10106.19  25      3900.0   ms
success		1       80      5       11      3       0       9766.32   24      3915.0   ms
success		1       81      6       23      5       0       9410.49   23      3915.0   ms
success		1       82      5       0       3       0       9367.97   22      3915.0   ms
success		1       83      10      9       6       0       8640.87   21      3915.0   ms
success		1       84      11      18      6       0       8365.69   20      3915.0   ms
success		1       85      16      18      4       0       8003.07   19      3915.0   ms
success		1       86      12      2       6       0       7717.56   18      3931.0   ms
success		1       87      40      16      5       0       7589.55   17      3962.0   ms
success		1       88      35      16      6       0       6594.00   16      3993.0   ms
success		1       89      96      15      6       0       6527.63   15      4118.0   ms
success		1       90      225     2       8       0       6160.42   14      4414.0   ms
success		1       0       1       55      1       0       22740.68  104     5756.0   ms
success		1       1       1       76      1       0       22562.31  103     5756.0   ms
success		1       2       1       31      1       0       22455.29  102     5756.0   ms
success		1       3       1       86      1       0       22175.53  101     5756.0   ms
success		1       4       1       87      1       0       21985.40  100     5756.0   ms
success		1       5       1       10      1       0       21873.19  99      5756.0   ms
success		1       6       1       95      1       0       21596.85  98      5756.0   ms
success		1       7       1       81      1       0       21448.69  97      5756.0   ms
success		1       8       1       59      1       0       21056.13  96      5756.0   ms
success		1       9       1       24      1       0       20962.21  95      5756.0   ms
success		1       10      1       50      1       0       20863.79  94      5756.0   ms
success		1       11      1       19      1       0       20588.61  93      5756.0   ms
success		1       12      1       52      1       0       20448.67  92      5756.0   ms
success		1       13      1       64      1       0       20254.19  91      5756.0   ms
success		1       14      2       57      2       0       20092.45  90      5756.0   ms
success		1       15      1       22      1       0       19923.68  89      5756.0   ms
success		1       16      1       76      1       0       19573.38  88      5756.0   ms
success		1       17      1       4       1       0       19441.71  87      5756.0   ms
success		1       18      1       42      1       0       19444.97  86      5756.0   ms
success		1       19      1       55      1       0       19355.23  85      5756.0   ms
success		1       20      1       16      1       0       19138.66  84      5756.0   ms
success		1       21      1       4       1       0       19035.70  83      5756.0   ms
success		1       22      1       10      1       0       18869.71  82      5756.0   ms
success		1       23      1       42      1       0       18730.93  81      5756.0   ms
success		1       24      1       51      1       0       18546.66  80      5756.0   ms
success		1       25      1       30      1       0       18414.54  79      5756.0   ms
success		1       26      1       76      1       0       18258.52  78      5756.0   ms
success		1       27      1       23      1       0       18160.65  77      5756.0   ms
success		1       28      1       15      1       0       17988.71  76      5756.0   ms
success		1       29      1       6       1       0       17785.91  75      5756.0   ms
success		1       30      2       55      2       0       17748.26  74      5756.0   ms
success		1       31      1       18      1       0       17600.61  73      5756.0   ms
success		1       32      1       57      1       0       17385.52  72      5756.0   ms
success		1       33      2       44      2       0       17307.10  71      5756.0   ms
success		1       34      1       18      1       0       17108.27  70      5756.0   ms
success		1       35      1       48      1       0       16861.25  69      5756.0   ms
success		1       36      3       39      3       0       16450.92  68      5756.0   ms
success		1       37      1       33      1       0       16110.50  67      5756.0   ms
success		1       38      3       3       3       0       15912.67  66      5756.0   ms
success		1       39      1       58      1       0       15663.58  65      5756.0   ms
success		1       40      1       8       1       0       15522.41  64      5756.0   ms
success		1       41      2       6       2       0       15223.75  63      5756.0   ms
success		1       42      1       50      1       0       14971.67  62      5756.0   ms
success		1       43      1       25      1       0       14853.52  61      5756.0   ms
success		1       44      1       53      1       0       14429.91  60      5756.0   ms
success		1       45      2       43      2       0       14115.96  59      5756.0   ms
success		1       46      1       22      1       0       13957.10  58      5756.0   ms
success		1       47      1       11      1       0       13772.16  57      5756.0   ms
success		1       48      2       24      2       0       13697.59  56      5756.0   ms
success		1       49      2       36      2       0       13662.19  55      5756.0   ms
success		1       50      2       43      2       0       13409.14  54      5756.0   ms
success		1       51      2       13      2       0       13309.78  53      5756.0   ms
success		1       52      2       37      2       0       13011.00  52      5756.0   ms
success		1       53      2       34      2       0       12787.35  51      5756.0   ms
success		1       54      1       38      1       0       12603.31  50      5756.0   ms
success		1       55      3       14      3       0       12730.02  49      5756.0   ms
success		1       56      2       8       2       0       12689.32  48      5756.0   ms
success		1       57      3       29      3       0       12661.12  47      5756.0   ms
success		1       58      2       37      2       0       12552.21  46      5756.0   ms
success		1       59      3       19      3       0       12242.37  45      5756.0   ms
success		1       60      2       10      2       0       12094.09  44      5756.0   ms
success		1       61      4       20      4       0       11702.30  43      5756.0   ms
success		1       62      3       41      2       0       12987.09  41      5756.0   ms
success		1       63      2       33      2       0       12825.49  40      5756.0   ms
success		1       64      2       28      2       0       12469.94  39      5756.0   ms
success		1       65      2       4       2       0       12349.38  38      5756.0   ms
success		1       66      2       17      2       0       12202.27  37      5756.0   ms
success		1       67      1       29      1       0       12081.09  36      5756.0   ms
success		1       68      3       35      3       0       11646.11  35      5756.0   ms
success		1       69      4       32      2       0       12448.37  34      5756.0   ms
success		1       70      4       2       4       0       11563.33  33      5756.0   ms
success		1       71      4       32      4       0       11291.74  32      5756.0   ms
success		1       72      2       31      2       0       11032.09  31      5756.0   ms
success		1       73      2       13      2       0       10776.69  30      5772.0   ms
success		1       74      4       28      4       0       10297.38  29      5772.0   ms
success		1       75      3       20      3       0       10178.07  28      5772.0   ms
success		1       76      4       22      2       0       10937.96  27      5772.0   ms
success		1       77      4       13      4       0       10452.30  26      5772.0   ms
success		1       78      2       14      2       0       9971.22   25      5772.0   ms
success		1       79      6       23      6       0       9476.86   24      5772.0   ms
success		1       80      6       10      4       0       9506.34   23      5772.0   ms
success		1       81      4       12      4       0       9036.05   22      5772.0   ms
success		1       82      8       13      5       0       8581.98   21      5772.0   ms
success		1       83      5       5       5       0       8246.89   20      5772.0   ms
success		1       84      11      18      4       0       7699.92   19      5772.0   ms
success		1       85      8       17      5       0       7284.45   18      5772.0   ms
success		1       86      28      7       8       0       7660.01   17      5787.0   ms
success		1       87      22      16      4       0       6763.69   16      5803.0   ms
success		1       88      356     0       8       0       6486.66   15      6271.0   ms
success		1       0       1       82      1       0       23184.63  104     7612.0   ms
success		1       1       1       62      1       0       22806.97  103     7612.0   ms
success		1       2       1       2       1       0       22588.08  102     7612.0   ms
success		1       3       1       96      1       0       22435.99  101     7612.0   ms
success		1       4       1       11      1       0       21862.26  100     7612.0   ms
success		1       5       1       8       1       0       21642.22  99      7612.0   ms
success		1       6       1       32      1       0       21470.11  98      7612.0   ms
success		1       7       1       50      1       0       21312.05  97      7612.0   ms
success		1       8       1       52      1       0       20978.12  96      7612.0   ms
success		1       9       1       84      1       0       20865.12  95      7612.0   ms
success		1       10      1       21      1       0       20631.39  94      7612.0   ms
success		1       11      2       5       2       0       20342.35  93      7612.0   ms
success		1       12      2       63      2       0       20124.40  92      7612.0   ms
success		1       13      2       41      2       0       20081.94  91      7612.0   ms
success		1       14      1       48      1       0       19952.31  90      7612.0   ms
success		1       15      1       66      1       0       19935.94  89      7612.0   ms
success		1       16      1       60      1       0       19786.92  88      7612.0   ms
success		1       17      1       27      1       0       19779.74  87      7612.0   ms
success		1       18      3       37      3       0       19442.14  86      7612.0   ms
success		1       19      2       80      2       0       19157.63  85      7612.0   ms
success		1       20      1       40      1       0       18836.85  84      7612.0   ms
success		1       21      1       43      1       0       18833.07  83      7612.0   ms
success		1       22      1       70      1       0       18702.95  82      7612.0   ms
success		1       23      1       63      1       0       18524.50  81      7612.0   ms
success		1       24      1       4       1       0       18397.54  80      7612.0   ms
success		1       25      1       43      1       0       18146.90  79      7612.0   ms
success		1       26      2       29      2       0       17787.42  78      7612.0   ms
success		1       27      1       32      1       0       17556.62  77      7612.0   ms
success		1       28      1       42      1       0       17339.11  76      7612.0   ms
success		1       29      1       70      1       0       17377.85  75      7628.0   ms
success		1       30      1       37      1       0       17475.25  74      7628.0   ms
success		1       31      2       6       2       0       17373.17  73      7628.0   ms
success		1       32      4       55      4       0       17142.44  72      7628.0   ms
success		1       33      2       31      2       0       16781.11  71      7628.0   ms
success		1       34      1       64      1       0       16698.59  70      7628.0   ms
success		1       35      1       42      1       0       16437.00  69      7628.0   ms
success		1       36      2       21      2       0       16362.56  68      7628.0   ms
success		1       37      2       44      2       0       16072.04  67      7628.0   ms
success		1       38      1       20      1       0       15839.33  66      7628.0   ms
success		1       39      2       25      2       0       15751.31  65      7628.0   ms
success		1       40      1       62      1       0       15595.29  64      7628.0   ms
success		1       41      2       14      2       0       15300.63  63      7628.0   ms
success		1       42      1       26      1       0       15112.00  62      7628.0   ms
success		1       43      1       32      1       0       14798.00  61      7628.0   ms
success		1       44      1       13      1       0       14694.52  60      7628.0   ms
success		1       45      3       24      3       0       14780.40  59      7628.0   ms
success		1       46      2       11      2       0       14681.39  58      7628.0   ms
success		1       47      1       36      1       0       14394.07  57      7628.0   ms
success		1       48      2       56      2       0       14146.78  56      7628.0   ms
success		1       49      2       28      2       0       13941.05  55      7628.0   ms
success		1       50      1       16      1       0       13913.36  54      7628.0   ms
success		1       51      2       35      2       0       13830.48  53      7628.0   ms
success		1       52      1       11      1       0       13630.09  52      7628.0   ms
success		1       53      3       3       3       0       13439.55  51      7628.0   ms
success		1       54      2       46      2       0       13316.81  50      7628.0   ms
success		1       55      1       38      1       0       12997.97  49      7628.0   ms
success		1       56      2       22      2       0       12912.31  48      7628.0   ms
success		1       57      2       11      2       0       13030.44  47      7628.0   ms
success		1       58      3       18      3       0       13121.01  46      7628.0   ms
success		1       59      3       42      3       0       12715.85  45      7628.0   ms
success		1       60      4       41      4       0       12428.88  44      7628.0   ms
success		1       61      3       16      3       0       11940.91  43      7628.0   ms
success		1       62      2       28      2       0       11696.22  42      7628.0   ms
success		1       63      2       20      2       0       11516.86  41      7628.0   ms
success		1       64      5       18      5       0       11499.47  40      7628.0   ms
success		1       65      2       24      2       0       11401.01  39      7628.0   ms
success		1       66      2       0       2       0       11095.65  38      7628.0   ms
success		1       67      3       13      3       0       11166.89  37      7628.0   ms
success		1       68      2       35      2       0       11149.45  36      7628.0   ms
success		1       69      3       24      3       0       10858.56  35      7628.0   ms
success		1       70      3       3       3       0       10680.55  34      7628.0   ms
success		1       71      4       3       4       0       10465.02  33      7628.0   ms
success		1       72      2       30      2       0       10624.75  32      7628.0   ms
success		1       73      6       7       5       0       11343.75  30      7628.0   ms
success		1       74      5       6       5       0       10573.39  29      7628.0   ms
success		1       75      5       3       3       0       10872.19  28      7628.0   ms
success		1       76      4       2       4       0       10487.88  27      7628.0   ms
success		1       77      4       25      4       0       10027.91  26      7628.0   ms
success		1       78      3       20      3       0       9475.42   25      7628.0   ms
success		1       79      5       6       5       0       9279.13   24      7628.0   ms
success		1       80      4       9       4       0       9236.91   23      7628.0   ms
success		1       81      6       6       4       0       9232.69   22      7628.0   ms
success		1       82      4       20      3       0       9091.76   21      7628.0   ms
success		1       83      13      15      6       0       8415.06   20      7628.0   ms
success		1       84      21      4       7       0       8400.57   19      7644.0   ms
success		1       85      10      11      5       0       7516.79   18      7644.0   ms
success		1       86      17      15      4       0       7224.29   17      7659.0   ms
success		1       87      12      12      6       0       7149.61   16      7675.0   ms
success		1       88      99      5       9       0       6542.54   15      7800.0   ms
success		1       0       1       12      1       0       22986.33  104     8985.0   ms
success		1       1       1       2       1       0       22815.92  103     8985.0   ms
success		1       2       1       69      1       0       22666.90  102     8985.0   ms
success		1       3       1       14      1       0       22514.25  101     8985.0   ms
success		1       4       1       48      1       0       22240.28  100     8985.0   ms
success		1       5       1       68      1       0       22143.55  99      8985.0   ms
success		1       6       1       4       1       0       21926.75  98      8985.0   ms
success		1       7       1       31      1       0       21754.65  97      8985.0   ms
success		1       8       1       71      1       0       21647.10  96      8985.0   ms
success		1       9       1       41      1       0       21560.00  95      8985.0   ms
success		1       10      1       55      1       0       21328.99  94      8985.0   ms
success		1       11      1       48      1       0       21089.47  93      8985.0   ms
success		1       12      1       89      1       0       20913.38  92      8985.0   ms
success		1       13      1       36      1       0       20646.80  91      8985.0   ms
success		1       14      1       37      1       0       20404.38  90      8985.0   ms
success		1       15      1       4       1       0       20238.02  89      8985.0   ms
success		1       16      2       1       2       0       19897.44  88      8985.0   ms
success		1       17      2       34      2       0       19754.10  87      8985.0   ms
success		1       18      1       0       1       0       19572.93  86      8985.0   ms
success		1       19      1       38      1       0       19482.37  85      8985.0   ms
success		1       20      2       25      2       0       19350.99  84      8985.0   ms
success		1       21      1       17      1       0       19179.88  83      8985.0   ms
success		1       22      1       23      1       0       19072.87  82      8985.0   ms
success		1       23      1       81      1       0       18761.06  81      8985.0   ms
success		1       24      1       49      1       0       18705.20  80      8985.0   ms
success		1       25      1       30      1       0       18620.34  79      8985.0   ms
success		1       26      1       28      1       0       18374.78  78      8985.0   ms
success		1       27      2       57      2       0       18248.91  77      8985.0   ms
success		1       28      1       54      1       0       18052.46  76      8985.0   ms
success		1       29      1       9       1       0       18015.73  75      8985.0   ms
success		1       30      1       6       1       0       17619.26  74      8985.0   ms
success		1       31      1       73      1       0       17433.42  73      8985.0   ms
success		1       32      2       2       2       0       17411.82  72      8985.0   ms
success		1       33      1       21      1       0       17150.41  71      8985.0   ms
success		1       34      2       55      2       0       17092.79  70      8985.0   ms
success		1       35      1       4       1       0       16899.36  69      8985.0   ms
success		1       36      2       29      2       0       16743.71  68      8985.0   ms
success		1       37      1       48      1       0       16867.57  67      8985.0   ms
success		1       38      2       18      2       0       16807.13  66      8985.0   ms
success		1       39      2       8       2       0       16581.10  65      8985.0   ms
success		1       40      3       4       3       0       16135.80  64      8985.0   ms
success		1       41      4       16      4       0       16171.11  63      8985.0   ms
success		1       42      1       32      1       0       15907.34  62      8985.0   ms
success		1       43      1       37      1       0       15597.19  61      8985.0   ms
success		1       44      2       56      2       0       15420.31  60      8985.0   ms
success		1       45      1       46      1       0       15250.00  59      8985.0   ms
success		1       46      2       42      2       0       14980.34  58      8985.0   ms
success		1       47      1       50      1       0       14874.92  57      8985.0   ms
success		1       48      2       20      2       0       14653.97  56      8985.0   ms
success		1       49      2       33      2       0       14443.70  55      8985.0   ms
success		1       50      1       13      1       0       14376.53  54      8985.0   ms
success		1       51      2       11      2       0       14277.37  53      8985.0   ms
success		1       52      3       24      3       0       14184.91  52      8985.0   ms
success		1       53      1       42      1       0       14066.59  51      8985.0   ms
success		1       54      2       10      2       0       13935.91  50      8985.0   ms
success		1       55      1       39      1       0       13692.98  49      8985.0   ms
success		1       56      2       1       2       0       13456.26  48      8985.0   ms
success		1       57      2       30      2       0       13167.07  47      8985.0   ms
success		1       58      3       39      3       0       12788.38  46      9001.0   ms
success		1       59      3       44      3       0       12723.98  45      9001.0   ms
success		1       60      4       38      4       0       12342.96  44      9001.0   ms
success		1       61      5       20      5       0       12283.12  43      9001.0   ms
success		1       62      2       31      2       0       12158.15  42      9001.0   ms
success		1       63      3       11      3       0       12117.51  41      9001.0   ms
success		1       64      3       6       3       0       12066.50  40      9001.0   ms
success		1       65      2       16      2       0       11771.77  39      9001.0   ms
success		1       66      2       11      2       0       11429.87  38      9001.0   ms
success		1       67      4       27      4       0       10987.99  37      9001.0   ms
success		1       68      2       30      2       0       10807.03  36      9001.0   ms
success		1       69      2       19      2       0       10623.49  35      9001.0   ms
success		1       70      2       8       2       0       10286.27  34      9001.0   ms
success		1       71      2       24      2       0       10194.69  33      9001.0   ms
success		1       72      3       6       3       0       9900.48   32      9001.0   ms
success		1       73      4       5       4       0       10154.72  31      9001.0   ms
success		1       74      3       2       3       0       10014.38  30      9001.0   ms
success		1       75      3       19      3       0       9743.83   29      9001.0   ms
success		1       76      4       28      4       0       9500.61   28      9001.0   ms
success		1       77      6       13      6       0       9385.79   27      9001.0   ms
success		1       78      4       18      2       0       10266.95  25      9001.0   ms
success		1       79      3       3       3       0       9911.55   24      9001.0   ms
success		1       80      8       15      6       0       9208.77   23      9001.0   ms
success		1       81      4       4       4       0       8605.69   22      9001.0   ms
success		1       82      5       21      5       0       8337.99   21      9001.0   ms
success		1       83      8       0       4       0       8270.73   20      9001.0   ms
success		1       84      13      17      6       0       8364.70   19      9001.0   ms
success		1       85      21      12      5       0       7736.75   18      9016.0   ms
success		1       86      8       4       6       0       7456.31   17      9016.0   ms
success		1       87      12      5       6       0       6939.72   16      9032.0   ms
success		1       88      310     8       8       0       6495.64   15      9781.0   ms
cross iterater0
ab
ab6	5
ab7	3
fail		5986.38   6325.62   14      12979.0  ms
cross iterater1
rand   	success		5861.13   6392.41   14      13587.0  ms cross
rand   	success		5531.04   5986.74   14      13665.0  ms cross
ab
ab6	0
ab7	4
fail		5690.82   6065.49   14      15287.0  ms
fail		5692.61   6100.54   14      16785.0  ms
fail		5831.79   6211.48   14      17986.0  ms
cross iterater2
rand   	success		5738.91   5728.98   14      18688.0  ms cross
rand   	success		5440.57   5780.18   14      18688.0  ms cross
ab
ab7	4
ab6	2
fail		5822.17   6166.12   14      20061.0  ms
fail		5504.54   5942.02   14      21480.0  ms
cross iterater3
rand   	success		5910.15   6088.24   14      21792.0  ms cross
rand   	success		6016.79   6196.09   14      22276.0  ms cross
ab
ab7	3
fail		5771.11   6075.71   14      23680.0  ms
cross iterater4
rand   	fail		6004.51   6381.11   15      25178.0  ms cross
rand   	success		5727.61   5776.50   14      25302.0  ms cross
ab
ab7	3
cross iterater5
rand   	success		5703.03   5645.94   14      25302.0  ms cross
rand   	fail		6057.49   6369.54   15      26613.0  ms cross
ab
ab7	2
fail		5910.15   6353.93   14      27970.0  ms
cross iterater6
rand   	fail		5736.95   6368.70   15      29265.0  ms cross
rand   	success		5576.10   6012.21   14      29514.0  ms cross
ab
ab6	3
ab7	2
fail		5695.71   6060.41   14      30825.0  ms
fail		5703.03   6121.37   14      32213.0  ms
cross iterater7
rand   	success		5781.20   5530.25   14      32213.0  ms cross
rand   	success		5683.56   5587.00   14      32213.0  ms cross
ab
ab6	1
fail		5746.44   6048.35   14      33492.0  ms
fail		5695.71   6060.41   14      34865.0  ms
cross iterater8
rand   	success		5761.26   5930.11   14      35161.0  ms cross
rand   	success		5544.49   5971.16   14      35161.0  ms cross
ab
ab6	2
fail		5436.16   5984.12   14      36503.0  ms
fail		5515.72   5878.76   14      37689.0  ms
cross iterater9
rand   	success		5672.08   5891.34   14      37829.0  ms cross
rand   	success		5755.46   6120.42   14      37829.0  ms cross
ab
ab6	4
ab7	0
cross iterater10
rand   	
rand   	success		6019.42   6025.07   14      39467.0  ms cross
ab
ab6	5
ab7	3
cross iterater11
ab
fail		5322.52   5867.55   14      40808.0  ms
cross iterater12
ab
ab7	5
fail		5695.18   6106.06   14      42446.0  ms
fail		5514.79   6170.57   14      43991.0  ms
cross iterater13
rand   	success		5631.90   5826.96   14      44006.0  ms cross
rand   	success		5476.82   5949.70   14      44006.0  ms cross
ab
ab6	1
cross iterater14
ab
ab6	1
fail		5564.92   6079.50   14      45598.0  ms
fail		5710.74   6222.09   14      46674.0  ms
fail		5493.52   6027.11   14      48094.0  ms
fail		5507.84   5981.83   14      49404.0  ms
cross iterater15
rand   	success		5698.59   6099.99   14      49435.0  ms cross
rand   	success		5823.67   5994.94   14      49435.0  ms cross
ab
ab7	0
ab6	2
fail		5535.64   6048.43   14      50901.0  ms
fail		5493.52   6027.11   14      52337.0  ms
cross iterater16
rand   	success		5711.14   6072.24   14      52337.0  ms cross
rand   	fail		5908.23   6421.33   15      53397.0  ms cross
ab
ab6	5
ab7	2
cross iterater17
ab
ab6	2
fail		5484.60   5921.57   14      54723.0  ms
cross iterater18
rand   	success		6026.81   6149.92   14      54926.0  ms cross
rand   	success		5508.64   5711.22   14      55566.0  ms cross
ab
ab6	3
ab7	1
fail		5484.60   5921.57   14      57126.0  ms
cross iterater19
rand   	fail		5663.11   6092.95   15      58608.0  ms cross
rand   	success		5866.57   6051.55   14      59123.0  ms cross
ab
ab6	2
ab7	1
fail		5872.32   6411.53   14      61135.0  ms
cross iterater20
ab
ab6	4
ab7	3
cross iterater21
rand   	success		5856.98   5774.19   14      61135.0  ms cross
rand   	success		5892.24   5660.11   14      61338.0  ms cross
ab
ab6	3
fail		5664.40   6037.32   14      62773.0  ms
cross iterater22
rand   	success		5765.81   6005.04   14      62851.0  ms cross
rand   	success		5998.81   5931.18   14      62944.0  ms cross
ab
ab7	3
ab6	2
fail		5384.69   5911.11   14      64317.0  ms
cross iterater23
rand   	success		5771.38   5860.89   14      64317.0  ms cross
rand   	success		5826.15   6226.07   14      64395.0  ms cross
ab
ab7	4
ab6	0
cross iterater24
rand   	success		5693.47   5616.51   14      64395.0  ms cross
rand   	success		5423.71   5996.89   14      64816.0  ms cross
ab
ab6	3
fail		5371.91   6001.22   14      66267.0  ms
fail		5489.44   6093.23   14      67749.0  ms
cross iterater25
rand   	success		5662.28   5785.01   14      67749.0  ms cross
rand   	fail		5854.34   6265.35   15      68919.0  ms cross
ab
ab6	0
cross iterater26
rand   	success		5589.43   5837.08   14      69044.0  ms cross
rand   	success		5705.70   5930.15   14      69060.0  ms cross
ab
fail		5339.83   5761.92   14      70510.0  ms
cross iterater27
rand   	success		5635.20   5872.22   14      70526.0  ms cross
rand   	success		5720.29   5874.07   14      70526.0  ms cross
ab
ab7	4
fail		5512.39   5982.12   14      71727.0  ms
fail		5631.90   6034.38   14      73037.0  ms
cross iterater28
rand   	success		5685.52   6104.97   14      73100.0  ms cross
rand   	success		5434.04   5922.85   14      73100.0  ms cross
ab
ab7	5
ab6	2
fail		5423.54   5853.42   14      74707.0  ms
cross iterater29
rand   	success		5699.35   5898.35   14      75237.0  ms cross
rand   	fail		5778.47   6335.32   15      76485.0  ms cross
ab
ab7	0
cross iterater30
rand   	success		5634.03   6078.97   14      76844.0  ms cross
rand   	success		5938.02   5780.25   14      77140.0  ms cross
ab
ab6	2
ab7	4
cross iterater31
rand   	success		5362.02   5602.65   14      77140.0  ms cross
rand   	success		5325.29   5781.30   14      77140.0  ms cross
ab
fail		5362.02   5956.82   14      78716.0  ms
cross iterater32
rand   	
rand   	success		5859.00   5875.68   14      80245.0  ms cross
ab
ab6	2
fail		5762.67   6169.82   14      81648.0  ms
fail		5938.02   6257.01   14      82974.0  ms
cross iterater33
ab
ab6	3
cross iterater34
ab
ab6	1
cross iterater35
ab
fail		5523.42   5884.28   14      84519.0  ms
fail		5346.17   5792.39   14      85860.0  ms
cross iterater36
rand   	success		6109.86   6086.61   14      85876.0  ms cross
rand   	success		5715.64   6241.27   14      86531.0  ms cross
ab
ab6	3
ab7	2
fail		6080.66   6479.84   14      88044.0  ms
fail		5532.80   6136.34   14      89792.0  ms
fail		5966.27   6338.45   14      91461.0  ms
cross iterater37
ab
ab7	0
fail		5637.55   6214.15   14      92833.0  ms
fail		5698.04   6096.04   14      94222.0  ms
cross iterater38
rand   	success		5859.93   6044.18   14      94222.0  ms cross
rand   	success		6016.07   5803.12   14      94347.0  ms cross
ab
ab6	1
cross iterater39
rand   	success		5754.52   6224.08   14      94986.0  ms cross
rand   	success		5744.24   6106.85   14      95080.0  ms cross
ab
ab6	2
fail		5694.21   5956.14   14      96655.0  ms
cross iterater40
rand   	success		6136.07   6159.44   14      96671.0  ms cross
rand   	success		5930.05   6128.76   14      96843.0  ms cross
ab
ab6	3
cross iterater41
ab
ab6	1
fail		5694.21   5956.14   14      98137.0  ms
cross iterater42
rand   	success		5863.23   6065.57   14      98137.0  ms cross
rand   	success		5959.00   5863.01   14      98153.0  ms cross
ab
cross iterater43
rand   	success		5738.12   5984.43   14      98169.0  ms cross
rand   	success		6072.89   6325.27   14      98949.0  ms cross
ab
ab6	0
fail		5890.42   6309.00   14      100524.0 ms
cross iterater44
rand   	
rand   	success		5850.38   6169.16   14      102334.0 ms cross
ab
ab7	0
cross iterater45
rand   	success		6026.05   5994.32   14      102802.0 ms cross
rand   	fail		6155.05   6582.45   15      104174.0 ms cross
ab
ab6	5
ab7	3
cross iterater46
ab
ab6	4
cross iterater47
rand   	success		5780.68   6005.72   14      105329.0 ms cross
rand   	fail		5925.51   6606.15   15      106686.0 ms cross
ab
ab6	1
fail		5828.58   6245.79   14      108199.0 ms
fail		6026.05   6303.51   14      109478.0 ms
cross iterater48
rand   	fail		5484.48   6005.41   14      110898.0 ms cross
rand   	
ab
ab7	2
fail		5753.72   6289.12   14      113628.0 ms
cross iterater49
rand   	success		5888.78   6243.14   14      113940.0 ms cross
rand   	success		5733.98   6113.85   14      114751.0 ms cross
ab
ab7	2
cross iterater50
rand   	success		5772.62   6220.85   14      115094.0 ms cross
rand   	success		5743.05   6141.58   14      115422.0 ms cross
ab
ab7	0
cross iterater51
rand   	fail		5824.74   6470.73   15      116623.0 ms cross
rand   	success		5737.28   6011.70   14      116701.0 ms cross
ab
ab6	4
ab7	5
fail		5705.81   6027.65   14      118058.0 ms
fail		5852.89   6162.50   14      119462.0 ms
cross iterater52
rand   	success		5730.62   5985.76   14      119540.0 ms cross
rand   	success		5863.20   5832.90   14      119587.0 ms cross
ab
ab6	3
fail		5530.56   5912.35   14      120960.0 ms
cross iterater53
rand   	success		5663.53   5738.46   14      121334.0 ms cross
rand   	success		5283.19   5739.25   14      121334.0 ms cross
ab
ab7	3
ab6	4
fail		5737.33   6247.81   14      122832.0 ms
fail		5283.19   5787.70   14      124173.0 ms
cross iterater54
rand   	success		5863.60   6038.01   14      125203.0 ms cross
rand   	success		5729.13   6003.77   14      125203.0 ms cross
ab
ab7	0
fail		5501.77   5922.20   14      126576.0 ms
fail		5729.13   6252.65   14      128479.0 ms
fail		5530.56   5912.35   14      130678.0 ms
cross iterater55
rand   	success		5781.07   6038.52   14      130741.0 ms cross
rand   	success		5865.44   6080.41   14      131614.0 ms cross
ab
ab6	1
fail		5501.77   5922.20   14      132862.0 ms
cross iterater56
rand   	success		5691.74   6182.35   14      133112.0 ms cross
rand   	success		5850.69   6077.03   14      133907.0 ms cross
ab
ab6	5
ab7	4
fail		5894.14   6307.11   14      135655.0 ms
cross iterater57
rand   	success		5787.76   6035.60   14      135951.0 ms cross
rand   	success		5931.72   5905.67   14      136263.0 ms cross
ab
ab7	0
fail		5908.69   6294.80   14      137792.0 ms
cross iterater58
rand   	success		5808.24   6177.68   14      138010.0 ms cross
rand   	success		5840.92   6133.93   14      138899.0 ms cross
ab
ab6	5
fail		5840.92   6358.57   14      140381.0 ms
fail		5863.20   6333.60   14      141801.0 ms
cross iterater59
rand   	success		5836.76   5857.78   14      141817.0 ms cross
rand   	success		5832.37   6002.33   14      141817.0 ms cross
ab
ab6	3
fail		5832.37   6292.51   14      143376.0 ms
fail		5836.76   6193.13   14      144983.0 ms
cross iterater60
ab
ab6	1
fail		5659.47   6086.21   14      146294.0 ms
fail		6031.77   6394.57   14      147635.0 ms
cross iterater61
rand   	success		5748.33   6108.52   14      147635.0 ms cross
rand   	success		5803.99   6028.07   14      147666.0 ms cross
ab
ab7	2
ab6	5
cross iterater62
ab
ab7	5
fail		5715.44   6042.74   14      148946.0 ms
fail		5931.72   6292.63   14      150303.0 ms
cross iterater63
rand   	success		5644.59   5430.84   14      150771.0 ms cross
rand   	success		6036.86   6183.34   14      150818.0 ms cross
ab
ab7	2
cross iterater64
rand   	success		5746.15   6286.53   14      150818.0 ms cross
rand   	success		5817.00   5960.34   14      151176.0 ms cross
ab
ab7	3
fail		5715.44   6042.74   14      152487.0 ms
cross iterater65
rand   	fail		6063.20   6370.18   15      153797.0 ms cross
rand   	success		5378.31   5947.79   14      153969.0 ms cross
ab
ab6	2
fail		6010.45   6319.34   14      155513.0 ms
fail		5644.59   6047.26   14      156979.0 ms
cross iterater66
rand   	success		6030.15   5931.73   14      157042.0 ms cross
rand   	fail		5924.78   6347.58   15      158337.0 ms cross
ab
ab6	3
ab7	0
fail		5384.06   5792.11   14      159741.0 ms
cross iterater67
rand   	success		5843.41   6093.91   14      160505.0 ms cross
rand   	success		5581.69   5906.70   14      160567.0 ms cross
ab
ab7	3
fail		5817.00   6177.62   14      162658.0 ms
cross iterater68
rand   	success		5856.77   5880.26   14      163360.0 ms cross
rand   	success		5960.39   5707.10   14      163453.0 ms cross
ab
ab7	2
cross iterater69
rand   	fail		5392.36   5771.30   14      164670.0 ms cross
rand   	fail		5636.34   6019.03   14      166480.0 ms cross
ab
ab7	5
ab6	1
cross iterater70
rand   	success		5701.19   6082.33   14      166511.0 ms cross
rand   	success		6095.61   6033.75   14      166526.0 ms cross
ab
ab6	5
ab7	2
fail		5479.46   5797.73   14      167852.0 ms
cross iterater71
rand   	success		5727.59   5922.28   14      167852.0 ms cross
rand   	success		5782.26   5855.32   14      168040.0 ms cross
ab
ab7	4
cross iterater72
rand   	success		5854.22   6148.88   14      168040.0 ms cross
rand   	success		5666.92   5957.51   14      168102.0 ms cross
ab
ab7	0
ab6	5
fail		5460.38   5961.16   14      169459.0 ms
cross iterater73
rand   	success		5738.95   6025.29   14      169459.0 ms cross
rand   	success		6101.19   6005.73   14      169990.0 ms cross
ab
ab6	1
ab7	4
fail		5782.26   5998.83   14      171721.0 ms
cross iterater74
rand   	success		5770.02   6244.57   14      171721.0 ms cross
rand   	fail		6109.87   6454.40   15      172985.0 ms cross
ab
ab6	1
ab7	0
fail		5426.36   5886.56   14      174280.0 ms
cross iterater75
rand   	success		5885.87   5768.46   14      174280.0 ms cross
rand   	success		5737.65   5711.66   14      174981.0 ms cross
ab
ab6	4
ab7	2
fail		5384.06   5792.11   14      176323.0 ms
cross iterater76
rand   	success		5795.28   5815.80   14      176729.0 ms cross
rand   	success		5913.26   5872.83   14      177774.0 ms cross
ab
ab7	1
ab6	0
cross iterater77
rand   	success		5858.11   5992.51   14      178008.0 ms cross
rand   	success		5922.24   6360.14   14      178055.0 ms cross
ab
ab7	1
ab6	4
fail		5350.29   5845.13   14      179365.0 ms
cross iterater78
rand   	success		5532.19   5953.69   14      179365.0 ms cross
rand   	success		5280.99   5416.68   14      179365.0 ms cross
ab
ab7	5
ab6	3
fail		5467.57   5894.09   14      180816.0 ms
fail		5679.41   6130.82   14      182064.0 ms
cross iterater79
rand   	success		5543.40   5938.42   14      182282.0 ms cross
rand   	fail		6111.63   6428.88   15      183873.0 ms cross
ab
ab7	4
ab6	1
fail		5293.40   5646.74   14      185964.0 ms
fail		5651.69   5871.37   14      188163.0 ms
cross iterater80
ab
ab6	3
fail		5986.66   6363.30   14      189552.0 ms
cross iterater81
rand   	success		5726.41   5994.30   14      189786.0 ms cross
rand   	fail		5743.64   6258.61   15      191002.0 ms cross
ab
ab7	4
fail		5837.18   6356.29   14      192921.0 ms
fail		5726.41   6192.23   14      194715.0 ms
cross iterater82
rand   	success		5852.66   5850.67   14      194902.0 ms cross
rand   	success		6066.39   5653.90   14      195620.0 ms cross
ab
ab7	0
cross iterater83
rand   	success		5639.44   5855.45   14      196181.0 ms cross
rand   	success		6066.98   6116.91   14      196228.0 ms cross
ab
ab6	5
ab7	3
fail		5814.29   6276.17   14      198506.0 ms
fail		5470.68   5929.93   14      200191.0 ms
cross iterater84
rand   	success		5888.70   5957.25   14      200440.0 ms cross
rand   	success		6050.47   6185.56   14      201158.0 ms cross
ab
ab7	0
fail		5740.09   6120.13   14      202328.0 ms
fail		5639.44   6184.59   14      203638.0 ms
cross iterater85
rand   	success		5658.76   5975.32   14      203903.0 ms cross
rand   	
ab
ab7	2
ab6	4
fail		5726.01   6207.64   14      206508.0 ms
fail		5470.68   5929.93   14      208521.0 ms
cross iterater86
rand   	success		6013.85   5950.06   14      208677.0 ms cross
rand   	success		5554.85   5880.84   14      210003.0 ms cross
ab
ab7	2
cross iterater87
rand   	success		5828.75   6173.23   14      210393.0 ms cross
rand   	success		5720.15   5969.27   14      211220.0 ms cross
ab
ab6	4
ab7	2
fail		5601.63   5874.22   14      212546.0 ms
fail		5658.76   6196.98   14      213903.0 ms
cross iterater88
rand   	success		5735.15   5898.56   14      213918.0 ms cross
rand   	fail		5653.04   6320.60   15      215135.0 ms cross
ab
ab6	3
ab7	5
cross iterater89
ab
ab6	5
fail		5601.63   5874.22   14      216742.0 ms
cross iterater90
rand   	fail		5758.81   6345.00   15      217959.0 ms cross
rand   	success		5776.31   5914.44   14      218130.0 ms cross
ab
ab6	1
cross iterater91
ab
fail		5647.96   6086.09   14      219363.0 ms
cross iterater92
ab
ab6	4
fail		5601.63   5874.22   14      220704.0 ms
cross iterater93
rand   	success		5782.47   5857.79   14      220704.0 ms cross
rand   	success		5706.03   6195.32   14      221172.0 ms cross
ab
ab6	4
fail		5614.86   5958.11   14      222623.0 ms
cross iterater94
rand   	success		5882.57   6013.53   14      223216.0 ms cross
rand   	success		5848.29   5928.63   14      223216.0 ms cross
ab
ab6	5
ab7	1
fail		5742.33   6190.36   14      224433.0 ms
cross iterater95
rand   	success		5739.82   6087.34   14      224448.0 ms cross
rand   	success		5849.81   6271.55   14      224448.0 ms cross
ab
ab6	1
ab7	4
fail		5622.00   6076.47   14      225821.0 ms
cross iterater96
ab
ab7	0
fail		5781.93   6040.91   14      227256.0 ms
cross iterater97
rand   	success		5608.16   5680.87   14      227896.0 ms cross
rand   	success		5676.31   6022.22   14      228083.0 ms cross
ab
ab7	0
cross iterater98
rand   	success		5673.87   5643.38   14      228098.0 ms cross
rand   	success		5637.99   5823.99   14      228098.0 ms cross
ab
ab6	2
ab7	3
cross iterater99
ab
ab7	5

R.size:14

1		166	82	65	94	109	112	184	196	85	160	
2		47	153	14	171	130	149	93	135	76	42	36	178	
3		131	156	7	18	206	91	111	198	95	80	126	24	
4		140	37	12	204	59	107	188	29	9	129	121	115	144	11	177	67	89	143	
5		154	209	92	147	16	40	98	51	44	83	145	116	205	195	161	41	
6		142	28	6	48	43	180	3	136	203	102	15	148	103	8	34	110	
7		172	197	35	164	25	77	10	181	104	122	113	17	141	120	20	175	
8		100	208	165	45	38	32	23	31	52	55	108	50	200	39	
9		54	66	155	21	173	86	117	74	125	33	194	97	30	201	64	87	
10		88	199	118	176	191	58	134	1	123	71	105	69	
11		163	49	5	62	159	46	138	186	174	137	84	13	60	185	2	202	75	127	
12		182	152	167	27	190	72	124	90	79	78	132	96	26	19	193	170	146	73	63	162	
13		128	168	53	151	189	99	101	192	56	157	81	158	139	114	207	210	150	187	
14		4	57	169	22	183	68	119	70	61	179	133	106	

data1/pdp200/LRC1_2_3.txt
total_cost 5280.986757

