success		1       0       1       61      1       0       187392.60 101     46.0     ms
success		1       1       1       48      1       0       187144.96 100     46.0     ms
success		1       2       1       40      1       0       186710.65 99      46.0     ms
success		1       3       1       13      1       0       185016.43 98      46.0     ms
success		1       4       1       5       1       0       183362.66 97      46.0     ms
success		1       5       1       4       1       0       181091.81 96      46.0     ms
success		1       6       1       67      1       0       179841.55 95      46.0     ms
success		1       7       1       91      1       0       179690.61 94      46.0     ms
success		1       8       1       3       1       0       179427.44 93      46.0     ms
success		1       9       1       16      1       0       176862.97 92      46.0     ms
success		1       10      1       53      1       0       175035.88 91      46.0     ms
success		1       11      1       20      1       0       172537.35 90      46.0     ms
success		1       12      1       28      1       0       171736.90 89      46.0     ms
success		1       13      1       47      1       0       170427.74 88      46.0     ms
success		1       14      2       17      2       0       168176.01 87      46.0     ms
success		1       15      1       37      1       0       165568.37 86      46.0     ms
success		1       16      1       69      1       0       163594.61 85      46.0     ms
success		1       17      1       52      1       0       162627.64 84      46.0     ms
success		1       18      1       3       1       0       161955.72 83      46.0     ms
success		1       19      1       57      1       0       160884.01 82      46.0     ms
success		1       20      2       74      2       0       159693.01 81      46.0     ms
success		1       21      2       80      2       0       157114.00 80      46.0     ms
success		1       22      1       52      1       0       156603.58 79      46.0     ms
success		1       23      2       4       2       0       155751.86 78      46.0     ms
success		1       24      1       41      1       0       154245.67 77      46.0     ms
success		1       25      2       38      2       0       151966.37 76      46.0     ms
success		1       26      1       57      1       0       151011.29 75      46.0     ms
success		1       27      1       1       1       0       150201.31 74      46.0     ms
success		1       28      2       50      2       0       148372.35 73      46.0     ms
success		1       29      1       58      1       0       147281.45 72      46.0     ms
success		1       30      2       20      2       0       144360.56 71      46.0     ms
success		1       31      2       0       2       0       142403.82 70      46.0     ms
success		1       32      1       38      1       0       140194.93 69      46.0     ms
success		1       33      1       28      1       0       138600.41 68      46.0     ms
success		1       34      1       13      1       0       135631.85 67      46.0     ms
success		1       35      1       21      1       0       133506.40 66      62.0     ms
success		1       36      1       60      1       0       132748.51 65      62.0     ms
success		1       37      2       11      2       0       131101.68 64      62.0     ms
success		1       38      2       48      2       0       129109.76 63      62.0     ms
success		1       39      3       10      3       0       126898.44 62      62.0     ms
success		1       40      2       27      2       0       124293.40 61      62.0     ms
success		1       41      5       8       5       0       124080.74 60      62.0     ms
success		1       42      2       55      2       0       121288.96 59      62.0     ms
success		1       43      2       3       2       0       121170.25 58      62.0     ms
success		1       44      1       42      1       0       118955.27 57      62.0     ms
success		1       45      1       35      1       0       116108.52 56      62.0     ms
success		1       46      1       43      1       0       114000.64 55      62.0     ms
success		1       47      2       27      2       0       112306.95 54      62.0     ms
success		1       48      1       12      1       0       110678.56 53      62.0     ms
success		1       49      2       48      2       0       108058.39 52      62.0     ms
success		1       50      2       27      2       0       106563.72 51      62.0     ms
success		1       51      1       43      1       0       104793.31 50      62.0     ms
success		1       52      2       33      2       0       101898.58 49      62.0     ms
success		1       53      3       22      3       0       100895.15 48      62.0     ms
success		1       54      2       37      2       0       98684.56  47      62.0     ms
success		1       55      1       32      1       0       98495.41  46      62.0     ms
success		1       56      2       44      2       0       96929.78  45      62.0     ms
success		1       57      3       27      3       0       94352.02  44      62.0     ms
success		1       58      2       36      2       0       92113.80  43      62.0     ms
success		1       59      2       29      2       0       90811.73  42      62.0     ms
success		1       60      3       26      3       0       89400.93  41      62.0     ms
success		1       61      1       40      1       0       87303.63  40      62.0     ms
success		1       62      2       4       2       0       84707.78  39      62.0     ms
success		1       63      2       29      2       0       82560.70  38      62.0     ms
success		1       64      3       19      3       0       80043.08  37      62.0     ms
success		1       65      4       0       4       0       78244.89  36      62.0     ms
success		1       66      4       0       4       0       76674.71  35      62.0     ms
success		1       67      5       1       5       0       74891.99  34      62.0     ms
success		1       68      2       31      2       0       72607.65  33      62.0     ms
success		1       69      3       12      3       0       69994.53  32      62.0     ms
success		1       70      3       15      2       0       69049.76  30      62.0     ms
success		1       71      1       24      1       0       66438.50  29      62.0     ms
success		1       72      3       26      3       0       63180.41  28      62.0     ms
success		1       73      3       12      3       0       60190.75  27      62.0     ms
success		1       74      4       8       4       0       57589.06  26      62.0     ms
success		1       75      5       3       3       0       56220.10  25      78.0     ms
success		1       76      6       14      6       0       52776.39  24      78.0     ms
success		1       77      5       12      5       0       49616.83  23      78.0     ms
success		1       78      6       8       5       0       47544.02  22      78.0     ms
success		1       79      4       4       4       0       44018.12  21      78.0     ms
success		1       80      5       14      4       0       42864.84  20      78.0     ms
success		1       81      4       14      4       0       40253.77  19      78.0     ms
success		1       82      9       18      6       0       37328.01  18      93.0     ms
success		1       83      8       15      5       0       35160.74  17      93.0     ms
success		1       84      27      7       5       0       31752.50  16      156.0    ms
success		1       85      75      11      9       0       28563.75  15      280.0    ms
success		1       86      50      0       11      0       25742.63  14      343.0    ms
success		1       87      58      13      7       0       23174.31  13      468.0    ms
success		1       0       1       77      1       0       200607.13 101     2371.0   ms
success		1       1       1       66      1       0       199857.81 100     2371.0   ms
success		1       2       1       56      1       0       198747.52 99      2371.0   ms
success		1       3       1       95      1       0       198370.93 98      2371.0   ms
success		1       4       1       36      1       0       196729.19 97      2371.0   ms
success		1       5       1       85      1       0       195587.53 96      2371.0   ms
success		1       6       1       45      1       0       193097.28 95      2371.0   ms
success		1       7       1       75      1       0       190378.54 94      2371.0   ms
success		1       8       1       34      1       0       189257.31 93      2371.0   ms
success		1       9       1       60      1       0       186188.93 92      2371.0   ms
success		1       10      1       73      1       0       184021.23 91      2371.0   ms
success		1       11      1       51      1       0       181616.91 90      2371.0   ms
success		1       12      1       59      1       0       178448.70 89      2371.0   ms
success		1       13      1       68      1       0       177424.10 88      2371.0   ms
success		1       14      1       33      1       0       176362.53 87      2371.0   ms
success		1       15      1       7       1       0       173752.84 86      2371.0   ms
success		1       16      1       45      1       0       172113.62 85      2371.0   ms
success		1       17      1       46      1       0       170642.81 84      2371.0   ms
success		1       18      1       82      1       0       168769.34 83      2371.0   ms
success		1       19      1       19      1       0       165910.54 82      2371.0   ms
success		1       20      2       40      2       0       163359.83 81      2371.0   ms
success		1       21      3       47      3       0       162017.04 80      2371.0   ms
success		1       22      2       47      2       0       161086.59 79      2371.0   ms
success		1       23      2       6       2       0       158661.00 78      2371.0   ms
success		1       24      2       50      2       0       156742.23 77      2371.0   ms
success		1       25      1       14      1       0       156105.48 76      2371.0   ms
success		1       26      1       40      1       0       153952.46 75      2371.0   ms
success		1       27      3       7       3       0       152404.83 74      2371.0   ms
success		1       28      1       3       1       0       151967.00 73      2371.0   ms
success		1       29      1       43      1       0       150065.36 72      2371.0   ms
success		1       30      1       25      1       0       149583.40 71      2371.0   ms
success		1       31      1       2       1       0       147363.65 70      2371.0   ms
success		1       32      2       40      2       0       145955.88 69      2371.0   ms
success		1       33      1       13      1       0       143902.71 68      2371.0   ms
success		1       34      2       33      2       0       141028.30 67      2371.0   ms
success		1       35      2       38      2       0       138146.88 66      2371.0   ms
success		1       36      2       30      2       0       136652.51 65      2371.0   ms
success		1       37      2       24      2       0       133947.82 64      2371.0   ms
success		1       38      2       37      2       0       132733.93 63      2371.0   ms
success		1       39      2       48      2       0       131764.75 62      2371.0   ms
success		1       40      1       5       1       0       129092.35 61      2371.0   ms
success		1       41      2       15      2       0       127804.43 60      2371.0   ms
success		1       42      2       17      2       0       126550.90 59      2371.0   ms
success		1       43      1       53      1       0       125817.31 58      2371.0   ms
success		1       44      3       21      3       0       123929.05 57      2371.0   ms
success		1       45      2       51      2       0       121906.19 56      2371.0   ms
success		1       46      1       46      1       0       119501.88 55      2371.0   ms
success		1       47      2       23      2       0       117808.51 54      2371.0   ms
success		1       48      1       17      1       0       117541.04 53      2371.0   ms
success		1       49      3       25      3       0       115037.46 52      2371.0   ms
success		1       50      2       27      2       0       113980.15 51      2371.0   ms
success		1       51      2       45      2       0       112541.86 50      2371.0   ms
success		1       52      2       35      2       0       110329.43 49      2371.0   ms
success		1       53      2       7       2       0       107738.84 48      2371.0   ms
success		1       54      2       35      2       0       104682.21 47      2371.0   ms
success		1       55      3       26      3       0       102276.04 46      2371.0   ms
success		1       56      2       18      2       0       99957.39  45      2371.0   ms
success		1       57      2       37      2       0       97901.11  44      2371.0   ms
success		1       58      3       17      3       0       96571.19  43      2371.0   ms
success		1       59      3       31      3       0       94430.92  42      2371.0   ms
success		1       60      2       40      2       0       91661.40  41      2371.0   ms
success		1       61      2       6       2       0       89991.52  40      2371.0   ms
success		1       62      6       10      6       0       88494.45  39      2371.0   ms
success		1       63      3       12      3       0       85395.16  38      2371.0   ms
success		1       64      4       5       4       0       83225.67  37      2371.0   ms
success		1       65      4       32      4       0       81971.50  36      2371.0   ms
success		1       66      2       34      2       0       78831.67  35      2371.0   ms
success		1       67      3       8       3       0       76175.13  34      2371.0   ms
success		1       68      3       28      3       0       73537.72  33      2371.0   ms
success		1       69      4       7       4       0       70502.27  32      2371.0   ms
success		1       70      1       18      1       0       68654.86  31      2371.0   ms
success		1       71      2       17      2       0       66444.38  30      2371.0   ms
success		1       72      3       25      3       0       64163.65  29      2371.0   ms
success		1       73      3       1       3       0       61338.36  28      2371.0   ms
success		1       74      4       26      4       0       58447.02  27      2371.0   ms
success		1       75      3       19      3       0       57200.71  26      2371.0   ms
success		1       76      5       4       5       0       54602.94  25      2371.0   ms
success		1       77      6       13      5       0       53363.42  24      2386.0   ms
success		1       78      6       23      6       0       50656.52  23      2386.0   ms
success		1       79      9       4       4       0       48594.12  22      2386.0   ms
success		1       80      9       17      7       0       44766.27  21      2386.0   ms
success		1       81      5       12      5       0       41350.59  20      2386.0   ms
success		1       82      7       1       4       0       39903.95  19      2386.0   ms
success		1       83      12      12      5       0       37633.24  18      2386.0   ms
success		1       84      9       7       5       0       34864.49  17      2402.0   ms
success		1       85      10      6       7       0       32408.18  16      2402.0   ms
success		1       86      68      1       7       0       29996.38  15      2496.0   ms
success		1       87      425     2       6       0       26732.37  14      3244.0   ms
success		1       0       1       80      1       0       201131.63 101     4851.0   ms
success		1       1       1       66      1       0       199933.43 100     4851.0   ms
success		1       2       1       52      1       0       197768.76 99      4851.0   ms
success		1       3       1       44      1       0       195560.08 98      4851.0   ms
success		1       4       1       24      1       0       192487.36 97      4851.0   ms
success		1       5       1       37      1       0       189982.53 96      4851.0   ms
success		1       6       1       63      1       0       189204.38 95      4851.0   ms
success		1       7       1       93      1       0       187330.91 94      4851.0   ms
success		1       8       1       18      1       0       184946.76 93      4851.0   ms
success		1       9       1       39      1       0       183247.16 92      4851.0   ms
success		1       10      1       89      1       0       182904.25 91      4851.0   ms
success		1       11      1       19      1       0       182251.19 90      4851.0   ms
success		1       12      1       1       1       0       181044.05 89      4851.0   ms
success		1       13      1       5       1       0       180112.31 88      4851.0   ms
success		1       14      1       57      1       0       178204.02 87      4851.0   ms
success		1       15      1       44      1       0       176974.41 86      4851.0   ms
success		1       16      1       34      1       0       174649.28 85      4851.0   ms
success		1       17      2       66      2       0       174510.91 84      4851.0   ms
success		1       18      2       21      2       0       172240.96 83      4851.0   ms
success		1       19      1       48      1       0       171869.30 82      4851.0   ms
success		1       20      2       42      2       0       169789.00 81      4851.0   ms
success		1       21      1       63      1       0       167067.09 80      4851.0   ms
success		1       22      1       60      1       0       164902.67 79      4851.0   ms
success		1       23      1       52      1       0       164018.17 78      4851.0   ms
success		1       24      2       14      2       0       161590.02 77      4851.0   ms
success		1       25      1       21      1       0       159607.07 76      4851.0   ms
success		1       26      2       9       2       0       157311.92 75      4851.0   ms
success		1       27      1       47      1       0       154298.45 74      4851.0   ms
success		1       28      3       21      3       0       152488.06 73      4851.0   ms
success		1       29      2       29      2       0       150986.16 72      4851.0   ms
success		1       30      2       50      2       0       149520.64 71      4851.0   ms
success		1       31      1       64      1       0       147598.90 70      4851.0   ms
success		1       32      1       2       1       0       147177.42 69      4851.0   ms
success		1       33      1       26      1       0       144245.90 68      4851.0   ms
success		1       34      3       32      3       0       142775.61 67      4851.0   ms
success		1       35      1       14      1       0       140845.44 66      4851.0   ms
success		1       36      1       56      1       0       139467.26 65      4851.0   ms
success		1       37      2       7       2       0       137892.38 64      4851.0   ms
success		1       38      1       37      1       0       134869.32 63      4851.0   ms
success		1       39      2       28      2       0       133508.81 62      4851.0   ms
success		1       40      4       59      4       0       133185.33 61      4851.0   ms
success		1       41      2       57      2       0       130395.67 60      4851.0   ms
success		1       42      2       45      2       0       130009.62 59      4851.0   ms
success		1       43      2       11      2       0       127854.57 58      4851.0   ms
success		1       44      1       20      1       0       124759.03 57      4851.0   ms
success		1       45      2       6       2       0       122283.29 56      4851.0   ms
success		1       46      3       27      3       0       121221.89 55      4851.0   ms
success		1       47      1       44      1       0       119593.17 54      4851.0   ms
success		1       48      1       32      1       0       117730.80 53      4851.0   ms
success		1       49      3       13      3       0       115863.50 52      4851.0   ms
success		1       50      1       48      1       0       114908.38 51      4851.0   ms
success		1       51      2       45      2       0       113438.91 50      4851.0   ms
success		1       52      2       7       2       0       110641.64 49      4851.0   ms
success		1       53      2       45      2       0       109403.54 48      4851.0   ms
success		1       54      4       36      4       0       107232.27 47      4851.0   ms
success		1       55      2       14      2       0       104940.52 46      4851.0   ms
success		1       56      3       40      3       0       102517.64 45      4851.0   ms
success		1       57      3       39      3       0       100995.59 44      4851.0   ms
success		1       58      3       0       3       0       98633.76  43      4851.0   ms
success		1       59      2       7       2       0       95685.57  42      4851.0   ms
success		1       60      2       36      2       0       92699.11  41      4851.0   ms
success		1       61      4       34      4       0       89647.90  40      4851.0   ms
success		1       62      3       30      3       0       87938.97  39      4851.0   ms
success		1       63      2       23      2       0       85450.77  38      4851.0   ms
success		1       64      2       1       2       0       83324.12  37      4851.0   ms
success		1       65      4       17      4       0       80891.40  36      4851.0   ms
success		1       66      3       16      3       0       78317.53  35      4851.0   ms
success		1       67      3       10      3       0       77148.57  34      4851.0   ms
success		1       68      2       14      2       0       74883.04  33      4851.0   ms
success		1       69      3       19      3       0       72051.45  32      4851.0   ms
success		1       70      2       17      2       0       69262.42  31      4851.0   ms
success		1       71      5       5       5       0       67266.94  30      4851.0   ms
success		1       72      5       0       5       0       65321.42  29      4851.0   ms
success		1       73      4       24      4       0       63165.09  28      4851.0   ms
success		1       74      4       22      4       0       60603.87  27      4851.0   ms
success		1       75      3       17      3       0       57716.79  26      4851.0   ms
success		1       76      7       20      6       0       55004.16  25      4851.0   ms
success		1       77      5       22      5       0       51461.96  24      4851.0   ms
success		1       78      4       8       4       0       48375.78  23      4851.0   ms
success		1       79      3       13      3       0       45645.11  22      4851.0   ms
success		1       80      9       20      4       0       45685.57  21      4851.0   ms
success		1       81      4       17      4       0       42712.55  20      4851.0   ms
success		1       82      10      10      5       0       39599.63  19      4867.0   ms
success		1       83      25      10      8       0       38334.07  18      4882.0   ms
success		1       84      13      1       6       0       34619.65  17      4882.0   ms
success		1       85      22      4       7       0       31502.91  16      4898.0   ms
success		1       86      76      2       8       0       28707.72  15      5007.0   ms
success		1       87      71      11      5       0       27102.52  14      5116.0   ms
success		1       0       1       49      1       0       200207.08 101     6489.0   ms
success		1       1       1       7       1       0       197911.98 100     6489.0   ms
success		1       2       1       27      1       0       195114.56 99      6489.0   ms
success		1       3       1       59      1       0       193448.50 98      6489.0   ms
success		1       4       1       15      1       0       192890.11 97      6489.0   ms
success		1       5       1       8       1       0       191781.27 96      6489.0   ms
success		1       6       1       78      1       0       189003.39 95      6489.0   ms
success		1       7       1       39      1       0       188481.82 94      6489.0   ms
success		1       8       2       0       2       0       188103.59 93      6489.0   ms
success		1       9       1       25      1       0       187042.79 92      6489.0   ms
success		1       10      1       70      1       0       185084.34 91      6489.0   ms
success		1       11      1       12      1       0       184651.48 90      6489.0   ms
success		1       12      1       30      1       0       182826.87 89      6489.0   ms
success		1       13      2       17      2       0       180285.72 88      6489.0   ms
success		1       14      1       29      1       0       178384.24 87      6489.0   ms
success		1       15      1       7       1       0       177171.03 86      6489.0   ms
success		1       16      1       4       1       0       174137.36 85      6489.0   ms
success		1       17      1       20      1       0       172803.83 84      6489.0   ms
success		1       18      1       67      1       0       171152.88 83      6489.0   ms
success		1       19      1       68      1       0       168979.26 82      6489.0   ms
success		1       20      1       70      1       0       167288.83 81      6489.0   ms
success		1       21      2       68      2       0       166229.01 80      6489.0   ms
success		1       22      1       47      1       0       164335.15 79      6489.0   ms
success		1       23      1       74      1       0       163516.98 78      6489.0   ms
success		1       24      1       57      1       0       162216.15 77      6489.0   ms
success		1       25      1       43      1       0       161483.83 76      6489.0   ms
success		1       26      1       30      1       0       158675.50 75      6489.0   ms
success		1       27      2       0       2       0       156873.68 74      6489.0   ms
success		1       28      1       34      1       0       155383.64 73      6489.0   ms
success		1       29      1       7       1       0       153425.42 72      6489.0   ms
success		1       30      1       18      1       0       152892.49 71      6489.0   ms
success		1       31      1       44      1       0       150161.25 70      6489.0   ms
success		1       32      1       48      1       0       148221.83 69      6489.0   ms
success		1       33      3       44      3       0       145305.73 68      6489.0   ms
success		1       34      2       32      2       0       144384.30 67      6489.0   ms
success		1       35      1       51      1       0       142799.93 66      6489.0   ms
success		1       36      1       64      1       0       140381.69 65      6489.0   ms
success		1       37      1       54      1       0       138265.35 64      6489.0   ms
success		1       38      1       36      1       0       135826.09 63      6489.0   ms
success		1       39      2       31      2       0       134302.35 62      6489.0   ms
success		1       40      2       51      2       0       131485.39 61      6489.0   ms
success		1       41      2       39      2       0       131159.16 60      6489.0   ms
success		1       42      2       57      2       0       129603.42 59      6489.0   ms
success		1       43      1       42      1       0       127992.27 58      6489.0   ms
success		1       44      2       27      2       0       126658.08 57      6489.0   ms
success		1       45      2       8       2       0       125468.17 56      6489.0   ms
success		1       46      1       24      1       0       123189.59 55      6489.0   ms
success		1       47      3       45      3       0       120579.63 54      6489.0   ms
success		1       48      2       34      2       0       117615.92 53      6489.0   ms
success		1       49      2       29      2       0       114982.71 52      6489.0   ms
success		1       50      2       30      2       0       112143.58 51      6489.0   ms
success		1       51      3       7       3       0       110724.39 50      6489.0   ms
success		1       52      2       8       2       0       108734.14 49      6489.0   ms
success		1       53      3       45      3       0       110085.84 48      6489.0   ms
success		1       54      2       43      2       0       107963.37 47      6489.0   ms
success		1       55      2       0       2       0       105740.90 46      6489.0   ms
success		1       56      2       34      2       0       103406.65 45      6489.0   ms
success		1       57      2       0       2       0       101208.86 44      6489.0   ms
success		1       58      2       1       2       0       98306.01  43      6489.0   ms
success		1       59      4       36      4       0       97054.72  42      6489.0   ms
success		1       60      2       6       2       0       95088.26  41      6489.0   ms
success		1       61      2       16      2       0       92498.64  40      6489.0   ms
success		1       62      1       5       1       0       89599.48  39      6489.0   ms
success		1       63      1       20      1       0       87349.10  38      6489.0   ms
success		1       64      1       5       1       0       84522.12  37      6489.0   ms
success		1       65      2       15      2       0       81882.29  36      6489.0   ms
success		1       66      2       9       2       0       79609.65  35      6489.0   ms
success		1       67      3       31      3       0       76880.75  34      6489.0   ms
success		1       68      2       10      2       0       73950.93  33      6489.0   ms
success		1       69      6       1       4       0       70986.66  31      6489.0   ms
success		1       70      5       23      5       0       67681.45  30      6489.0   ms
success		1       71      4       11      4       0       64731.36  29      6489.0   ms
success		1       72      5       16      4       0       59588.66  28      6489.0   ms
success		1       73      4       27      4       0       56743.10  27      6489.0   ms
success		1       74      5       6       3       0       55766.72  25      6489.0   ms
success		1       75      7       24      5       0       53963.42  24      6489.0   ms
success		1       76      3       21      3       0       50626.69  23      6489.0   ms
success		1       77      6       16      6       0       47476.39  22      6489.0   ms
success		1       78      6       14      6       0       45611.38  21      6489.0   ms
success		1       79      13      18      6       0       43482.05  20      6505.0   ms
success		1       80      9       17      5       0       40852.37  19      6505.0   ms
success		1       81      15      9       7       0       37144.10  18      6505.0   ms
success		1       82      16      1       5       0       34002.30  17      6520.0   ms
success		1       83      32      15      6       0       31080.06  16      6552.0   ms
success		1       84      130     7       6       0       28884.57  15      6739.0   ms
success		1       85      128     2       7       0       26342.32  14      6957.0   ms
success		1       0       1       8       1       0       200828.29 101     8704.0   ms
success		1       1       1       83      1       0       200060.57 100     8704.0   ms
success		1       2       1       7       1       0       198716.61 99      8704.0   ms
success		1       3       1       76      1       0       195948.10 98      8704.0   ms
success		1       4       1       42      1       0       193739.41 97      8704.0   ms
success		1       5       1       7       1       0       192485.33 96      8704.0   ms
success		1       6       1       33      1       0       191277.98 95      8704.0   ms
success		1       7       2       53      2       0       190802.49 94      8704.0   ms
success		1       8       1       69      1       0       188355.54 93      8704.0   ms
success		1       9       1       92      1       0       186805.26 92      8704.0   ms
success		1       10      1       64      1       0       184004.51 91      8704.0   ms
success		1       11      1       81      1       0       182659.74 90      8704.0   ms
success		1       12      1       73      1       0       179949.03 89      8704.0   ms
success		1       13      1       34      1       0       177591.47 88      8704.0   ms
success		1       14      1       21      1       0       175802.88 87      8704.0   ms
success		1       15      1       38      1       0       173797.18 86      8704.0   ms
success		1       16      2       0       2       0       170660.56 85      8704.0   ms
success		1       17      1       19      1       0       168839.31 84      8704.0   ms
success		1       18      1       5       1       0       167755.95 83      8704.0   ms
success		1       19      1       78      1       0       165330.87 82      8704.0   ms
success		1       20      1       57      1       0       164315.13 81      8704.0   ms
success		1       21      1       57      1       0       163784.63 80      8704.0   ms
success		1       22      1       4       1       0       160710.64 79      8704.0   ms
success		1       23      1       13      1       0       158657.33 78      8704.0   ms
success		1       24      1       70      1       0       157057.93 77      8704.0   ms
success		1       25      1       31      1       0       155430.44 76      8704.0   ms
success		1       26      2       2       2       0       154686.28 75      8704.0   ms
success		1       27      2       74      2       0       153745.86 74      8704.0   ms
success		1       28      2       24      2       0       152331.30 73      8704.0   ms
success		1       29      1       2       1       0       149788.96 72      8704.0   ms
success		1       30      1       43      1       0       147598.69 71      8704.0   ms
success		1       31      1       33      1       0       145077.15 70      8704.0   ms
success		1       32      2       37      2       0       145786.20 69      8704.0   ms
success		1       33      1       3       1       0       143553.00 68      8704.0   ms
success		1       34      2       45      2       0       142480.74 67      8704.0   ms
success		1       35      1       17      1       0       141082.99 66      8704.0   ms
success		1       36      1       58      1       0       139668.61 65      8704.0   ms
success		1       37      1       35      1       0       136957.63 64      8704.0   ms
success		1       38      1       19      1       0       135128.43 63      8704.0   ms
success		1       39      2       33      2       0       132369.92 62      8704.0   ms
success		1       40      1       33      1       0       130038.53 61      8704.0   ms
success		1       41      2       17      2       0       127480.46 60      8704.0   ms
success		1       42      1       30      1       0       125337.62 59      8704.0   ms
success		1       43      1       29      1       0       123822.45 58      8704.0   ms
success		1       44      2       14      2       0       122179.46 57      8704.0   ms
success		1       45      2       21      2       0       119247.84 56      8704.0   ms
success		1       46      1       2       1       0       117347.34 55      8704.0   ms
success		1       47      2       13      2       0       116254.94 54      8704.0   ms
success		1       48      2       42      2       0       115196.52 53      8704.0   ms
success		1       49      1       15      1       0       112286.73 52      8704.0   ms
success		1       50      1       17      1       0       109897.59 51      8704.0   ms
success		1       51      2       18      2       0       109679.56 50      8720.0   ms
success		1       52      2       28      2       0       108105.14 49      8720.0   ms
success		1       53      4       5       4       0       105806.18 48      8720.0   ms
success		1       54      3       25      3       0       103628.08 47      8720.0   ms
success		1       55      1       7       1       0       101375.45 46      8720.0   ms
success		1       56      2       43      2       0       98769.59  45      8720.0   ms
success		1       57      1       5       1       0       98186.58  44      8720.0   ms
success		1       58      3       4       3       0       95268.63  43      8720.0   ms
success		1       59      2       22      2       0       94233.79  42      8720.0   ms
success		1       60      2       17      2       0       91968.83  41      8720.0   ms
success		1       61      1       20      1       0       89975.26  40      8720.0   ms
success		1       62      3       14      3       0       87690.72  39      8720.0   ms
success		1       63      3       12      3       0       85489.43  38      8720.0   ms
success		1       64      4       0       4       0       82818.53  37      8720.0   ms
success		1       65      2       26      2       0       80682.72  36      8720.0   ms
success		1       66      3       31      3       0       78547.10  35      8720.0   ms
success		1       67      3       21      3       0       76123.38  34      8720.0   ms
success		1       68      2       11      2       0       73983.79  33      8720.0   ms
success		1       69      3       0       3       0       72046.50  32      8720.0   ms
success		1       70      1       12      1       0       69692.12  31      8720.0   ms
success		1       71      2       24      2       0       67176.46  30      8720.0   ms
success		1       72      3       22      3       0       65379.14  29      8720.0   ms
success		1       73      4       6       4       0       62244.43  28      8720.0   ms
success		1       74      3       1       2       0       60618.72  27      8720.0   ms
success		1       75      4       19      4       0       57699.80  26      8720.0   ms
success		1       76      2       16      2       0       55612.66  25      8720.0   ms
success		1       77      6       2       4       0       53350.75  24      8720.0   ms
success		1       78      4       10      4       0       50444.02  23      8720.0   ms
success		1       79      6       22      4       0       49206.26  22      8720.0   ms
success		1       80      6       18      4       0       44730.69  21      8720.0   ms
success		1       81      4       3       4       0       41398.91  20      8720.0   ms
success		1       82      12      6       5       0       39874.29  19      8720.0   ms
success		1       83      11      5       7       0       36086.45  18      8720.0   ms
success		1       84      13      3       8       0       35446.09  17      8736.0   ms
success		1       85      33      0       6       0       31719.74  16      8767.0   ms
success		1       86      25      5       5       0       29673.30  15      8798.0   ms
success		1       87      265     11      7       0       26159.27  14      9204.0   ms
success		1       0       1       53      1       0       201201.26 101     11013.0  ms
success		1       1       1       33      1       0       200139.69 100     11013.0  ms
success		1       2       1       48      1       0       197986.68 99      11013.0  ms
success		1       3       1       41      1       0       195639.37 98      11013.0  ms
success		1       4       1       57      1       0       192822.43 97      11013.0  ms
success		1       5       1       55      1       0       190419.82 96      11013.0  ms
success		1       6       1       4       1       0       187923.55 95      11013.0  ms
success		1       7       1       25      1       0       187460.23 94      11013.0  ms
success		1       8       1       12      1       0       185475.79 93      11013.0  ms
success		1       9       2       52      2       0       182809.51 92      11013.0  ms
success		1       10      1       61      1       0       181042.72 91      11013.0  ms
success		1       11      1       68      1       0       178590.72 90      11013.0  ms
success		1       12      1       64      1       0       176173.44 89      11013.0  ms
success		1       13      1       75      1       0       174322.19 88      11013.0  ms
success		1       14      1       23      1       0       173180.47 87      11013.0  ms
success		1       15      1       50      1       0       172745.84 86      11013.0  ms
success		1       16      1       69      1       0       171992.47 85      11013.0  ms
success		1       17      1       70      1       0       169981.68 84      11013.0  ms
success		1       18      1       0       1       0       168219.92 83      11013.0  ms
success		1       19      1       10      1       0       168148.03 82      11013.0  ms
success		1       20      1       50      1       0       165114.85 81      11013.0  ms
success		1       21      1       69      1       0       163422.25 80      11013.0  ms
success		1       22      3       44      3       0       163419.70 79      11013.0  ms
success		1       23      1       60      1       0       160635.98 78      11013.0  ms
success		1       24      1       15      1       0       158637.24 77      11013.0  ms
success		1       25      1       57      1       0       157481.55 76      11013.0  ms
success		1       26      2       23      2       0       155149.81 75      11013.0  ms
success		1       27      2       19      2       0       152197.48 74      11013.0  ms
success		1       28      1       18      1       0       151541.75 73      11013.0  ms
success		1       29      1       1       1       0       149254.22 72      11013.0  ms
success		1       30      2       69      2       0       147462.67 71      11013.0  ms
success		1       31      1       10      1       0       145727.17 70      11013.0  ms
success		1       32      2       8       2       0       143761.79 69      11013.0  ms
success		1       33      1       22      1       0       140956.12 68      11013.0  ms
success		1       34      2       39      2       0       139193.34 67      11013.0  ms
success		1       35      2       52      2       0       136403.08 66      11013.0  ms
success		1       36      1       56      1       0       134964.28 65      11013.0  ms
success		1       37      1       7       1       0       133378.91 64      11013.0  ms
success		1       38      1       47      1       0       132008.25 63      11013.0  ms
success		1       39      2       26      2       0       130012.06 62      11013.0  ms
success		1       40      2       53      2       0       128887.01 61      11013.0  ms
success		1       41      1       19      1       0       127258.71 60      11013.0  ms
success		1       42      2       13      2       0       124905.23 59      11013.0  ms
success		1       43      1       26      1       0       123490.06 58      11013.0  ms
success		1       44      1       44      1       0       120718.39 57      11013.0  ms
success		1       45      1       47      1       0       118455.94 56      11013.0  ms
success		1       46      1       40      1       0       116783.50 55      11013.0  ms
success		1       47      3       14      3       0       114755.12 54      11013.0  ms
success		1       48      1       49      1       0       111973.93 53      11013.0  ms
success		1       49      2       29      2       0       110226.86 52      11013.0  ms
success		1       50      3       40      3       0       107893.16 51      11013.0  ms
success		1       51      1       33      1       0       106846.04 50      11013.0  ms
success		1       52      2       20      2       0       104376.77 49      11013.0  ms
success		1       53      3       25      3       0       102968.22 48      11013.0  ms
success		1       54      3       14      3       0       99922.93  47      11013.0  ms
success		1       55      1       18      1       0       97594.41  46      11013.0  ms
success		1       56      2       11      2       0       96865.33  45      11013.0  ms
success		1       57      3       24      3       0       95507.75  44      11013.0  ms
success		1       58      2       36      2       0       92930.36  43      11013.0  ms
success		1       59      3       6       3       0       90644.51  42      11013.0  ms
success		1       60      1       36      1       0       89921.63  41      11013.0  ms
success		1       61      2       36      2       0       86904.44  40      11013.0  ms
success		1       62      3       4       3       0       86012.18  39      11013.0  ms
success		1       63      2       6       2       0       83006.74  38      11013.0  ms
success		1       64      3       2       3       0       80666.24  37      11013.0  ms
success		1       65      1       22      1       0       78937.60  36      11013.0  ms
success		1       66      3       16      3       0       76558.45  35      11013.0  ms
success		1       67      4       21      4       0       74310.49  34      11013.0  ms
success		1       68      2       30      2       0       71305.56  33      11013.0  ms
success		1       69      4       12      4       0       70052.27  32      11013.0  ms
success		1       70      3       14      3       0       67388.59  31      11013.0  ms
success		1       71      4       3       4       0       65604.27  30      11013.0  ms
success		1       72      6       1       6       0       63357.12  29      11013.0  ms
success		1       73      4       23      4       0       60555.28  28      11013.0  ms
success		1       74      3       7       3       0       58193.13  27      11013.0  ms
success		1       75      7       9       5       0       56779.71  25      11013.0  ms
success		1       76      6       4       4       0       52481.20  24      11013.0  ms
success		1       77      4       7       4       0       49521.62  23      11013.0  ms
success		1       78      7       4       4       0       47369.72  22      11013.0  ms
success		1       79      10      18      8       0       45491.60  21      11029.0  ms
success		1       80      3       20      3       0       42407.97  20      11029.0  ms
success		1       81      6       2       6       0       40071.43  19      11029.0  ms
success		1       82      13      0       4       0       37544.40  18      11029.0  ms
success		1       83      15      4       6       0       34041.28  17      11044.0  ms
success		1       84      12      7       7       0       31734.33  16      11044.0  ms
success		1       85      16      13      3       0       29131.31  15      11060.0  ms
success		1       86      174     2       8       0       25136.12  14      11372.0  ms
success		1       87      72      5       6       0       23278.79  13      11497.0  ms
cross iterater0
rand   	success		11324.92  26614.28  14      13868.0  ms cross
rand   	success		10764.70  27519.65  14      14008.0  ms cross
ab
ab6	2
ab7	3
fail		10387.59  23321.56  13      15397.0  ms
cross iterater1
rand   	success		9985.68   23690.58  13      16348.0  ms cross
rand   	success		10854.48  26402.05  14      16348.0  ms cross
ab
ab6	1
cross iterater2
rand   	success		10960.16  23301.25  13      16863.0  ms cross
rand   	success		10862.96  26508.83  14      16863.0  ms cross
ab
ab7	3
ab6	4
fail		10387.59  23321.56  13      18673.0  ms
fail		10960.16  23702.52  13      20576.0  ms
cross iterater3
rand   	success		10213.14  23466.48  13      20576.0  ms cross
rand   	fail		10238.11  26656.49  14      22635.0  ms cross
ab
ab7	5
ab6	0
fail		9985.68   23841.72  13      24351.0  ms
cross iterater4
rand   	success		9864.02   23250.56  13      24351.0  ms cross
rand   	success		10667.92  22739.80  13      24351.0  ms cross
ab
ab7	4
fail		10263.10  23398.17  13      26114.0  ms
cross iterater5
rand   	success		10569.51  23444.51  13      26114.0  ms cross
rand   	success		10417.11  23771.37  13      26301.0  ms cross
ab
ab6	0
ab7	4
fail		10263.10  23398.17  13      28235.0  ms
cross iterater6
rand   	success		11480.92  22663.33  13      28454.0  ms cross
rand   	
ab
ab6	0
fail		9864.02   23343.65  13      32073.0  ms
fail		9606.77   23366.58  13      34241.0  ms
cross iterater7
rand   	fail		9675.81   24770.54  14      36519.0  ms cross
rand   	
ab
ab6	0
ab7	4
fail		9909.72   22800.19  13      41246.0  ms
fail		10667.92  23564.00  13      43227.0  ms
cross iterater8
rand   	success		10225.86  23006.02  13      43242.0  ms cross
rand   	fail		10235.72  26442.30  14      44865.0  ms cross
ab
ab7	3
ab6	5
cross iterater9
rand   	success		10562.34  23212.46  13      44896.0  ms cross
rand   	success		10824.71  23540.67  13      44943.0  ms cross
ab
ab7	4
ab6	2
cross iterater10
rand   	fail		10785.30  25076.66  14      47454.0  ms cross
rand   	fail		10461.22  23376.24  13      49342.0  ms cross
ab
ab7	1
ab6	0
cross iterater11
rand   	
rand   	success		9878.96   22899.77  13      51167.0  ms cross
ab
ab7	5
fail		9878.96   23151.54  13      52727.0  ms
fail		10562.34  23510.38  13      54630.0  ms
cross iterater12
rand   	fail		10421.45  24784.91  14      56237.0  ms cross
rand   	fail		10284.33  24925.44  14      58000.0  ms cross
ab
ab6	5
ab7	1
fail		10070.68  23294.42  13      59544.0  ms
cross iterater13
rand   	fail		10737.48  26330.65  14      61260.0  ms cross
rand   	fail		11142.13  25445.16  14      62836.0  ms cross
ab
ab7	4
ab6	0
cross iterater14
rand   	
rand   	
ab
ab7	0
fail		9742.83   23821.78  13      68436.0  ms
fail		9745.99   23745.71  13      70324.0  ms
fail		9980.79   23256.57  13      72305.0  ms
cross iterater15
ab
ab7	0
fail		9878.96   23151.54  13      73709.0  ms
cross iterater16
rand   	
rand   	success		9919.37   23465.64  13      77094.0  ms cross
ab
cross iterater17
rand   	
rand   	success		11302.53  23763.62  13      81243.0  ms cross
ab
ab6	5
fail		10212.58  23809.71  13      84395.0  ms
cross iterater18
rand   	fail		10493.27  23274.39  13      86485.0  ms cross
rand   	fail		10747.86  25177.27  14      87827.0  ms cross
ab
ab7	0
cross iterater19
rand   	
rand   	fail		10519.07  24961.36  14      90853.0  ms cross
ab
ab6	1
ab7	5
fail		9878.96   23151.54  13      92772.0  ms
fail		10493.27  23274.39  13      94924.0  ms
cross iterater20
rand   	success		9938.87   23038.86  13      94940.0  ms cross
rand   	
ab
ab6	0
fail		10493.27  23274.39  13      98528.0  ms
cross iterater21
rand   	
rand   	success		10672.26  23409.46  13      101554.0 ms cross
ab
ab6	1
fail		10351.99  23293.51  13      103442.0 ms
cross iterater22
rand   	success		10940.53  23672.43  13      104846.0 ms cross
rand   	fail		10113.50  25477.35  14      106250.0 ms cross
ab
ab6	2
ab7	5
fail		9748.40   23706.72  13      107888.0 ms
fail		9567.82   23526.17  13      109994.0 ms
cross iterater23
rand   	
rand   	success		10781.88  23734.12  13      111694.0 ms cross
ab
ab6	2
fail		9567.82   23526.17  13      114799.0 ms
cross iterater24
rand   	success		10340.67  23461.84  13      116187.0 ms cross
rand   	success		10880.14  23212.30  13      116546.0 ms cross
ab
ab6	5
fail		9969.27   23381.73  13      119167.0 ms
cross iterater25
rand   	success		10788.54  23694.06  13      119182.0 ms cross
rand   	
ab
ab6	2
ab7	4
fail		10211.09  23333.41  13      122209.0 ms
cross iterater26
rand   	success		10300.00  23008.21  13      122645.0 ms cross
rand   	success		10403.91  23605.16  13      122677.0 ms cross
ab
ab6	2
fail		10493.27  23274.39  13      124658.0 ms
cross iterater27
rand   	success		10707.29  23667.75  13      125391.0 ms cross
rand   	success		10971.68  23182.04  13      125999.0 ms cross
ab
ab7	4
ab6	0
fail		9961.32   22938.92  13      127824.0 ms
fail		10245.48  22849.18  13      129431.0 ms
cross iterater28
ab
ab6	3
ab7	5
cross iterater29
rand   	fail		11333.75  25402.42  14      131038.0 ms cross
rand   	fail		11016.23  24719.33  14      132645.0 ms cross
ab
ab6	2
ab7	5
cross iterater30
rand   	success		10846.11  23431.02  13      132692.0 ms cross
rand   	success		10693.39  23879.90  13      133628.0 ms cross
ab
ab6	1
ab7	2
fail		10710.31  23473.86  13      135500.0 ms
fail		10323.56  23563.81  13      137403.0 ms
fail		9961.32   22938.92  13      139290.0 ms
cross iterater31
ab
ab6	1
fail		10710.31  23473.86  13      141131.0 ms
fail		11090.70  23694.08  13      142535.0 ms
cross iterater32
rand   	success		10698.60  23600.05  13      142597.0 ms cross
rand   	success		10705.13  23806.53  13      142691.0 ms cross
ab
ab6	2
ab7	4
fail		10467.05  23490.53  13      144423.0 ms
fail		10698.60  23913.55  13      146451.0 ms
fail		9961.32   22938.92  13      148229.0 ms
cross iterater33
ab
ab6	1
fail		10467.05  23490.53  13      150007.0 ms
cross iterater34
ab
fail		10910.48  23417.20  13      152051.0 ms
cross iterater35
rand   	success		10729.91  24244.80  13      152987.0 ms cross
rand   	success		10380.78  23295.41  13      154204.0 ms cross
ab
ab6	5
fail		10380.78  23643.36  13      156107.0 ms
fail		10272.14  23392.77  13      158072.0 ms
cross iterater36
ab
ab7	0
fail		10910.48  23417.20  13      160132.0 ms
cross iterater37
rand   	
rand   	
ab
ab6	5
ab7	1
fail		9961.32   22938.92  13      165623.0 ms
cross iterater38
ab
ab6	2
ab7	4
fail		10272.14  23392.77  13      167417.0 ms
cross iterater39
rand   	success		10844.17  23264.36  13      167464.0 ms cross
rand   	
ab
ab6	4
fail		10307.71  23392.77  13      171192.0 ms
cross iterater40
ab
ab6	5
fail		10097.73  23415.47  13      172939.0 ms
cross iterater41
rand   	success		9969.47   23211.56  13      173220.0 ms cross
rand   	success		10075.10  22989.05  13      173220.0 ms cross
ab
ab6	1
fail		10586.73  23548.57  13      175076.0 ms
fail		10075.10  23339.82  13      176855.0 ms
cross iterater42
rand   	success		11197.81  23022.27  13      176870.0 ms cross
rand   	success		9986.07   22956.75  13      177135.0 ms cross
ab
ab7	0
fail		10075.10  23339.82  13      180349.0 ms
cross iterater43
rand   	success		10600.35  23253.85  13      180396.0 ms cross
rand   	success		10738.03  23844.65  13      181160.0 ms cross
ab
ab6	4
ab7	1
cross iterater44
rand   	success		10880.33  23346.55  13      181176.0 ms cross
rand   	success		11050.66  23261.70  13      181831.0 ms cross
ab
ab6	4
ab7	5
cross iterater45
rand   	fail		10438.77  26583.10  14      184920.0 ms cross
rand   	success		10772.76  22817.10  13      184935.0 ms cross
ab
ab6	2
fail		9711.28   23234.10  13      187322.0 ms
cross iterater46
rand   	success		10749.83  23378.47  13      187322.0 ms cross
rand   	
ab
ab7	2
ab6	0
cross iterater47
ab
ab7	5
fail		10915.64  23564.38  13      191050.0 ms
fail		10772.76  23330.52  13      192673.0 ms
cross iterater48
rand   	fail		10734.14  26330.35  14      194763.0 ms cross
rand   	success		10562.73  23778.32  13      195075.0 ms cross
ab
ab6	5
ab7	4
fail		10772.76  23330.52  13      196791.0 ms
cross iterater49
rand   	success		11009.77  22539.36  13      196869.0 ms cross
rand   	success		10634.87  23507.27  13      196994.0 ms cross
ab
ab6	4
fail		10772.76  23330.52  13      200052.0 ms
fail		10841.17  23412.62  13      201877.0 ms
cross iterater50
rand   	success		10307.05  23454.23  13      201877.0 ms cross
rand   	success		10289.73  23800.76  13      201877.0 ms cross
ab
ab6	3
cross iterater51
rand   	
rand   	
ab
ab6	3
fail		10277.65  23713.38  13      210753.0 ms
fail		10772.76  23330.52  13      213093.0 ms
cross iterater52
ab
ab7	0
fail		11009.77  23426.27  13      214684.0 ms
cross iterater53
rand   	success		10650.31  22905.42  13      215355.0 ms cross
rand   	success		10485.62  23592.64  13      215402.0 ms cross
ab
ab6	2
fail		10307.05  23548.13  13      217227.0 ms
cross iterater54
rand   	success		10074.50  23750.22  13      217243.0 ms cross
rand   	success		10641.16  23054.66  13      217243.0 ms cross
ab
ab6	3
ab7	2
cross iterater55
rand   	success		11009.17  23101.49  13      218319.0 ms cross
rand   	success		10468.77  23172.77  13      218350.0 ms cross
ab
fail		10755.99  23798.38  13      220347.0 ms
cross iterater56
ab
ab6	5
fail		10641.16  23488.46  13      223514.0 ms
fail		9669.41   23591.18  13      226088.0 ms
cross iterater57
rand   	success		10151.25  24135.08  13      226743.0 ms cross
rand   	success		10136.77  23533.96  13      227055.0 ms cross
ab
ab6	2
ab7	5
cross iterater58
ab
cross iterater59
ab
fail		10474.64  23680.39  13      230003.0 ms
fail		10744.35  22987.43  13      231579.0 ms
cross iterater60
rand   	success		9431.13   23623.83  13      231594.0 ms cross
rand   	success		10479.88  23897.00  13      231594.0 ms cross
ab
ab6	5
fail		10832.48  23598.16  13      233310.0 ms
cross iterater61
rand   	success		10284.85  23788.98  13      233529.0 ms cross
rand   	success		9588.66   23301.41  13      233529.0 ms cross
ab
ab6	5
fail		11009.17  23673.65  13      235494.0 ms
cross iterater62
rand   	
rand   	success		10278.55  23705.51  13      236898.0 ms cross
ab
ab6	2
fail		10744.35  22987.43  13      238942.0 ms
cross iterater63
rand   	
rand   	success		10782.11  23278.97  13      240829.0 ms cross
ab
ab6	1
fail		11031.34  23681.84  13      242421.0 ms
fail		10989.82  23673.65  13      244199.0 ms
cross iterater64
rand   	fail		10795.63  25936.46  14      245712.0 ms cross
rand   	success		10748.70  23227.07  13      245837.0 ms cross
ab
ab7	0
fail		10797.37  23444.17  13      247444.0 ms
cross iterater65
rand   	success		10437.09  23659.64  13      247615.0 ms cross
rand   	fail		10839.49  25356.99  14      249175.0 ms cross
ab
ab6	3
ab7	0
fail		11440.82  23614.11  13      250922.0 ms
fail		10881.84  23788.54  13      252280.0 ms
cross iterater66
rand   	success		10640.43  23490.99  13      252280.0 ms cross
rand   	success		11424.65  23109.96  13      252311.0 ms cross
ab
ab7	2
cross iterater67
ab
ab7	0
fail		10944.71  23343.59  13      253902.0 ms
fail		10797.37  23444.17  13      255914.0 ms
cross iterater68
rand   	success		10338.46  23131.25  13      256164.0 ms cross
rand   	success		10486.48  23233.05  13      256164.0 ms cross
ab
ab6	2
ab7	3
fail		11124.50  23183.99  13      258005.0 ms
fail		10944.71  23343.59  13      259939.0 ms
cross iterater69
rand   	
rand   	
ab
ab6	1
cross iterater70
ab
ab6	5
ab7	3
fail		11064.85  23584.38  13      265181.0 ms
fail		10832.28  23229.17  13      267131.0 ms
fail		11424.65  23572.99  13      269003.0 ms
fail		10338.46  23689.88  13      271670.0 ms
cross iterater71
rand   	success		11395.96  22823.67  13      272169.0 ms cross
rand   	success		11388.84  23339.31  13      272169.0 ms cross
ab
ab7	0
cross iterater72
rand   	success		11142.58  24136.66  13      272185.0 ms cross
rand   	success		10849.62  23945.15  13      272201.0 ms cross
ab
ab6	0
ab7	5
cross iterater73
rand   	success		11219.99  23309.50  13      272201.0 ms cross
rand   	fail		11070.58  25285.25  14      275305.0 ms cross
ab
ab6	0
ab7	2
fail		10832.28  23229.17  13      277879.0 ms
fail		10575.90  23217.53  13      279361.0 ms
cross iterater74
rand   	success		10891.44  23016.18  13      279361.0 ms cross
rand   	success		11143.53  23292.41  13      279611.0 ms cross
ab
ab6	2
fail		11124.50  23183.99  13      281514.0 ms
cross iterater75
rand   	success		10655.46  24369.17  13      281514.0 ms cross
rand   	fail		11188.40  24928.62  14      283042.0 ms cross
ab
ab6	0
ab7	3
fail		11112.06  23238.04  13      284946.0 ms
fail		10832.28  23229.17  13      286506.0 ms
fail		10575.90  23217.53  13      288440.0 ms
cross iterater76
rand   	success		10706.10  23079.59  13      288986.0 ms cross
rand   	
ab
ab6	1
fail		11395.96  23935.59  13      295616.0 ms
cross iterater77
rand   	success		10364.45  23152.58  13      295772.0 ms cross
rand   	
ab
ab6	4
ab7	1
fail		10832.28  23229.17  13      300421.0 ms
fail		10706.10  23303.82  13      302932.0 ms
cross iterater78
rand   	
rand   	fail		11289.33  25107.44  14      308408.0 ms cross
ab
ab7	5
ab6	4
fail		11228.00  23652.57  13      311543.0 ms
fail		10832.28  23229.17  13      313587.0 ms
fail		10364.45  23412.63  13      315521.0 ms
cross iterater79
ab
ab6	1
fail		10832.28  23229.17  13      317253.0 ms
cross iterater80
rand   	success		10677.37  23109.72  13      317362.0 ms cross
rand   	success		10865.41  22625.96  13      317362.0 ms cross
ab
ab6	2
cross iterater81
ab
cross iterater82
rand   	
rand   	success		10463.15  23514.88  13      319952.0 ms cross
ab
ab6	1
ab7	5
cross iterater83
rand   	success		10353.42  22995.17  13      319952.0 ms cross
rand   	success		10470.55  23472.53  13      320201.0 ms cross
ab
ab6	4
fail		10865.41  23497.35  13      322869.0 ms
cross iterater84
rand   	fail		10655.89  24750.59  14      324429.0 ms cross
rand   	success		10320.46  23807.47  13      324444.0 ms cross
ab
ab6	4
ab7	2
fail		9898.13   23702.35  13      326613.0 ms
cross iterater85
rand   	
rand   	
ab
ab6	3
ab7	4
cross iterater86
rand   	
rand   	success		10130.82  22986.29  13      331948.0 ms cross
ab
ab6	1
fail		10130.82  23073.86  13      333664.0 ms
cross iterater87
rand   	success		10348.41  23092.47  13      333664.0 ms cross
rand   	
ab
ab6	1
fail		10130.82  23073.86  13      340091.0 ms
cross iterater88
rand   	
rand   	
ab
ab7	1
ab6	3
fail		10348.41  23139.87  13      348944.0 ms
cross iterater89
rand   	success		10227.39  23793.34  13      348960.0 ms cross
rand   	success		10030.35  22791.43  13      348960.0 ms cross
ab
ab7	3
ab6	1
fail		10530.84  22798.48  13      351287.0 ms
cross iterater90
rand   	success		10393.36  23224.69  13      351318.0 ms cross
rand   	success		10937.84  23494.07  13      351771.0 ms cross
ab
ab6	0
ab7	4
fail		10530.84  22798.48  13      353785.0 ms
fail		10655.22  23757.14  13      355456.0 ms
cross iterater91
rand   	
rand   	success		10622.86  23252.81  13      358797.0 ms cross
ab
ab6	5
ab7	4
fail		10571.28  23382.83  13      361529.0 ms
fail		10622.86  23993.86  13      363450.0 ms
fail		9714.47   23002.15  13      364933.0 ms
cross iterater92
rand   	
rand   	
ab
ab6	1
fail		10557.24  23238.06  13      374036.0 ms
cross iterater93
rand   	success		10475.16  23165.11  13      374052.0 ms cross
rand   	success		9985.81   23283.48  13      374099.0 ms cross
ab
fail		10557.24  23238.06  13      377175.0 ms
cross iterater94
rand   	success		10067.01  23742.08  13      377190.0 ms cross
rand   	fail		9828.82   25699.37  14      379892.0 ms cross
ab
ab6	1
ab7	0
cross iterater95
rand   	success		10724.53  23943.19  13      379907.0 ms cross
rand   	success		10389.24  23464.91  13      379907.0 ms cross
ab
ab7	4
ab6	0
cross iterater96
ab
ab7	0
fail		10041.19  23443.68  13      381968.0 ms
fail		10530.84  22798.48  13      383608.0 ms
cross iterater97
ab
ab7	0
fail		10487.66  23394.36  13      387183.0 ms
fail		10665.60  23500.37  13      389526.0 ms
fail		10120.20  23076.46  13      391540.0 ms
cross iterater98
rand   	success		11057.48  22500.08  13      391555.0 ms cross
rand   	success		10360.10  23344.37  13      391618.0 ms cross
ab
ab6	1
fail		10557.24  23238.06  13      393726.0 ms
cross iterater99
rand   	fail		9608.39   25565.13  14      395381.0 ms cross
rand   	success		11146.24  23645.09  13      396521.0 ms cross
ab
ab6	5
ab7	0
fail		10120.20  23076.46  13      398394.0 ms

R.size:13

1		132	10	6	203	182	33	189	47	191	89	103	100	195	154	79	23	
2		198	174	115	118	187	13	32	62	139	180	37	124	82	55	111	105	
3		104	64	137	26	131	169	73	175	69	172	54	109	1	157	
4		196	107	59	86	76	46	3	177	151	179	122	181	81	112	85	135	51	201	68	114	
5		63	119	183	98	22	155	43	185	97	163	88	7	
6		188	110	148	35	126	12	108	50	96	24	49	160	130	91	197	159	
7		136	40	38	70	162	77	60	199	145	190	186	17	125	170	
8		67	153	200	166	138	8	113	84	123	121	87	101	168	95	129	36	
9		28	171	173	94	93	45	30	133	16	61	72	127	19	117	165	4	14	52	
10		178	167	65	15	78	134	192	90	20	71	5	194	146	202	147	156	44	58	66	176	
11		42	99	102	140	18	57	27	31	92	80	106	83	
12		39	184	41	116	143	128	48	150	53	9	141	74	120	149	152	204	11	34	
13		144	142	164	29	2	25	193	56	161	158	75	21	

data1/pdp200/LC2_2_1.txt
total_cost 9431.129938

