success		1       0       1       95      1       0       64890.78  100     16.0     ms
success		1       1       1       23      1       0       64573.09  99      16.0     ms
success		1       2       1       15      1       0       64148.55  98      16.0     ms
success		1       3       1       38      1       0       62971.84  97      16.0     ms
success		1       4       1       88      1       0       62882.52  96      16.0     ms
success		1       5       1       70      1       0       62712.93  95      16.0     ms
success		1       6       1       73      1       0       62722.21  94      16.0     ms
success		1       7       1       38      1       0       62525.10  93      16.0     ms
success		1       8       1       58      1       0       62252.28  92      16.0     ms
success		1       9       1       34      1       0       61685.44  91      16.0     ms
success		1       10      1       75      1       0       61461.85  90      16.0     ms
success		1       11      1       62      1       0       61497.31  89      16.0     ms
success		1       12      1       79      1       0       60562.56  88      16.0     ms
success		1       13      1       35      1       0       59973.06  87      16.0     ms
success		1       14      1       55      1       0       59991.20  86      31.0     ms
success		1       15      2       30      2       0       60080.10  85      31.0     ms
success		1       16      1       65      1       0       60108.71  84      31.0     ms
success		1       17      1       55      1       0       60172.12  83      31.0     ms
success		1       18      1       49      1       0       59333.01  82      31.0     ms
success		1       19      2       16      2       0       59253.06  81      31.0     ms
success		1       20      1       21      1       0       58224.76  80      31.0     ms
success		1       21      1       32      1       0       57688.29  79      31.0     ms
success		1       22      1       73      1       0       57563.34  78      31.0     ms
success		1       23      1       77      1       0       57719.30  77      31.0     ms
success		1       24      1       31      1       0       57167.93  76      31.0     ms
success		1       25      1       37      1       0       57163.86  75      31.0     ms
success		1       26      1       2       1       0       57135.08  74      31.0     ms
success		1       27      1       73      1       0       56906.14  73      31.0     ms
success		1       28      1       60      1       0       56628.28  72      31.0     ms
success		1       29      1       11      1       0       55981.78  71      31.0     ms
success		1       30      1       22      1       0       55899.71  70      31.0     ms
success		1       31      1       9       1       0       55995.25  69      31.0     ms
success		1       32      1       61      1       0       55153.63  68      31.0     ms
success		1       33      2       57      2       0       54750.56  67      31.0     ms
success		1       34      1       42      1       0       54612.37  66      31.0     ms
success		1       35      2       35      2       0       54332.95  65      31.0     ms
success		1       36      1       28      1       0       53932.99  64      31.0     ms
success		1       37      1       18      1       0       53077.65  63      31.0     ms
success		1       38      1       25      1       0       52149.47  62      31.0     ms
success		1       39      1       9       1       0       51241.87  61      31.0     ms
success		1       40      1       44      1       0       50584.17  60      31.0     ms
success		1       41      3       43      3       0       50446.52  59      31.0     ms
success		1       42      4       11      4       0       50181.80  58      31.0     ms
success		1       43      3       1       3       0       49277.72  57      31.0     ms
success		1       44      3       37      3       0       47712.84  56      31.0     ms
success		1       45      1       38      1       0       46849.63  55      31.0     ms
success		1       46      1       27      1       0       46993.33  54      31.0     ms
success		1       47      3       42      3       0       45486.30  53      31.0     ms
success		1       48      4       37      4       0       45484.13  52      31.0     ms
success		1       49      1       12      1       0       44684.15  51      31.0     ms
success		1       50      2       15      2       0       44020.28  50      47.0     ms
success		1       51      1       4       1       0       43775.20  49      47.0     ms
success		1       52      2       5       2       0       43615.59  48      47.0     ms
success		1       53      3       47      3       0       43489.48  47      47.0     ms
success		1       54      2       31      2       0       43183.95  46      47.0     ms
success		1       55      1       16      1       0       43069.99  45      47.0     ms
success		1       56      1       31      1       0       41793.60  44      47.0     ms
success		1       57      3       23      3       0       40605.19  43      47.0     ms
success		1       58      4       32      4       0       40244.64  42      47.0     ms
success		1       59      3       39      3       0       39742.04  41      47.0     ms
success		1       60      2       17      2       0       38306.72  40      47.0     ms
success		1       61      3       6       3       0       37317.29  39      47.0     ms
success		1       62      2       31      2       0       37606.11  38      47.0     ms
success		1       63      1       24      1       0       37621.97  37      47.0     ms
success		1       64      9       33      9       0       37517.08  36      47.0     ms
success		1       65      2       20      2       0       37068.22  35      47.0     ms
success		1       66      5       10      5       0       34705.94  34      47.0     ms
success		1       67      2       23      2       0       34477.60  33      47.0     ms
success		1       68      2       1       2       0       33895.44  32      47.0     ms
success		1       69      3       11      3       0       33304.21  31      47.0     ms
success		1       70      2       6       2       0       32924.34  30      47.0     ms
success		1       71      4       7       4       0       32345.02  29      47.0     ms
success		1       72      3       18      3       0       32158.38  28      47.0     ms
success		1       73      4       0       4       0       31425.82  27      47.0     ms
success		1       74      6       20      6       0       29943.39  26      47.0     ms
success		1       75      1       10      1       0       29971.73  25      47.0     ms
success		1       76      3       3       3       0       28583.61  24      47.0     ms
success		1       77      3       19      3       0       27877.34  23      47.0     ms
success		1       78      3       18      3       0       26178.36  22      47.0     ms
success		1       79      6       1       6       0       25123.59  21      63.0     ms
success		1       80      2       3       2       0       24433.46  20      63.0     ms
success		1       81      5       5       5       0       23783.01  19      63.0     ms
success		1       82      5       12      5       0       23032.84  18      63.0     ms
success		1       83      6       17      6       0       21911.83  17      63.0     ms
success		1       84      4       11      4       0       20539.62  16      63.0     ms
success		1       85      6       8       6       0       20041.30  15      63.0     ms
success		1       86      4       12      4       0       19745.64  14      63.0     ms
success		1       87      8       11      8       0       18515.01  13      63.0     ms
success		1       88      15      8       15      0       17282.60  12      63.0     ms
success		1       89      7       11      7       0       16361.74  11      63.0     ms
success		1       90      9       5       9       0       15568.37  10      63.0     ms
success		1       91      10      2       9       0       14034.67  9       63.0     ms
success		1       92      14      8       12      0       12787.62  8       94.0     ms
success		1       93      18      0       13      0       11081.11  7       172.0    ms
success		1       94      27      4       14      0       9566.69   6       297.0    ms
success		1       95      78      2       16      0       7743.52   5       1186.0   ms
success		1       0       1       100     1       0       79099.91  100     29500.0  ms
success		1       1       1       40      1       0       77572.86  99      29500.0  ms
success		1       2       1       42      1       0       76164.97  98      29500.0  ms
success		1       3       1       62      1       0       75821.06  97      29500.0  ms
success		1       4       1       18      1       0       75491.43  96      29500.0  ms
success		1       5       1       2       1       0       75128.46  95      29500.0  ms
success		1       6       1       8       1       0       74952.90  94      29500.0  ms
success		1       7       1       30      1       0       74787.60  93      29500.0  ms
success		1       8       2       67      2       0       73832.62  92      29500.0  ms
success		1       9       1       14      1       0       73238.53  91      29500.0  ms
success		1       10      1       32      1       0       72621.59  90      29500.0  ms
success		1       11      1       32      1       0       71804.94  89      29500.0  ms
success		1       12      2       59      2       0       71377.30  88      29500.0  ms
success		1       13      1       77      1       0       70410.66  87      29500.0  ms
success		1       14      2       50      2       0       70240.95  86      29500.0  ms
success		1       15      1       54      1       0       69549.03  85      29500.0  ms
success		1       16      1       47      1       0       69293.08  84      29500.0  ms
success		1       17      1       19      1       0       68999.52  83      29500.0  ms
success		1       18      1       17      1       0       68444.14  82      29500.0  ms
success		1       19      1       49      1       0       67992.80  81      29500.0  ms
success		1       20      1       67      1       0       67505.04  80      29500.0  ms
success		1       21      1       3       1       0       65898.68  79      29500.0  ms
success		1       22      2       39      2       0       65417.39  78      29500.0  ms
success		1       23      1       24      1       0       64395.12  77      29500.0  ms
success		1       24      1       50      1       0       63972.54  76      29500.0  ms
success		1       25      2       30      2       0       63761.18  75      29500.0  ms
success		1       26      2       71      2       0       63114.13  74      29500.0  ms
success		1       27      1       61      1       0       62858.47  73      29500.0  ms
success		1       28      2       16      2       0       62552.58  72      29500.0  ms
success		1       29      1       36      1       0       62084.36  71      29500.0  ms
success		1       30      1       20      1       0       62182.80  70      29500.0  ms
success		1       31      1       53      1       0       61154.11  69      29500.0  ms
success		1       32      3       37      3       0       60971.52  68      29500.0  ms
success		1       33      1       35      1       0       60386.86  67      29500.0  ms
success		1       34      1       59      1       0       60088.17  66      29500.0  ms
success		1       35      2       61      2       0       59546.10  65      29500.0  ms
success		1       36      1       9       1       0       58334.62  64      29500.0  ms
success		1       37      1       41      1       0       57194.08  63      29500.0  ms
success		1       38      3       39      3       0       56880.58  62      29500.0  ms
success		1       39      2       47      2       0       55249.14  61      29500.0  ms
success		1       40      4       10      4       0       54987.04  60      29500.0  ms
success		1       41      3       37      3       0       53823.19  59      29500.0  ms
success		1       42      3       23      3       0       52152.83  58      29500.0  ms
success		1       43      1       33      1       0       51769.24  57      29500.0  ms
success		1       44      1       27      1       0       50251.55  56      29500.0  ms
success		1       45      1       23      1       0       49811.72  55      29500.0  ms
success		1       46      1       33      1       0       48813.07  54      29500.0  ms
success		1       47      2       32      2       0       48522.97  53      29500.0  ms
success		1       48      3       27      3       0       47752.03  52      29500.0  ms
success		1       49      2       30      2       0       47206.77  51      29500.0  ms
success		1       50      1       20      1       0       46725.00  50      29500.0  ms
success		1       51      4       17      4       0       46440.94  49      29500.0  ms
success		1       52      1       24      1       0       45082.07  48      29500.0  ms
success		1       53      3       31      3       0       45042.01  47      29500.0  ms
success		1       54      2       43      2       0       44773.47  46      29500.0  ms
success		1       55      2       43      2       0       44233.71  45      29500.0  ms
success		1       56      2       37      2       0       42915.11  44      29500.0  ms
success		1       57      3       30      3       0       42573.50  43      29500.0  ms
success		1       58      2       34      2       0       42661.93  42      29500.0  ms
success		1       59      1       33      1       0       42241.77  41      29500.0  ms
success		1       60      3       31      3       0       41376.20  40      29500.0  ms
success		1       61      3       24      3       0       40676.63  39      29500.0  ms
success		1       62      4       1       4       0       39885.67  38      29500.0  ms
success		1       63      4       8       4       0       38263.36  37      29500.0  ms
success		1       64      3       0       3       0       37353.29  36      29500.0  ms
success		1       65      1       34      1       0       37200.93  35      29500.0  ms
success		1       66      2       32      2       0       36639.86  34      29500.0  ms
success		1       67      3       26      3       0       36303.99  33      29515.0  ms
success		1       68      1       29      1       0       35595.54  32      29515.0  ms
success		1       69      4       27      4       0       35405.41  31      29515.0  ms
success		1       70      7       20      7       0       35341.88  30      29515.0  ms
success		1       71      4       25      4       0       35015.56  29      29515.0  ms
success		1       72      2       26      2       0       34271.15  28      29515.0  ms
success		1       73      6       5       6       0       33910.51  27      29515.0  ms
success		1       74      5       6       5       0       32765.31  26      29515.0  ms
success		1       75      3       21      3       0       31739.41  25      29515.0  ms
success		1       76      4       8       4       0       30619.52  24      29515.0  ms
success		1       77      5       14      5       0       29570.42  23      29515.0  ms
success		1       78      5       11      5       0       28042.51  22      29515.0  ms
success		1       79      4       9       4       0       27011.33  21      29515.0  ms
success		1       80      3       14      3       0       26420.01  20      29515.0  ms
success		1       81      1       14      1       0       25337.46  19      29515.0  ms
success		1       82      6       8       6       0       23922.35  18      29515.0  ms
success		1       83      7       7       7       0       22022.26  17      29515.0  ms
success		1       84      8       2       8       0       22564.57  16      29515.0  ms
success		1       85      5       3       5       0       21354.07  15      29515.0  ms
success		1       86      3       8       3       0       20070.02  14      29515.0  ms
success		1       87      8       13      8       0       18537.88  13      29515.0  ms
success		1       88      9       4       9       0       17603.50  12      29515.0  ms
success		1       89      7       11      6       0       16299.18  11      29515.0  ms
success		1       90      9       0       9       0       14877.85  10      29515.0  ms
success		1       91      11      3       11      0       13729.87  9       29515.0  ms
success		1       92      14      6       13      0       12618.07  8       29515.0  ms
success		1       93      18      7       9       0       11374.54  7       29546.0  ms
success		1       94      28      0       17      0       9411.57   6       29624.0  ms
success		1       95      175     3       19      0       7783.73   5       31761.0  ms
success		1       0       1       93      1       0       79515.28  100     61666.0  ms
success		1       1       1       64      1       0       79197.92  99      61666.0  ms
success		1       2       1       69      1       0       78323.43  98      61666.0  ms
success		1       3       1       36      1       0       77793.48  97      61666.0  ms
success		1       4       1       44      1       0       76856.87  96      61666.0  ms
success		1       5       1       7       1       0       76340.55  95      61666.0  ms
success		1       6       1       72      1       0       76256.75  94      61666.0  ms
success		1       7       1       46      1       0       76170.74  93      61666.0  ms
success		1       8       1       70      1       0       76108.45  92      61666.0  ms
success		1       9       1       89      1       0       75689.06  91      61666.0  ms
success		1       10      1       40      1       0       75323.45  90      61666.0  ms
success		1       11      1       6       1       0       73746.62  89      61666.0  ms
success		1       12      1       81      1       0       73438.95  88      61666.0  ms
success		1       13      1       81      1       0       73267.28  87      61666.0  ms
success		1       14      2       49      2       0       72942.57  86      61666.0  ms
success		1       15      1       72      1       0       72247.07  85      61666.0  ms
success		1       16      1       77      1       0       71034.35  84      61666.0  ms
success		1       17      2       39      2       0       70961.55  83      61666.0  ms
success		1       18      1       66      1       0       70396.85  82      61666.0  ms
success		1       19      1       28      1       0       68990.75  81      61666.0  ms
success		1       20      2       44      2       0       68885.39  80      61666.0  ms
success		1       21      1       42      1       0       68698.03  79      61666.0  ms
success		1       22      1       32      1       0       68162.18  78      61666.0  ms
success		1       23      1       13      1       0       67518.97  77      61666.0  ms
success		1       24      1       58      1       0       67155.37  76      61666.0  ms
success		1       25      1       41      1       0       66532.58  75      61666.0  ms
success		1       26      1       18      1       0       65956.47  74      61682.0  ms
success		1       27      1       33      1       0       65333.84  73      61682.0  ms
success		1       28      2       46      2       0       64816.43  72      61682.0  ms
success		1       29      1       26      1       0       64499.55  71      61682.0  ms
success		1       30      1       68      1       0       64445.74  70      61682.0  ms
success		1       31      1       26      1       0       64275.30  69      61682.0  ms
success		1       32      1       2       1       0       64069.38  68      61682.0  ms
success		1       33      2       20      2       0       62873.52  67      61682.0  ms
success		1       34      1       1       1       0       61751.09  66      61682.0  ms
success		1       35      2       27      2       0       61369.99  65      61682.0  ms
success		1       36      2       3       2       0       61035.44  64      61682.0  ms
success		1       37      3       11      3       0       60341.94  63      61682.0  ms
success		1       38      1       23      1       0       59880.75  62      61682.0  ms
success		1       39      5       28      5       0       58679.07  61      61682.0  ms
success		1       40      2       10      2       0       56787.53  60      61682.0  ms
success		1       41      1       51      1       0       55685.77  59      61682.0  ms
success		1       42      1       58      1       0       55142.13  58      61682.0  ms
success		1       43      1       7       1       0       54470.16  57      61682.0  ms
success		1       44      1       20      1       0       53542.16  56      61682.0  ms
success		1       45      1       25      1       0       53277.63  55      61682.0  ms
success		1       46      1       10      1       0       52252.30  54      61682.0  ms
success		1       47      2       11      2       0       51898.09  53      61682.0  ms
success		1       48      1       18      1       0       51079.10  52      61682.0  ms
success		1       49      4       8       4       0       50300.26  51      61682.0  ms
success		1       50      2       7       2       0       49925.29  50      61682.0  ms
success		1       51      3       30      3       0       50082.97  49      61682.0  ms
success		1       52      2       11      2       0       49624.65  48      61682.0  ms
success		1       53      2       26      2       0       48419.17  47      61682.0  ms
success		1       54      2       0       2       0       48399.98  46      61682.0  ms
success		1       55      1       5       1       0       46615.84  45      61682.0  ms
success		1       56      2       15      2       0       46298.96  44      61682.0  ms
success		1       57      3       24      3       0       45885.54  43      61682.0  ms
success		1       58      2       35      2       0       44689.97  42      61682.0  ms
success		1       59      1       21      1       0       44092.88  41      61682.0  ms
success		1       60      2       34      2       0       42713.55  40      61682.0  ms
success		1       61      3       6       3       0       42146.94  39      61682.0  ms
success		1       62      5       16      5       0       41059.90  38      61682.0  ms
success		1       63      5       31      5       0       40437.29  37      61682.0  ms
success		1       64      2       4       2       0       39958.70  36      61682.0  ms
success		1       65      3       13      3       0       38587.60  35      61682.0  ms
success		1       66      2       28      2       0       37805.22  34      61682.0  ms
success		1       67      6       23      6       0       36762.65  33      61682.0  ms
success		1       68      1       26      1       0       35147.54  32      61682.0  ms
success		1       69      2       13      2       0       34532.42  31      61682.0  ms
success		1       70      3       1       3       0       33081.88  30      61682.0  ms
success		1       71      6       21      6       0       32322.67  29      61682.0  ms
success		1       72      2       10      2       0       30373.76  28      61682.0  ms
success		1       73      5       1       5       0       29724.02  27      61682.0  ms
success		1       74      4       1       4       0       29782.68  26      61682.0  ms
success		1       75      4       7       4       0       29178.89  25      61682.0  ms
success		1       76      2       20      2       0       29048.56  24      61682.0  ms
success		1       77      6       11      6       0       27750.86  23      61682.0  ms
success		1       78      3       2       3       0       26419.86  22      61682.0  ms
success		1       79      6       20      6       0       25271.30  21      61682.0  ms
success		1       80      9       3       9       0       25029.07  20      61682.0  ms
success		1       81      4       7       4       0       23689.37  19      61682.0  ms
success		1       82      7       6       7       0       23601.18  18      61682.0  ms
success		1       83      4       1       4       0       22113.12  17      61682.0  ms
success		1       84      9       0       9       0       22966.99  16      61682.0  ms
success		1       85      4       3       4       0       21469.08  15      61682.0  ms
success		1       86      9       11      9       0       19996.84  14      61682.0  ms
success		1       87      6       4       6       0       18198.95  13      61682.0  ms
success		1       88      10      8       10      0       17472.70  12      61682.0  ms
success		1       89      10      5       10      0       15777.54  11      61682.0  ms
success		1       90      11      9       10      0       14945.41  10      61682.0  ms
success		1       91      9       8       7       0       13682.62  9       61698.0  ms
success		1       92      19      3       17      0       12462.28  8       61713.0  ms
success		1       93      18      4       12      0       11804.80  7       61729.0  ms
success		1       94      26      1       18      0       9746.04   6       61791.0  ms
success		1       95      80      1       20      0       7847.37   5       62446.0  ms
success		1       0       1       37      1       0       78932.39  100     87936.0  ms
success		1       1       1       78      1       0       78424.09  99      87936.0  ms
success		1       2       1       24      1       0       77395.18  98      87936.0  ms
success		1       3       1       55      1       0       76753.40  97      87936.0  ms
success		1       4       1       46      1       0       76485.61  96      87936.0  ms
success		1       5       1       72      1       0       76389.24  95      87936.0  ms
success		1       6       1       57      1       0       76367.38  94      87936.0  ms
success		1       7       1       30      1       0       75700.82  93      87936.0  ms
success		1       8       1       48      1       0       75431.76  92      87936.0  ms
success		1       9       1       83      1       0       75150.14  91      87936.0  ms
success		1       10      1       2       1       0       74762.09  90      87936.0  ms
success		1       11      1       69      1       0       73510.42  89      87936.0  ms
success		1       12      1       63      1       0       71752.08  88      87936.0  ms
success		1       13      1       69      1       0       71213.31  87      87936.0  ms
success		1       14      1       29      1       0       70811.96  86      87936.0  ms
success		1       15      1       79      1       0       70555.94  85      87936.0  ms
success		1       16      1       72      1       0       69847.97  84      87936.0  ms
success		1       17      2       34      2       0       69546.88  83      87936.0  ms
success		1       18      1       20      1       0       68965.28  82      87936.0  ms
success		1       19      1       51      1       0       68376.31  81      87936.0  ms
success		1       20      1       51      1       0       68123.43  80      87936.0  ms
success		1       21      1       45      1       0       67005.94  79      87936.0  ms
success		1       22      1       49      1       0       66214.25  78      87936.0  ms
success		1       23      1       35      1       0       65871.23  77      87936.0  ms
success		1       24      1       17      1       0       65541.61  76      87936.0  ms
success		1       25      1       64      1       0       64387.40  75      87936.0  ms
success		1       26      1       38      1       0       62719.85  74      87936.0  ms
success		1       27      1       34      1       0       61082.36  73      87936.0  ms
success		1       28      1       22      1       0       60944.65  72      87936.0  ms
success		1       29      2       6       2       0       60070.35  71      87936.0  ms
success		1       30      1       16      1       0       59661.16  70      87936.0  ms
success		1       31      1       20      1       0       59401.08  69      87936.0  ms
success		1       32      1       37      1       0       58350.12  68      87936.0  ms
success		1       33      1       43      1       0       58205.66  67      87936.0  ms
success		1       34      1       43      1       0       58118.68  66      87936.0  ms
success		1       35      1       24      1       0       57311.49  65      87936.0  ms
success		1       36      1       44      1       0       56050.62  64      87936.0  ms
success		1       37      1       35      1       0       55472.40  63      87936.0  ms
success		1       38      1       37      1       0       55203.55  62      87936.0  ms
success		1       39      1       49      1       0       54218.23  61      87936.0  ms
success		1       40      1       37      1       0       53824.40  60      87936.0  ms
success		1       41      1       15      1       0       53428.95  59      87936.0  ms
success		1       42      1       41      1       0       52407.28  58      87936.0  ms
success		1       43      2       38      2       0       51409.12  57      87936.0  ms
success		1       44      1       2       1       0       51158.24  56      87936.0  ms
success		1       45      1       38      1       0       50806.98  55      87936.0  ms
success		1       46      1       17      1       0       49605.13  54      87936.0  ms
success		1       47      2       5       2       0       49629.34  53      87952.0  ms
success		1       48      3       20      3       0       48128.74  52      87952.0  ms
success		1       49      2       20      2       0       47867.86  51      87952.0  ms
success		1       50      2       13      2       0       47441.73  50      87952.0  ms
success		1       51      2       16      2       0       46893.57  49      87952.0  ms
success		1       52      2       6       2       0       46584.52  48      87952.0  ms
success		1       53      1       13      1       0       46272.87  47      87952.0  ms
success		1       54      4       33      4       0       45542.67  46      87952.0  ms
success		1       55      1       33      1       0       45013.97  45      87952.0  ms
success		1       56      2       1       2       0       44122.18  44      87952.0  ms
success		1       57      2       33      2       0       43477.96  43      87952.0  ms
success		1       58      2       24      2       0       42362.11  42      87952.0  ms
success		1       59      3       0       3       0       42352.53  41      87952.0  ms
success		1       60      1       34      1       0       42236.78  40      87952.0  ms
success		1       61      1       24      1       0       41715.57  39      87952.0  ms
success		1       62      1       14      1       0       41051.09  38      87952.0  ms
success		1       63      1       17      1       0       39673.45  37      87952.0  ms
success		1       64      3       34      3       0       38171.06  36      87952.0  ms
success		1       65      5       8       5       0       37446.53  35      87952.0  ms
success		1       66      4       3       4       0       36399.12  34      87952.0  ms
success		1       67      3       9       3       0       36033.10  33      87952.0  ms
success		1       68      2       30      2       0       36038.05  32      87952.0  ms
success		1       69      2       27      2       0       35539.15  31      87952.0  ms
success		1       70      3       13      3       0       35122.43  30      87952.0  ms
success		1       71      3       14      3       0       34588.38  29      87952.0  ms
success		1       72      3       22      3       0       34338.77  28      87952.0  ms
success		1       73      9       7       9       0       33132.75  27      87952.0  ms
success		1       74      3       7       3       0       32173.72  26      87952.0  ms
success		1       75      2       9       2       0       30686.16  25      87952.0  ms
success		1       76      3       0       3       0       30947.04  24      87952.0  ms
success		1       77      4       6       4       0       29918.55  23      87952.0  ms
success		1       78      3       3       3       0       29209.99  22      87952.0  ms
success		1       79      3       21      3       0       28240.00  21      87952.0  ms
success		1       80      4       15      4       0       27511.07  20      87952.0  ms
success		1       81      7       18      7       0       26057.77  19      87952.0  ms
success		1       82      5       8       5       0       25368.67  18      87952.0  ms
success		1       83      5       4       5       0       23347.10  17      87952.0  ms
success		1       84      1       8       1       0       21469.65  16      87952.0  ms
success		1       85      4       9       4       0       20248.62  15      87952.0  ms
success		1       86      5       7       5       0       19523.69  14      87952.0  ms
success		1       87      4       6       4       0       18532.96  13      87952.0  ms
success		1       88      4       7       4       0       17894.07  12      87952.0  ms
success		1       89      5       9       5       0       16814.08  11      87952.0  ms
success		1       90      14      1       13      0       15429.60  10      87952.0  ms
success		1       91      10      0       9       0       14268.74  9       87968.0  ms
success		1       92      13      2       11      0       12887.77  8       87968.0  ms
success		1       93      21      6       13      0       11274.74  7       87999.0  ms
success		1       94      41      0       14      0       9065.12   6       88248.0  ms
success		1       95      101     0       17      0       8097.78   5       89824.0  ms
success		1       0       1       71      1       0       79492.68  100     131257.0 ms
success		1       1       1       5       1       0       78083.28  99      131257.0 ms
success		1       2       1       61      1       0       77825.83  98      131257.0 ms
success		1       3       1       14      1       0       77532.43  97      131257.0 ms
success		1       4       1       86      1       0       77228.60  96      131257.0 ms
success		1       5       1       30      1       0       76794.21  95      131257.0 ms
success		1       6       1       90      1       0       75439.39  94      131257.0 ms
success		1       7       1       34      1       0       75123.03  93      131257.0 ms
success		1       8       1       91      1       0       74642.68  92      131257.0 ms
success		1       9       1       0       1       0       74487.54  91      131257.0 ms
success		1       10      1       71      1       0       73257.11  90      131257.0 ms
success		1       11      1       19      1       0       72902.41  89      131257.0 ms
success		1       12      1       44      1       0       72688.55  88      131257.0 ms
success		1       13      1       65      1       0       72246.67  87      131273.0 ms
success		1       14      1       72      1       0       71791.52  86      131273.0 ms
success		1       15      2       34      2       0       71007.40  85      131273.0 ms
success		1       16      1       54      1       0       70375.48  84      131273.0 ms
success		1       17      2       37      2       0       70269.88  83      131273.0 ms
success		1       18      1       65      1       0       69727.67  82      131273.0 ms
success		1       19      1       53      1       0       69359.71  81      131273.0 ms
success		1       20      1       52      1       0       69200.49  80      131273.0 ms
success		1       21      1       15      1       0       68870.86  79      131273.0 ms
success		1       22      1       7       1       0       68688.76  78      131273.0 ms
success		1       23      2       75      2       0       68576.35  77      131273.0 ms
success		1       24      1       63      1       0       68302.24  76      131273.0 ms
success		1       25      1       63      1       0       67145.04  75      131273.0 ms
success		1       26      1       64      1       0       66487.68  74      131273.0 ms
success		1       27      1       43      1       0       65406.93  73      131273.0 ms
success		1       28      3       52      3       0       65575.41  72      131273.0 ms
success		1       29      1       37      1       0       64605.48  71      131273.0 ms
success		1       30      2       17      2       0       64319.29  70      131273.0 ms
success		1       31      1       40      1       0       63574.39  69      131273.0 ms
success		1       32      2       10      2       0       62977.80  68      131273.0 ms
success		1       33      1       40      1       0       61782.33  67      131273.0 ms
success		1       34      1       46      1       0       61589.07  66      131273.0 ms
success		1       35      1       43      1       0       60932.72  65      131273.0 ms
success		1       36      1       33      1       0       60415.87  64      131273.0 ms
success		1       37      2       43      2       0       59985.47  63      131273.0 ms
success		1       38      3       1       3       0       59554.01  62      131273.0 ms
success		1       39      2       45      2       0       59041.17  61      131273.0 ms
success		1       40      2       4       2       0       58599.84  60      131273.0 ms
success		1       41      2       20      2       0       57899.28  59      131273.0 ms
success		1       42      1       11      1       0       57348.82  58      131273.0 ms
success		1       43      1       6       1       0       56807.79  57      131273.0 ms
success		1       44      1       39      1       0       55930.66  56      131273.0 ms
success		1       45      1       15      1       0       55708.67  55      131273.0 ms
success		1       46      1       27      1       0       54021.65  54      131273.0 ms
success		1       47      1       2       1       0       53083.85  53      131273.0 ms
success		1       48      2       7       2       0       52572.28  52      131273.0 ms
success		1       49      2       8       2       0       50917.71  51      131273.0 ms
success		1       50      3       15      3       0       49483.52  50      131273.0 ms
success		1       51      2       21      2       0       49031.83  49      131273.0 ms
success		1       52      1       22      1       0       48829.19  48      131273.0 ms
success		1       53      2       6       2       0       48349.88  47      131273.0 ms
success		1       54      2       5       2       0       47941.44  46      131273.0 ms
success		1       55      2       29      2       0       47308.46  45      131273.0 ms
success		1       56      1       12      1       0       47020.24  44      131273.0 ms
success		1       57      2       3       2       0       46744.35  43      131273.0 ms
success		1       58      5       22      5       0       46426.51  42      131273.0 ms
success		1       59      1       6       1       0       45250.89  41      131273.0 ms
success		1       60      3       35      3       0       44677.03  40      131273.0 ms
success		1       61      3       1       3       0       44347.93  39      131273.0 ms
success		1       62      4       6       4       0       44421.22  38      131273.0 ms
success		1       63      4       36      4       0       43869.32  37      131273.0 ms
success		1       64      2       35      2       0       43231.18  36      131273.0 ms
success		1       65      3       28      3       0       41979.20  35      131273.0 ms
success		1       66      5       24      5       0       40688.12  34      131273.0 ms
success		1       67      2       24      2       0       40639.46  33      131273.0 ms
success		1       68      3       6       3       0       39943.78  32      131273.0 ms
success		1       69      1       0       1       0       38839.60  31      131273.0 ms
success		1       70      5       29      5       0       38325.22  30      131273.0 ms
success		1       71      1       23      1       0       37012.40  29      131273.0 ms
success		1       72      5       19      5       0       36552.75  28      131273.0 ms
success		1       73      5       13      5       0       35036.52  27      131273.0 ms
success		1       74      1       7       1       0       33592.74  26      131273.0 ms
success		1       75      1       5       1       0       33133.96  25      131273.0 ms
success		1       76      2       15      2       0       32121.56  24      131273.0 ms
success		1       77      1       14      1       0       30839.81  23      131273.0 ms
success		1       78      6       0       6       0       29531.65  22      131273.0 ms
success		1       79      8       12      8       0       28284.79  21      131273.0 ms
success		1       80      6       16      6       0       27381.37  20      131273.0 ms
success		1       81      5       9       5       0       26358.83  19      131273.0 ms
success		1       82      7       12      7       0       24723.62  18      131273.0 ms
success		1       83      3       8       3       0       23162.47  17      131273.0 ms
success		1       84      10      15      10      0       21666.07  16      131273.0 ms
success		1       85      7       13      7       0       20409.67  15      131273.0 ms
success		1       86      7       0       7       0       18737.51  14      131273.0 ms
success		1       87      9       6       9       0       17559.90  13      131273.0 ms
success		1       88      9       11      9       0       16997.92  12      131273.0 ms
success		1       89      5       4       5       0       16091.53  11      131273.0 ms
success		1       90      9       8       9       0       14351.66  10      131273.0 ms
success		1       91      11      7       9       0       14542.56  9       131288.0 ms
success		1       92      14      0       11      0       13450.13  8       131304.0 ms
success		1       93      14      5       11      0       11259.97  7       131351.0 ms
success		1       94      30      5       14      0       9495.02   6       131616.0 ms
success		1       95      80      1       14      0       7418.26   5       133020.0 ms
success		1       0       1       99      1       0       79437.81  100     170865.0 ms
success		1       1       1       27      1       0       79087.01  99      170865.0 ms
success		1       2       1       81      1       0       78647.66  98      170865.0 ms
success		1       3       1       64      1       0       76941.80  97      170865.0 ms
success		1       4       2       88      2       0       76641.14  96      170865.0 ms
success		1       5       1       68      1       0       75906.16  95      170865.0 ms
success		1       6       1       93      1       0       75470.37  94      170865.0 ms
success		1       7       1       57      1       0       75278.54  93      170865.0 ms
success		1       8       1       57      1       0       74819.35  92      170865.0 ms
success		1       9       1       25      1       0       73949.12  91      170865.0 ms
success		1       10      1       33      1       0       72844.45  90      170865.0 ms
success		1       11      1       47      1       0       72742.84  89      170865.0 ms
success		1       12      1       47      1       0       72493.73  88      170865.0 ms
success		1       13      1       23      1       0       71914.30  87      170865.0 ms
success		1       14      1       36      1       0       70826.22  86      170865.0 ms
success		1       15      1       15      1       0       70330.00  85      170865.0 ms
success		1       16      1       30      1       0       69058.09  84      170865.0 ms
success		1       17      1       46      1       0       67991.02  83      170865.0 ms
success		1       18      1       59      1       0       67787.03  82      170865.0 ms
success		1       19      1       39      1       0       67437.14  81      170865.0 ms
success		1       20      1       28      1       0       67066.22  80      170865.0 ms
success		1       21      1       29      1       0       65476.93  79      170865.0 ms
success		1       22      2       13      2       0       65191.25  78      170865.0 ms
success		1       23      1       77      1       0       64600.52  77      170865.0 ms
success		1       24      1       48      1       0       64413.35  76      170865.0 ms
success		1       25      1       26      1       0       63254.26  75      170865.0 ms
success		1       26      1       65      1       0       62680.35  74      170865.0 ms
success		1       27      2       40      2       0       62230.53  73      170865.0 ms
success		1       28      1       48      1       0       61969.41  72      170865.0 ms
success		1       29      2       5       2       0       60712.78  71      170865.0 ms
success		1       30      1       66      1       0       60608.72  70      170865.0 ms
success		1       31      3       53      3       0       60107.50  69      170865.0 ms
success		1       32      3       40      3       0       59457.55  68      170865.0 ms
success		1       33      1       63      1       0       59301.60  67      170865.0 ms
success		1       34      1       33      1       0       57765.95  66      170865.0 ms
success		1       35      1       11      1       0       57085.01  65      170865.0 ms
success		1       36      1       53      1       0       55655.62  64      170865.0 ms
success		1       37      2       8       2       0       54144.16  63      170865.0 ms
success		1       38      2       44      2       0       52743.98  62      170865.0 ms
success		1       39      1       47      1       0       52660.56  61      170865.0 ms
success		1       40      1       36      1       0       51543.02  60      170865.0 ms
success		1       41      1       42      1       0       51396.88  59      170865.0 ms
success		1       42      1       27      1       0       51223.82  58      170865.0 ms
success		1       43      1       30      1       0       49697.63  57      170865.0 ms
success		1       44      1       38      1       0       48758.13  56      170865.0 ms
success		1       45      2       17      2       0       48843.35  55      170865.0 ms
success		1       46      2       37      2       0       48258.18  54      170865.0 ms
success		1       47      2       38      2       0       48306.66  53      170865.0 ms
success		1       48      1       12      1       0       47811.86  52      170865.0 ms
success		1       49      4       35      4       0       47228.10  51      170865.0 ms
success		1       50      3       43      3       0       46451.63  50      170865.0 ms
success		1       51      2       1       2       0       45113.54  49      170865.0 ms
success		1       52      4       17      4       0       44641.81  48      170865.0 ms
success		1       53      1       25      1       0       44442.81  47      170865.0 ms
success		1       54      2       20      2       0       44218.15  46      170865.0 ms
success		1       55      3       6       3       0       42905.48  45      170865.0 ms
success		1       56      2       15      2       0       41858.17  44      170865.0 ms
success		1       57      4       9       4       0       41058.60  43      170865.0 ms
success		1       58      4       12      4       0       40687.40  42      170865.0 ms
success		1       59      4       2       4       0       40019.82  41      170865.0 ms
success		1       60      2       27      2       0       39247.84  40      170881.0 ms
success		1       61      2       34      2       0       38870.84  39      170881.0 ms
success		1       62      6       19      6       0       37718.47  38      170881.0 ms
success		1       63      6       30      6       0       38627.66  37      170881.0 ms
success		1       64      1       16      1       0       38019.75  36      170881.0 ms
success		1       65      1       27      1       0       37436.96  35      170881.0 ms
success		1       66      1       34      1       0       37331.77  34      170881.0 ms
success		1       67      1       1       1       0       36976.46  33      170881.0 ms
success		1       68      2       9       2       0       36579.27  32      170881.0 ms
success		1       69      2       22      2       0       35175.39  31      170881.0 ms
success		1       70      3       1       3       0       33824.90  30      170881.0 ms
success		1       71      3       26      3       0       32727.24  29      170881.0 ms
success		1       72      3       27      3       0       32396.39  28      170881.0 ms
success		1       73      3       5       3       0       31722.79  27      170881.0 ms
success		1       74      5       1       5       0       30671.79  26      170881.0 ms
success		1       75      6       9       6       0       29424.32  25      170881.0 ms
success		1       76      7       2       7       0       28876.04  24      170881.0 ms
success		1       77      4       18      4       0       28120.14  23      170881.0 ms
success		1       78      6       14      6       0       26246.05  22      170881.0 ms
success		1       79      2       19      2       0       25694.39  21      170881.0 ms
success		1       80      6       18      6       0       25880.37  20      170881.0 ms
success		1       81      6       10      6       0       25072.28  19      170881.0 ms
success		1       82      8       10      8       0       25564.25  18      170881.0 ms
success		1       83      5       4       5       0       23801.98  17      170881.0 ms
success		1       84      2       2       2       0       23132.06  16      170881.0 ms
success		1       85      6       6       6       0       22233.99  15      170881.0 ms
success		1       86      5       12      5       0       20826.45  14      170881.0 ms
success		1       87      4       11      4       0       19454.06  13      170881.0 ms
success		1       88      9       4       9       0       18290.56  12      170881.0 ms
success		1       89      8       0       8       0       17047.47  11      170881.0 ms
success		1       90      10      10      9       0       15535.69  10      170881.0 ms
success		1       91      14      6       13      0       13556.54  9       170881.0 ms
success		1       92      12      5       8       0       12812.80  8       170896.0 ms
success		1       93      17      1       13      0       11496.52  7       170927.0 ms
success		1       94      34      1       15      0       9806.37   6       171083.0 ms
success		1       95      109     2       17      0       8143.98   5       172784.0 ms
cross iterater0
rand   	success		6115.23   8203.10   5       210254.0 ms cross
rand   	success		6604.72   7898.47   5       211003.0 ms cross
ab
ab7	3
cross iterater1
rand   	success		6555.77   7969.37   5       212314.0 ms cross
rand   	success		6952.19   7741.98   5       213686.0 ms cross
ab
ab7	4
cross iterater2
rand   	success		7091.07   8180.94   5       215714.0 ms cross
rand   	success		6772.90   7676.46   5       216307.0 ms cross
ab
ab7	0
cross iterater3
ab
ab6	2
ab7	5
cross iterater4
rand   	success		6317.31   7843.39   5       217633.0 ms cross
rand   	success		6739.24   7851.83   5       218397.0 ms cross
ab
ab6	4
ab7	0
fail		6288.44   8064.00   5       251157.0 ms
cross iterater5
rand   	success		6566.47   8029.92   5       252233.0 ms cross
rand   	success		6522.37   7848.41   5       252967.0 ms cross
ab
ab6	3
ab7	5
fail		6103.96   7214.76   5       293854.0 ms
fail		6115.49   7509.89   5       324663.0 ms
fail		6388.44   7972.63   5       348032.0 ms
cross iterater6
rand   	success		6573.23   7600.05   5       351573.0 ms cross
rand   	success		6583.70   8110.47   5       352384.0 ms cross
ab
ab7	4
ab6	5
fail		6356.82   7051.20   5       417794.0 ms
fail		6083.26   7440.63   5       442582.0 ms
cross iterater7
rand   	success		6502.76   7288.73   5       442598.0 ms cross
rand   	success		6512.27   7801.86   5       447637.0 ms cross
ab
ab7	2
fail		5796.35   6988.85   5       492080.0 ms
fail		6208.62   7272.64   5       540845.0 ms
cross iterater8
rand   	success		6759.88   8085.30   5       541813.0 ms cross
rand   	success		6658.42   8127.65   5       548505.0 ms cross
ab
ab7	0
ab6	1
fail		6133.66   7919.98   5       582372.0 ms
cross iterater9
rand   	success		6568.11   7662.35   5       584119.0 ms cross
rand   	success		6054.26   7894.51   5       584993.0 ms cross
ab
ab6	2
ab7	4
cross iterater10
rand   	success		6402.08   7728.38   5       589018.0 ms cross
rand   	success		6506.91   7558.38   5       589704.0 ms cross
ab
ab7	1
fail		5501.77   6925.67   5       628501.0 ms
cross iterater11
rand   	success		6800.34   8109.51   5       630607.0 ms cross
rand   	success		6590.04   7957.87   5       632213.0 ms cross
ab
ab7	0
ab6	3
fail		5962.02   7054.51   5       663725.0 ms
fail		5696.79   6828.43   5       708933.0 ms
cross iterater12
rand   	success		6800.82   7672.97   5       710680.0 ms cross
rand   	success		6620.73   7527.77   5       711304.0 ms cross
ab
ab7	3
ab6	0
fail		5968.34   6968.37   5       735406.0 ms
fail		6028.34   7289.52   5       762659.0 ms
cross iterater13
ab
ab7	0
fail		5960.11   6929.56   5       792954.0 ms
cross iterater14
ab
ab6	2
ab7	5
fail		5960.11   6929.56   5       824060.0 ms
fail		6146.72   8159.99   5       855681.0 ms
cross iterater15
rand   	success		6151.08   7700.52   5       856320.0 ms cross
rand   	success		6993.23   7817.31   5       856648.0 ms cross
ab
ab6	5
ab7	1
fail		6207.54   7379.08   5       891544.0 ms
fail		6248.57   7298.07   5       962352.0 ms
fail		5397.54   6456.40   5       1012973.0 ms
cross iterater16
ab
ab7	0
fail		6205.42   7681.85   5       1060194.0 ms
fail		5397.54   6456.40   5       1097696.0 ms
cross iterater17
rand   	success		6733.74   7528.55   5       1097711.0 ms cross
rand   	success		6588.86   8213.31   5       1098632.0 ms cross
ab
ab7	4
fail		5876.84   6624.30   5       1127257.0 ms
fail		5711.66   7094.28   5       1186958.0 ms
fail		6118.03   7013.61   5       1250199.0 ms
cross iterater18
rand   	success		6390.79   7665.46   5       1250215.0 ms cross
rand   	success		6701.29   8040.18   5       1251494.0 ms cross
ab
ab6	5
ab7	3
fail		5642.30   6588.05   5       1289293.0 ms
fail		5862.51   7194.14   5       1309354.0 ms
cross iterater19
rand   	success		6506.14   7898.41   5       1309619.0 ms cross
rand   	success		6541.77   8322.68   5       1309806.0 ms cross
ab
ab7	3
ab6	1
fail		5923.92   7894.03   5       1330538.0 ms
cross iterater20
rand   	success		6857.93   7982.90   5       1331022.0 ms cross
rand   	success		6430.68   7938.63   5       1333487.0 ms cross
ab
ab7	5
ab6	0
fail		6124.58   7453.48   5       1355249.0 ms
cross iterater21
rand   	success		6854.59   7443.49   5       1355280.0 ms cross
rand   	success		6468.07   7861.24   5       1355810.0 ms cross
ab
ab7	0
fail		5815.15   6492.41   5       1383484.0 ms
cross iterater22
rand   	success		6143.58   7960.33   5       1383812.0 ms cross
rand   	success		6431.96   7275.69   5       1383812.0 ms cross
ab
ab7	4
ab6	3
fail		5775.93   6811.35   5       1435962.0 ms
cross iterater23
rand   	success		6531.30   7715.93   5       1436055.0 ms cross
rand   	success		6536.86   7756.06   5       1437428.0 ms cross
ab
ab7	4
ab6	1
fail		5910.30   7486.14   5       1465399.0 ms
fail		6660.93   7037.89   5       1489360.0 ms
cross iterater24
ab
ab6	5
ab7	2
fail		5875.41   7066.83   5       1504523.0 ms
fail		5982.25   6471.04   5       1563334.0 ms
cross iterater25
rand   	success		6054.33   7852.98   5       1564145.0 ms cross
rand   	success		6383.08   7608.60   5       1564847.0 ms cross
ab
ab6	2
ab7	3
fail		6185.14   7057.69   5       1588793.0 ms
fail		5578.73   7296.81   5       1607560.0 ms
cross iterater26
rand   	success		6504.84   7694.39   5       1608230.0 ms cross
rand   	success		6130.29   7686.50   5       1608262.0 ms cross
ab
ab6	4
ab7	5
fail		5933.22   7071.58   5       1630991.0 ms
fail		6205.53   7192.04   5       1655279.0 ms
cross iterater27
rand   	success		6984.17   7839.69   5       1655591.0 ms cross
rand   	success		6540.55   7744.68   5       1656652.0 ms cross
ab
ab6	0
ab7	5
cross iterater28
rand   	success		6394.14   7704.84   5       1656699.0 ms cross
rand   	success		6738.45   7852.28   5       1658243.0 ms cross
ab
ab6	3
ab7	0
fail		6974.93   8113.62   5       1690441.0 ms
fail		6741.21   8159.74   5       1712749.0 ms
cross iterater29
rand   	success		6574.79   8062.40   5       1712765.0 ms cross
rand   	success		6783.24   7700.49   5       1712780.0 ms cross
ab
ab7	5
fail		5790.53   7329.80   5       1738317.0 ms
cross iterater30
rand   	success		6041.78   7395.54   5       1738317.0 ms cross
rand   	success		6779.20   8047.08   5       1738645.0 ms cross
ab
ab7	1
fail		6839.83   8033.32   5       1754494.0 ms
cross iterater31
rand   	success		6570.05   7682.32   5       1755352.0 ms cross
rand   	success		6496.36   7377.18   5       1755524.0 ms cross
ab
ab7	0
fail		5943.80   6726.22   5       1781045.0 ms
fail		6060.14   7175.71   5       1805537.0 ms
cross iterater32
rand   	success		7206.46   7735.30   5       1806332.0 ms cross
rand   	success		6289.06   7718.13   5       1806707.0 ms cross
ab
ab6	1
ab7	3
fail		5768.67   7415.07   5       1847672.0 ms
fail		6287.91   7194.92   5       1878169.0 ms
cross iterater33
rand   	success		6611.60   7633.13   5       1878934.0 ms cross
rand   	success		6714.56   7898.68   5       1884612.0 ms cross
ab
ab6	2
ab7	1
cross iterater34
ab
ab6	3
ab7	4
fail		5932.47   7163.91   5       1918885.0 ms
cross iterater35
rand   	success		6766.36   7903.14   5       1919930.0 ms cross
rand   	success		6206.36   7084.98   5       1919977.0 ms cross
ab
ab6	2
ab7	5
fail		6005.52   6986.75   5       1957650.0 ms
fail		6118.49   6903.30   5       1986978.0 ms
cross iterater36
rand   	success		6618.63   7345.36   5       1988382.0 ms cross
rand   	success		6528.67   8446.05   5       1989677.0 ms cross
ab
ab6	2
ab7	1
fail		5808.54   7513.43   5       2020658.0 ms
cross iterater37
rand   	success		7219.42   7805.02   5       2021500.0 ms cross
rand   	success		6302.95   7662.29   5       2023310.0 ms cross
ab
ab6	3
ab7	5
fail		6430.30   7301.85   5       2062060.0 ms
cross iterater38
rand   	success		6338.76   7803.98   5       2062075.0 ms cross
rand   	success		6450.69   7238.88   5       2062075.0 ms cross
ab
ab6	5
ab7	3
fail		5962.51   8079.07   5       2111636.0 ms
cross iterater39
rand   	success		6390.48   7905.29   5       2114194.0 ms cross
rand   	
ab
ab6	5
ab7	3
fail		6415.42   7803.88   5       2176656.0 ms
fail		5948.38   7266.33   5       2206296.0 ms
cross iterater40
ab
ab6	5
ab7	2
fail		5429.54   6325.64   5       2249991.0 ms
fail		5958.12   7350.38   5       2280566.0 ms
cross iterater41
rand   	success		6872.84   7764.62   5       2281689.0 ms cross
rand   	success		6739.53   7809.30   5       2282984.0 ms cross
ab
ab6	0
ab7	3
fail		5569.56   6551.78   5       2303763.0 ms
fail		6842.51   7665.21   5       2329908.0 ms
fail		5813.01   7229.21   5       2346288.0 ms
cross iterater42
rand   	success		6648.12   7921.41   5       2346647.0 ms cross
rand   	success		6217.34   7973.52   5       2347302.0 ms cross
ab
ab6	3
ab7	2
fail		6123.30   7084.53   5       2382651.0 ms
fail		5778.73   7057.08   5       2409764.0 ms
cross iterater43
rand   	success		6462.22   7872.80   5       2409889.0 ms cross
rand   	success		6859.19   8048.43   5       2411137.0 ms cross
ab
ab6	4
ab7	0
fail		6008.46   7235.62   5       2431385.0 ms
cross iterater44
rand   	success		6560.35   7364.76   5       2431650.0 ms cross
rand   	success		6474.36   7942.82   5       2432321.0 ms cross
ab
ab6	0
fail		6008.46   7235.62   5       2459028.0 ms
fail		5903.39   6554.93   5       2498776.0 ms
fail		5504.86   6940.63   5       2537932.0 ms
cross iterater45
ab
ab6	1
fail		5899.94   8178.44   5       2565512.0 ms
cross iterater46
rand   	success		6467.15   7785.80   5       2567244.0 ms cross
rand   	success		6552.11   8005.32   5       2567930.0 ms cross
ab
ab7	0
fail		5504.86   6940.63   5       2598943.0 ms
cross iterater47
rand   	success		6252.85   7615.38   5       2598958.0 ms cross
rand   	success		6664.07   7800.11   5       2599036.0 ms cross
ab
ab6	2
ab7	3
cross iterater48
rand   	success		6675.22   7926.55   5       2599738.0 ms cross
rand   	success		5841.63   7427.42   5       2599738.0 ms cross
ab
ab6	5
ab7	1
fail		6280.22   8209.97   5       2635353.0 ms
cross iterater49
rand   	success		6893.53   7817.28   5       2635820.0 ms cross
rand   	success		6774.75   7455.29   5       2635820.0 ms cross
ab
ab6	1
cross iterater50
rand   	success		6509.81   7848.18   5       2635820.0 ms cross
rand   	success		7015.17   7820.51   5       2637053.0 ms cross
ab
ab6	3
ab7	1
fail		6060.25   7283.89   5       2659751.0 ms
cross iterater51
ab
ab7	2
ab6	5
fail		6292.80   7400.61   5       2681965.0 ms
fail		5806.07   6860.30   5       2705786.0 ms
cross iterater52
rand   	success		6296.21   7757.51   5       2705832.0 ms cross
rand   	success		6380.90   7293.55   5       2705832.0 ms cross
ab
ab6	4
ab7	0
cross iterater53
rand   	success		6399.04   7630.17   5       2705832.0 ms cross
rand   	success		6702.50   7661.82   5       2710918.0 ms cross
ab
ab6	4
ab7	5
fail		6488.38   7386.28   5       2730964.0 ms
fail		6294.99   7473.37   5       2753817.0 ms
cross iterater54
ab
ab6	2
fail		5941.54   7132.96   5       2774690.0 ms
fail		6015.10   6616.22   5       2804220.0 ms
cross iterater55
rand   	success		6542.22   8232.86   5       2804564.0 ms cross
rand   	success		6702.25   8092.77   5       2805156.0 ms cross
ab
ab6	1
ab7	2
fail		6208.73   7763.43   5       2826996.0 ms
cross iterater56
rand   	success		5939.00   7782.48   5       2826996.0 ms cross
rand   	success		6333.84   7674.47   5       2827948.0 ms cross
ab
ab6	2
ab7	3
fail		6138.31   7311.96   5       2846418.0 ms
cross iterater57
rand   	success		6687.14   8250.48   5       2847291.0 ms cross
rand   	success		6728.10   7808.68   5       2848539.0 ms cross
ab
ab7	2
ab6	0
fail		6138.31   7311.96   5       2917428.0 ms
fail		6532.17   7929.85   5       2945695.0 ms
cross iterater58
rand   	success		6119.50   7673.84   5       2946584.0 ms cross
rand   	success		6703.90   7736.49   5       2947707.0 ms cross
ab
ab7	2
ab6	3
fail		6350.48   7856.62   5       2974477.0 ms
cross iterater59
rand   	success		7022.22   7931.29   5       2975974.0 ms cross
rand   	success		6551.05   7447.47   5       2976224.0 ms cross
ab
ab7	5
ab6	1
fail		6482.66   7387.99   5       3018998.0 ms
fail		6119.29   7233.65   5       3049293.0 ms
cross iterater60
rand   	success		6648.17   7512.50   5       3049917.0 ms cross
rand   	success		6289.18   8033.25   5       3050042.0 ms cross
ab
ab6	0
ab7	1
fail		6235.96   7017.56   5       3082755.0 ms
fail		6103.48   7461.37   5       3101194.0 ms
cross iterater61
ab
ab6	4
ab7	5
fail		7172.25   8068.97   5       3117371.0 ms
fail		6482.66   7387.99   5       3147369.0 ms
cross iterater62
rand   	success		6834.49   8019.15   5       3148180.0 ms cross
rand   	success		6666.29   7348.22   5       3148508.0 ms cross
ab
ab6	1
fail		5815.12   6968.19   5       3168164.0 ms
cross iterater63
rand   	success		6313.09   7217.08   5       3168928.0 ms cross
rand   	success		6620.85   7859.58   5       3170285.0 ms cross
ab
ab7	0
fail		6242.57   7092.19   5       3191891.0 ms
fail		5815.12   6968.19   5       3207959.0 ms
fail		5911.69   6972.08   5       3285677.0 ms
fail		5613.63   7188.22   5       3305208.0 ms
cross iterater64
rand   	success		6316.97   8163.12   5       3305754.0 ms cross
rand   	success		6575.32   7931.38   5       3306331.0 ms cross
ab
ab6	2
ab7	4
fail		6093.87   7134.50   5       3339356.0 ms
fail		5702.94   6333.35   5       3444779.0 ms
cross iterater65
rand   	success		6203.70   7744.44   5       3444795.0 ms cross
rand   	success		6739.65   8181.16   5       3445403.0 ms cross
ab
ab6	3
ab7	4
fail		6286.17   7568.50   5       3495042.0 ms
fail		5802.85   6707.20   5       3529829.0 ms
cross iterater66
rand   	success		6724.31   7926.99   5       3530017.0 ms cross
rand   	success		6945.60   7924.36   5       3531171.0 ms cross
ab
ab6	5
ab7	3
fail		5756.13   6559.93   5       3594912.0 ms
fail		6078.05   6821.67   5       3620417.0 ms
cross iterater67

R.size:5

1		162	49	6	200	47	103	63	26	25	104	164	181	42	172	62	10	122	35	77	20	159	5	138	46	197	170	186	130	171	150	139	125	109	129	110	81	194	107	158	41	55	80	126	11	174	175	75	148	83	36	
2		142	153	163	24	131	196	15	156	102	169	167	18	7	68	136	48	124	179	184	183	51	27	152	40	119	16	98	3	43	180	190	61	72	161	198	111	79	44	116	91	145	95	8	97	120	93	39	19	
3		140	54	12	155	88	127	199	28	14	78	149	187	132	188	29	21	166	143	89	58	118	113	134	105	144	69	176	191	114	50	52	106	22	33	135	115	123	13	60	1	96	157	154	30	67	64	
4		4	92	182	195	133	57	147	165	59	100	37	9	53	31	56	32	38	108	45	85	177	65	128	151	99	168	86	101	160	94	192	23	74	189	117	112	71	137	87	121	17	90	70	201	178	73	193	76	185	141	66	82	34	2	146	202	
5		173	84	

data1/pdp200/LRC2_2_9.txt
total_cost 5397.542708

