success		1       0       1       98      1       0       67729.89  100     16.0     ms
success		1       1       1       0       1       0       67727.57  99      16.0     ms
success		1       2       1       82      1       0       67457.24  98      16.0     ms
success		1       3       2       15      2       0       67181.54  97      16.0     ms
success		1       4       1       9       1       0       66838.47  96      16.0     ms
success		1       5       1       53      1       0       66416.58  95      16.0     ms
success		1       6       1       39      1       0       65791.87  94      16.0     ms
success		1       7       1       76      1       0       65527.75  93      16.0     ms
success		1       8       1       32      1       0       64458.01  92      16.0     ms
success		1       9       1       69      1       0       64498.27  91      16.0     ms
success		1       10      1       66      1       0       64331.51  90      16.0     ms
success		1       11      1       27      1       0       64359.89  89      31.0     ms
success		1       12      1       22      1       0       64431.25  88      31.0     ms
success		1       13      1       32      1       0       64444.08  87      31.0     ms
success		1       14      1       33      1       0       64261.22  86      31.0     ms
success		1       15      1       78      1       0       64274.34  85      31.0     ms
success		1       16      1       44      1       0       63801.87  84      31.0     ms
success		1       17      2       52      2       0       63712.15  83      31.0     ms
success		1       18      1       81      1       0       63170.78  82      31.0     ms
success		1       19      2       73      2       0       62855.14  81      31.0     ms
success		1       20      1       15      1       0       61887.69  80      31.0     ms
success		1       21      1       66      1       0       61854.88  79      31.0     ms
success		1       22      1       20      1       0       61046.86  78      31.0     ms
success		1       23      1       72      1       0       60933.40  77      31.0     ms
success		1       24      1       5       1       0       61057.97  76      31.0     ms
success		1       25      1       30      1       0       60498.99  75      31.0     ms
success		1       26      3       23      3       0       60025.07  74      31.0     ms
success		1       27      1       67      1       0       59839.93  73      31.0     ms
success		1       28      2       58      2       0       59520.85  72      31.0     ms
success		1       29      2       57      2       0       58585.70  71      31.0     ms
success		1       30      2       49      2       0       57811.09  70      31.0     ms
success		1       31      1       50      1       0       57832.16  69      31.0     ms
success		1       32      2       32      2       0       56706.25  68      31.0     ms
success		1       33      1       6       1       0       56211.69  67      31.0     ms
success		1       34      2       60      2       0       55621.51  66      31.0     ms
success		1       35      1       20      1       0       54673.56  65      31.0     ms
success		1       36      2       1       2       0       54541.95  64      31.0     ms
success		1       37      2       6       2       0       54504.06  63      31.0     ms
success		1       38      3       9       3       0       54255.63  62      31.0     ms
success		1       39      2       58      2       0       53923.85  61      31.0     ms
success		1       40      2       42      2       0       52764.04  60      31.0     ms
success		1       41      1       1       1       0       52536.37  59      31.0     ms
success		1       42      1       33      1       0       51734.96  58      31.0     ms
success		1       43      1       3       1       0       51296.84  57      31.0     ms
success		1       44      1       44      1       0       51238.80  56      31.0     ms
success		1       45      2       5       2       0       50686.91  55      31.0     ms
success		1       46      2       11      2       0       49322.07  54      31.0     ms
success		1       47      2       8       2       0       48770.48  53      47.0     ms
success		1       48      1       13      1       0       48769.79  52      47.0     ms
success		1       49      1       31      1       0       48804.07  51      47.0     ms
success		1       50      1       3       1       0       48589.90  50      47.0     ms
success		1       51      4       3       4       0       48125.26  49      47.0     ms
success		1       52      1       3       1       0       47320.80  48      47.0     ms
success		1       53      1       24      1       0       46849.38  47      47.0     ms
success		1       54      3       16      3       0       46138.78  46      47.0     ms
success		1       55      4       15      4       0       45083.56  45      47.0     ms
success		1       56      1       7       1       0       43821.97  44      47.0     ms
success		1       57      2       18      2       0       43470.78  43      47.0     ms
success		1       58      1       33      1       0       43116.10  42      47.0     ms
success		1       59      3       39      3       0       42523.06  41      47.0     ms
success		1       60      4       6       4       0       41604.64  40      47.0     ms
success		1       61      2       34      2       0       41032.19  39      47.0     ms
success		1       62      1       1       1       0       40903.35  38      47.0     ms
success		1       63      2       10      2       0       40467.52  37      47.0     ms
success		1       64      2       21      2       0       40734.05  36      47.0     ms
success		1       65      5       14      5       0       39931.36  35      47.0     ms
success		1       66      4       0       4       0       38735.93  34      47.0     ms
success		1       67      3       28      3       0       38239.86  33      47.0     ms
success		1       68      1       1       1       0       37225.34  32      47.0     ms
success		1       69      4       2       4       0       36480.10  31      47.0     ms
success		1       70      5       29      5       0       36090.95  30      47.0     ms
success		1       71      3       27      3       0       34842.72  29      47.0     ms
success		1       72      6       27      6       0       34365.36  28      47.0     ms
success		1       73      5       10      5       0       33725.04  27      47.0     ms
success		1       74      4       4       4       0       32674.32  26      47.0     ms
success		1       75      3       23      3       0       32242.26  25      47.0     ms
success		1       76      5       7       5       0       30588.79  24      63.0     ms
success		1       77      3       0       3       0       30020.29  23      63.0     ms
success		1       78      3       9       3       0       29327.02  22      63.0     ms
success		1       79      8       19      8       0       28242.29  21      63.0     ms
success		1       80      6       0       6       0       26649.32  20      63.0     ms
success		1       81      4       0       4       0       25690.15  19      63.0     ms
success		1       82      5       14      5       0       25123.02  18      63.0     ms
success		1       83      6       15      6       0       24042.22  17      63.0     ms
success		1       84      8       12      8       0       22555.68  16      63.0     ms
success		1       85      4       14      4       0       21244.01  15      63.0     ms
success		1       86      9       0       9       0       19783.45  14      63.0     ms
success		1       87      7       2       7       0       18807.18  13      63.0     ms
success		1       88      6       9       4       0       19296.73  12      63.0     ms
success		1       89      11      9       11      0       16968.77  11      78.0     ms
success		1       90      11      9       10      0       15072.34  10      78.0     ms
success		1       91      11      6       9       0       14030.12  9       109.0    ms
success		1       92      15      3       12      0       12484.78  8       156.0    ms
success		1       93      42      7       16      0       11535.94  7       437.0    ms
success		1       94      46      6       15      0       9393.70   6       921.0    ms
success		1       95      1774    0       22      0       7581.24   5       40279.0  ms
success		1       0       1       1       1       0       81066.69  100     76939.0  ms
success		1       1       1       61      1       0       79523.25  99      76939.0  ms
success		1       2       1       18      1       0       79250.52  98      76939.0  ms
success		1       3       1       18      1       0       78842.48  97      76939.0  ms
success		1       4       2       35      2       0       78570.01  96      76939.0  ms
success		1       5       1       20      1       0       77332.51  95      76939.0  ms
success		1       6       1       86      1       0       76997.29  94      76939.0  ms
success		1       7       1       2       1       0       75668.46  93      76939.0  ms
success		1       8       1       73      1       0       74892.49  92      76939.0  ms
success		1       9       1       70      1       0       74614.94  91      76939.0  ms
success		1       10      1       76      1       0       74245.27  90      76939.0  ms
success		1       11      1       71      1       0       72859.67  89      76939.0  ms
success		1       12      1       35      1       0       71885.56  88      76939.0  ms
success		1       13      1       57      1       0       70722.24  87      76939.0  ms
success		1       14      1       22      1       0       70338.38  86      76939.0  ms
success		1       15      1       61      1       0       69947.23  85      76939.0  ms
success		1       16      1       60      1       0       69829.77  84      76939.0  ms
success		1       17      1       50      1       0       69258.95  83      76939.0  ms
success		1       18      1       25      1       0       68889.28  82      76939.0  ms
success		1       19      2       27      2       0       68586.66  81      76939.0  ms
success		1       20      1       70      1       0       68365.86  80      76939.0  ms
success		1       21      1       0       1       0       67991.62  79      76939.0  ms
success		1       22      2       18      2       0       67632.06  78      76939.0  ms
success		1       23      1       12      1       0       67270.22  77      76939.0  ms
success		1       24      1       62      1       0       66725.20  76      76939.0  ms
success		1       25      2       20      2       0       66351.73  75      76939.0  ms
success		1       26      1       0       1       0       65956.88  74      76939.0  ms
success		1       27      1       18      1       0       65371.48  73      76939.0  ms
success		1       28      2       21      2       0       64197.86  72      76939.0  ms
success		1       29      1       14      1       0       63872.49  71      76939.0  ms
success		1       30      1       68      1       0       63693.35  70      76939.0  ms
success		1       31      1       40      1       0       63263.88  69      76939.0  ms
success		1       32      1       46      1       0       63153.59  68      76939.0  ms
success		1       33      1       19      1       0       62815.86  67      76939.0  ms
success		1       34      1       29      1       0       62464.18  66      76939.0  ms
success		1       35      1       10      1       0       61413.78  65      76939.0  ms
success		1       36      1       22      1       0       60397.73  64      76939.0  ms
success		1       37      1       25      1       0       59835.65  63      76939.0  ms
success		1       38      1       28      1       0       59379.90  62      76939.0  ms
success		1       39      1       37      1       0       58806.84  61      76939.0  ms
success		1       40      2       29      2       0       58743.04  60      76939.0  ms
success		1       41      1       6       1       0       58224.43  59      76939.0  ms
success		1       42      2       11      2       0       56850.49  58      76939.0  ms
success		1       43      2       45      2       0       55393.00  57      76939.0  ms
success		1       44      1       19      1       0       55045.02  56      76939.0  ms
success		1       45      1       48      1       0       54927.17  55      76954.0  ms
success		1       46      2       12      2       0       54055.78  54      76954.0  ms
success		1       47      1       37      1       0       53747.30  53      76954.0  ms
success		1       48      1       11      1       0       53688.60  52      76954.0  ms
success		1       49      3       9       3       0       53030.47  51      76954.0  ms
success		1       50      2       22      2       0       51651.50  50      76954.0  ms
success		1       51      1       3       1       0       50938.67  49      76954.0  ms
success		1       52      2       25      2       0       50032.87  48      76954.0  ms
success		1       53      2       26      2       0       49265.58  47      76954.0  ms
success		1       54      2       11      2       0       47928.72  46      76954.0  ms
success		1       55      1       33      1       0       46644.57  45      76954.0  ms
success		1       56      1       29      1       0       46113.70  44      76954.0  ms
success		1       57      1       36      1       0       45897.21  43      76954.0  ms
success		1       58      1       8       1       0       45460.48  42      76954.0  ms
success		1       59      3       12      3       0       45339.66  41      76954.0  ms
success		1       60      2       23      2       0       44743.16  40      76954.0  ms
success		1       61      3       33      3       0       43655.73  39      76954.0  ms
success		1       62      3       2       3       0       43379.44  38      76954.0  ms
success		1       63      3       26      3       0       42552.12  37      76954.0  ms
success		1       64      1       24      1       0       40994.79  36      76954.0  ms
success		1       65      2       31      2       0       39053.45  35      76954.0  ms
success		1       66      5       17      5       0       38333.88  34      76954.0  ms
success		1       67      2       27      2       0       37028.74  33      76954.0  ms
success		1       68      2       27      2       0       36080.18  32      76954.0  ms
success		1       69      4       26      4       0       34985.23  31      76954.0  ms
success		1       70      2       5       2       0       33687.79  30      76954.0  ms
success		1       71      2       17      2       0       33219.59  29      76954.0  ms
success		1       72      5       17      5       0       32914.54  28      76954.0  ms
success		1       73      5       17      5       0       32914.28  27      76954.0  ms
success		1       74      3       25      3       0       32756.97  26      76954.0  ms
success		1       75      3       24      3       0       32035.70  25      76954.0  ms
success		1       76      3       9       3       0       30430.99  24      76954.0  ms
success		1       77      5       8       5       0       29623.34  23      76954.0  ms
success		1       78      5       6       5       0       28475.68  22      76954.0  ms
success		1       79      8       14      8       0       27808.81  21      76954.0  ms
success		1       80      5       7       5       0       26750.49  20      76954.0  ms
success		1       81      5       12      5       0       24911.04  19      76954.0  ms
success		1       82      5       4       5       0       24018.84  18      76954.0  ms
success		1       83      4       9       4       0       22870.47  17      76954.0  ms
success		1       84      4       2       4       0       21319.58  16      76954.0  ms
success		1       85      7       0       7       0       20747.69  15      76954.0  ms
success		1       86      6       8       6       0       19555.19  14      76954.0  ms
success		1       87      8       3       8       0       18815.96  13      76954.0  ms
success		1       88      9       3       9       0       17538.11  12      76954.0  ms
success		1       89      10      1       9       0       17233.13  11      76954.0  ms
success		1       90      10      8       8       0       16211.37  10      76954.0  ms
success		1       91      17      0       12      0       15058.05  9       76970.0  ms
success		1       92      12      1       10      0       12897.14  8       76985.0  ms
success		1       93      28      7       12      0       12143.63  7       77063.0  ms
success		1       94      81      0       14      0       9512.60   6       77609.0  ms
success		1       0       1       79      1       0       81093.47  100     93225.0  ms
success		1       1       1       84      1       0       80831.05  99      93225.0  ms
success		1       2       1       14      1       0       80350.17  98      93225.0  ms
success		1       3       1       90      1       0       79986.00  97      93225.0  ms
success		1       4       1       5       1       0       79518.91  96      93225.0  ms
success		1       5       1       11      1       0       79482.18  95      93225.0  ms
success		1       6       1       11      1       0       79212.29  94      93225.0  ms
success		1       7       1       0       1       0       78979.66  93      93225.0  ms
success		1       8       1       59      1       0       78760.53  92      93225.0  ms
success		1       9       1       16      1       0       78508.99  91      93225.0  ms
success		1       10      1       22      1       0       77349.56  90      93225.0  ms
success		1       11      1       54      1       0       76160.60  89      93225.0  ms
success		1       12      1       76      1       0       75490.28  88      93225.0  ms
success		1       13      1       50      1       0       75220.20  87      93225.0  ms
success		1       14      1       77      1       0       73708.01  86      93225.0  ms
success		1       15      1       49      1       0       73234.62  85      93225.0  ms
success		1       16      1       36      1       0       72691.40  84      93225.0  ms
success		1       17      2       71      2       0       72386.79  83      93225.0  ms
success		1       18      1       80      1       0       72072.70  82      93225.0  ms
success		1       19      1       78      1       0       71702.22  81      93225.0  ms
success		1       20      1       72      1       0       70496.93  80      93225.0  ms
success		1       21      2       6       2       0       69841.86  79      93225.0  ms
success		1       22      1       23      1       0       68731.15  78      93225.0  ms
success		1       23      1       41      1       0       68379.51  77      93225.0  ms
success		1       24      2       74      2       0       67539.42  76      93225.0  ms
success		1       25      1       49      1       0       67097.41  75      93225.0  ms
success		1       26      3       49      3       0       66072.50  74      93240.0  ms
success		1       27      1       47      1       0       65797.33  73      93240.0  ms
success		1       28      1       52      1       0       65660.01  72      93240.0  ms
success		1       29      1       32      1       0       64939.49  71      93240.0  ms
success		1       30      2       37      2       0       64485.40  70      93240.0  ms
success		1       31      1       17      1       0       63659.65  69      93240.0  ms
success		1       32      1       16      1       0       62186.45  68      93240.0  ms
success		1       33      3       6       3       0       62133.86  67      93240.0  ms
success		1       34      1       30      1       0       61149.85  66      93240.0  ms
success		1       35      2       62      2       0       59943.73  65      93240.0  ms
success		1       36      1       2       1       0       59637.38  64      93240.0  ms
success		1       37      2       48      2       0       59154.59  63      93240.0  ms
success		1       38      1       44      1       0       58470.77  62      93240.0  ms
success		1       39      1       48      1       0       57718.69  61      93240.0  ms
success		1       40      2       20      2       0       57000.19  60      93240.0  ms
success		1       41      1       46      1       0       56067.46  59      93240.0  ms
success		1       42      2       42      2       0       55755.79  58      93240.0  ms
success		1       43      1       4       1       0       54464.76  57      93240.0  ms
success		1       44      2       23      2       0       53995.48  56      93240.0  ms
success		1       45      2       37      2       0       52824.03  55      93240.0  ms
success		1       46      1       8       1       0       51771.93  54      93240.0  ms
success		1       47      2       31      2       0       51234.19  53      93240.0  ms
success		1       48      2       50      2       0       50075.99  52      93240.0  ms
success		1       49      1       4       1       0       49711.55  51      93240.0  ms
success		1       50      3       27      3       0       48658.37  50      93240.0  ms
success		1       51      2       26      2       0       48253.42  49      93240.0  ms
success		1       52      3       37      3       0       47645.14  48      93240.0  ms
success		1       53      3       9       3       0       47075.73  47      93240.0  ms
success		1       54      1       25      1       0       46560.44  46      93240.0  ms
success		1       55      2       8       2       0       45290.56  45      93240.0  ms
success		1       56      3       0       3       0       45044.98  44      93240.0  ms
success		1       57      2       38      2       0       44565.84  43      93240.0  ms
success		1       58      1       39      1       0       44441.65  42      93240.0  ms
success		1       59      3       20      3       0       42876.07  41      93240.0  ms
success		1       60      1       16      1       0       41518.60  40      93240.0  ms
success		1       61      4       28      4       0       41381.67  39      93240.0  ms
success		1       62      5       3       5       0       39889.54  38      93240.0  ms
success		1       63      2       1       2       0       38799.54  37      93240.0  ms
success		1       64      3       9       3       0       37378.40  36      93240.0  ms
success		1       65      1       4       1       0       36041.34  35      93240.0  ms
success		1       66      2       17      2       0       34996.06  34      93240.0  ms
success		1       67      1       8       1       0       34767.49  33      93240.0  ms
success		1       68      3       8       3       0       34000.41  32      93240.0  ms
success		1       69      3       7       3       0       33861.89  31      93240.0  ms
success		1       70      5       1       5       0       32590.96  30      93240.0  ms
success		1       71      4       12      4       0       31871.52  29      93240.0  ms
success		1       72      2       18      2       0       30511.87  28      93240.0  ms
success		1       73      3       26      3       0       29871.12  27      93240.0  ms
success		1       74      7       24      7       0       30194.11  26      93240.0  ms
success		1       75      5       2       5       0       29223.29  25      93240.0  ms
success		1       76      2       10      2       0       28775.40  24      93240.0  ms
success		1       77      5       23      5       0       26909.76  23      93240.0  ms
success		1       78      3       19      3       0       26091.58  22      93240.0  ms
success		1       79      4       20      4       0       24447.36  21      93240.0  ms
success		1       80      8       15      8       0       22784.89  20      93240.0  ms
success		1       81      3       9       3       0       22472.77  19      93240.0  ms
success		1       82      6       7       6       0       22028.16  18      93240.0  ms
success		1       83      8       6       8       0       21409.51  17      93240.0  ms
success		1       84      6       5       6       0       20463.18  16      93240.0  ms
success		1       85      7       10      7       0       19166.63  15      93240.0  ms
success		1       86      6       14      6       0       18570.14  14      93240.0  ms
success		1       87      8       6       8       0       17266.14  13      93240.0  ms
success		1       88      12      5       12      0       16375.80  12      93240.0  ms
success		1       89      10      6       8       0       16965.30  11      93240.0  ms
success		1       90      17      8       10      0       15412.24  10      93256.0  ms
success		1       91      15      8       10      0       13928.68  9       93271.0  ms
success		1       92      10      6       10      0       12292.29  8       93271.0  ms
success		1       93      25      4       10      0       10773.10  7       93349.0  ms
success		1       94      121     1       17      0       10028.57  6       94395.0  ms
success		1       95      166     4       18      0       7960.07   5       95814.0  ms
success		1       0       1       43      1       0       81284.75  100     125969.0 ms
success		1       1       1       15      1       0       80934.55  99      125969.0 ms
success		1       2       1       36      1       0       79837.78  98      125969.0 ms
success		1       3       1       75      1       0       78621.92  97      125969.0 ms
success		1       4       1       47      1       0       77757.37  96      125969.0 ms
success		1       5       1       35      1       0       76339.75  95      125969.0 ms
success		1       6       1       48      1       0       75751.35  94      125969.0 ms
success		1       7       1       15      1       0       75246.36  93      125969.0 ms
success		1       8       1       28      1       0       74955.48  92      125969.0 ms
success		1       9       1       49      1       0       74478.00  91      125969.0 ms
success		1       10      1       85      1       0       73774.88  90      125969.0 ms
success		1       11      1       14      1       0       71649.71  89      125969.0 ms
success		1       12      1       71      1       0       71281.23  88      125969.0 ms
success		1       13      1       84      1       0       70172.02  87      125969.0 ms
success		1       14      1       58      1       0       70002.29  86      125969.0 ms
success		1       15      1       15      1       0       69514.11  85      125969.0 ms
success		1       16      1       16      1       0       69242.42  84      125969.0 ms
success		1       17      1       67      1       0       68767.69  83      125969.0 ms
success		1       18      1       78      1       0       68383.85  82      125969.0 ms
success		1       19      2       44      2       0       68680.66  81      125969.0 ms
success		1       20      1       13      1       0       68378.13  80      125969.0 ms
success		1       21      2       46      2       0       68166.10  79      125969.0 ms
success		1       22      1       5       1       0       67769.59  78      125969.0 ms
success		1       23      1       75      1       0       67424.70  77      125969.0 ms
success		1       24      1       40      1       0       67123.06  76      125969.0 ms
success		1       25      1       7       1       0       65906.65  75      125969.0 ms
success		1       26      1       41      1       0       65466.56  74      125969.0 ms
success		1       27      1       4       1       0       64397.29  73      125969.0 ms
success		1       28      1       69      1       0       64136.41  72      125969.0 ms
success		1       29      3       38      3       0       63424.97  71      125969.0 ms
success		1       30      1       64      1       0       63330.69  70      125969.0 ms
success		1       31      1       29      1       0       63008.37  69      125969.0 ms
success		1       32      1       51      1       0       62690.07  68      125969.0 ms
success		1       33      1       54      1       0       62382.94  67      125969.0 ms
success		1       34      2       1       2       0       61899.94  66      125969.0 ms
success		1       35      2       32      2       0       61302.12  65      125969.0 ms
success		1       36      1       53      1       0       59946.40  64      125969.0 ms
success		1       37      1       36      1       0       59392.17  63      125969.0 ms
success		1       38      1       61      1       0       59182.32  62      125969.0 ms
success		1       39      2       48      2       0       58772.43  61      125969.0 ms
success		1       40      2       8       2       0       58762.97  60      125969.0 ms
success		1       41      2       45      2       0       57906.29  59      125969.0 ms
success		1       42      1       1       1       0       57298.07  58      125969.0 ms
success		1       43      1       12      1       0       56188.65  57      125969.0 ms
success		1       44      3       0       3       0       55190.08  56      125969.0 ms
success		1       45      2       0       2       0       56089.35  55      125969.0 ms
success		1       46      1       5       1       0       54414.76  54      125969.0 ms
success		1       47      1       26      1       0       54010.93  53      125969.0 ms
success		1       48      3       32      3       0       52731.74  52      125969.0 ms
success		1       49      1       1       1       0       51230.50  51      125969.0 ms
success		1       50      1       28      1       0       50091.77  50      125969.0 ms
success		1       51      2       17      2       0       48584.17  49      125969.0 ms
success		1       52      1       27      1       0       47905.19  48      125969.0 ms
success		1       53      4       47      4       0       46684.08  47      125969.0 ms
success		1       54      5       5       5       0       46554.37  46      125969.0 ms
success		1       55      5       17      5       0       46211.41  45      125969.0 ms
success		1       56      2       6       2       0       45587.74  44      125969.0 ms
success		1       57      3       18      3       0       44547.02  43      125969.0 ms
success		1       58      4       1       4       0       45523.78  42      125969.0 ms
success		1       59      2       10      2       0       45165.74  41      125969.0 ms
success		1       60      3       11      3       0       44130.68  40      125969.0 ms
success		1       61      2       2       2       0       43273.02  39      125969.0 ms
success		1       62      3       22      3       0       42571.50  38      125969.0 ms
success		1       63      2       31      2       0       42390.54  37      125969.0 ms
success		1       64      2       26      2       0       41701.34  36      125969.0 ms
success		1       65      3       27      3       0       40531.51  35      125969.0 ms
success		1       66      1       30      1       0       39459.86  34      125969.0 ms
success		1       67      1       6       1       0       38323.92  33      125969.0 ms
success		1       68      4       0       4       0       37966.45  32      125969.0 ms
success		1       69      5       29      5       0       37887.13  31      125969.0 ms
success		1       70      6       18      6       0       37572.05  30      125969.0 ms
success		1       71      3       11      3       0       35879.16  29      125969.0 ms
success		1       72      3       10      3       0       34940.77  28      125969.0 ms
success		1       73      4       11      4       0       34192.36  27      125969.0 ms
success		1       74      3       10      3       0       32999.59  26      125969.0 ms
success		1       75      7       16      7       0       31965.47  25      125969.0 ms
success		1       76      5       1       5       0       31352.50  24      125969.0 ms
success		1       77      5       9       5       0       30095.18  23      125969.0 ms
success		1       78      3       16      3       0       29094.97  22      125969.0 ms
success		1       79      4       11      4       0       28080.39  21      125969.0 ms
success		1       80      5       13      5       0       27377.12  20      125969.0 ms
success		1       81      4       7       4       0       26739.39  19      125969.0 ms
success		1       82      6       6       6       0       25209.00  18      125969.0 ms
success		1       83      7       11      7       0       24230.88  17      125969.0 ms
success		1       84      7       4       7       0       22676.75  16      125969.0 ms
success		1       85      4       7       4       0       20990.56  15      125969.0 ms
success		1       86      8       1       8       0       19685.67  14      125969.0 ms
success		1       87      6       7       6       0       18294.53  13      125969.0 ms
success		1       88      9       0       9       0       16972.49  12      125969.0 ms
success		1       89      8       5       8       0       15853.00  11      125969.0 ms
success		1       90      9       8       6       0       14604.74  10      125984.0 ms
success		1       91      13      0       11      0       14401.39  9       125984.0 ms
success		1       92      16      2       12      0       13157.97  8       126000.0 ms
success		1       93      20      0       10      0       11507.09  7       126047.0 ms
success		1       94      57      1       15      0       9439.24   6       126421.0 ms
success		1       95      1188    1       14      0       8138.12   5       137793.0 ms
success		1       0       1       13      1       0       81119.53  100     173018.0 ms
success		1       1       1       82      1       0       80510.46  99      173018.0 ms
success		1       2       1       36      1       0       78860.15  98      173018.0 ms
success		1       3       1       72      1       0       78712.10  97      173018.0 ms
success		1       4       1       75      1       0       77618.11  96      173018.0 ms
success		1       5       1       31      1       0       77257.12  95      173018.0 ms
success		1       6       1       68      1       0       76537.56  94      173018.0 ms
success		1       7       1       3       1       0       76131.08  93      173018.0 ms
success		1       8       1       3       1       0       74860.58  92      173018.0 ms
success		1       9       1       7       1       0       74550.23  91      173018.0 ms
success		1       10      1       24      1       0       73722.45  90      173018.0 ms
success		1       11      1       37      1       0       73208.83  89      173018.0 ms
success		1       12      1       59      1       0       72744.03  88      173018.0 ms
success		1       13      1       49      1       0       72098.30  87      173018.0 ms
success		1       14      1       27      1       0       71893.26  86      173018.0 ms
success		1       15      1       35      1       0       71170.97  85      173018.0 ms
success		1       16      1       28      1       0       70201.58  84      173018.0 ms
success		1       17      1       22      1       0       69944.20  83      173018.0 ms
success		1       18      2       77      2       0       68475.27  82      173018.0 ms
success		1       19      1       47      1       0       67701.83  81      173018.0 ms
success		1       20      1       58      1       0       67068.08  80      173018.0 ms
success		1       21      1       8       1       0       66562.05  79      173018.0 ms
success		1       22      1       25      1       0       66379.07  78      173018.0 ms
success		1       23      1       46      1       0       65933.88  77      173018.0 ms
success		1       24      1       75      1       0       65509.34  76      173018.0 ms
success		1       25      2       0       2       0       65494.03  75      173018.0 ms
success		1       26      1       32      1       0       65092.97  74      173018.0 ms
success		1       27      1       17      1       0       64230.28  73      173018.0 ms
success		1       28      3       66      3       0       62193.69  72      173018.0 ms
success		1       29      1       21      1       0       61936.06  71      173018.0 ms
success		1       30      1       49      1       0       61430.00  70      173018.0 ms
success		1       31      2       9       2       0       61385.74  69      173018.0 ms
success		1       32      1       63      1       0       61169.69  68      173018.0 ms
success		1       33      2       50      2       0       60745.99  67      173018.0 ms
success		1       34      1       1       1       0       60375.97  66      173018.0 ms
success		1       35      1       59      1       0       59709.52  65      173018.0 ms
success		1       36      1       21      1       0       59568.92  64      173018.0 ms
success		1       37      1       9       1       0       58314.25  63      173018.0 ms
success		1       38      1       21      1       0       57761.03  62      173018.0 ms
success		1       39      1       58      1       0       57525.91  61      173018.0 ms
success		1       40      1       53      1       0       57028.79  60      173018.0 ms
success		1       41      3       59      3       0       56484.54  59      173018.0 ms
success		1       42      1       10      1       0       56282.83  58      173018.0 ms
success		1       43      2       3       2       0       56707.12  57      173018.0 ms
success		1       44      1       14      1       0       55390.16  56      173018.0 ms
success		1       45      2       24      2       0       54569.11  55      173018.0 ms
success		1       46      2       6       2       0       53330.53  54      173018.0 ms
success		1       47      1       22      1       0       51814.81  53      173018.0 ms
success		1       48      1       1       1       0       51331.61  52      173018.0 ms
success		1       49      2       46      2       0       50050.49  51      173018.0 ms
success		1       50      1       47      1       0       49830.28  50      173018.0 ms
success		1       51      2       41      2       0       49244.48  49      173018.0 ms
success		1       52      3       13      3       0       50367.03  48      173018.0 ms
success		1       53      3       35      3       0       49216.80  47      173018.0 ms
success		1       54      1       25      1       0       48480.96  46      173018.0 ms
success		1       55      2       43      2       0       47660.20  45      173018.0 ms
success		1       56      4       44      4       0       47051.75  44      173018.0 ms
success		1       57      2       27      2       0       47472.69  43      173018.0 ms
success		1       58      2       41      2       0       46722.28  42      173018.0 ms
success		1       59      3       6       3       0       46357.76  41      173018.0 ms
success		1       60      1       25      1       0       45755.04  40      173018.0 ms
success		1       61      4       36      4       0       45138.61  39      173018.0 ms
success		1       62      4       22      4       0       43823.01  38      173018.0 ms
success		1       63      2       27      2       0       42985.19  37      173018.0 ms
success		1       64      4       1       4       0       42705.65  36      173018.0 ms
success		1       65      3       24      3       0       40958.48  35      173018.0 ms
success		1       66      3       0       3       0       39696.66  34      173018.0 ms
success		1       67      4       32      4       0       38776.46  33      173018.0 ms
success		1       68      4       27      4       0       38256.77  32      173018.0 ms
success		1       69      3       27      3       0       36875.30  31      173018.0 ms
success		1       70      5       24      5       0       36770.87  30      173018.0 ms
success		1       71      6       8       6       0       35515.80  29      173018.0 ms
success		1       72      6       5       6       0       34786.02  28      173018.0 ms
success		1       73      4       17      4       0       34251.90  27      173018.0 ms
success		1       74      4       8       4       0       33192.84  26      173018.0 ms
success		1       75      5       6       5       0       32184.40  25      173018.0 ms
success		1       76      4       22      4       0       31590.82  24      173018.0 ms
success		1       77      4       10      4       0       30662.87  23      173018.0 ms
success		1       78      6       16      6       0       29665.48  22      173033.0 ms
success		1       79      5       18      5       0       29179.83  21      173033.0 ms
success		1       80      7       2       7       0       27919.09  20      173033.0 ms
success		1       81      6       18      6       0       26917.86  19      173033.0 ms
success		1       82      6       3       6       0       26054.87  18      173033.0 ms
success		1       83      7       16      7       0       24212.36  17      173033.0 ms
success		1       84      8       2       8       0       22689.36  16      173033.0 ms
success		1       85      7       14      7       0       21974.19  15      173033.0 ms
success		1       86      10      11      10      0       20260.75  14      173033.0 ms
success		1       87      6       4       6       0       19156.54  13      173033.0 ms
success		1       88      8       4       7       0       18700.38  12      173033.0 ms
success		1       89      4       1       4       0       17017.83  11      173033.0 ms
success		1       90      10      4       8       0       15547.66  10      173033.0 ms
success		1       91      11      9       9       0       13409.16  9       173033.0 ms
success		1       92      19      8       11      0       12805.26  8       173080.0 ms
success		1       93      15      7       10      0       11434.64  7       173096.0 ms
success		1       94      25      3       13      0       9787.48   6       173158.0 ms
success		1       95      703     2       17      0       7745.22   5       181005.0 ms
success		1       0       1       27      1       0       80394.12  100     234028.0 ms
success		1       1       1       66      1       0       80233.08  99      234028.0 ms
success		1       2       2       68      2       0       79699.90  98      234028.0 ms
success		1       3       1       65      1       0       79295.32  97      234028.0 ms
success		1       4       1       77      1       0       78953.07  96      234028.0 ms
success		1       5       1       72      1       0       78302.75  95      234028.0 ms
success		1       6       1       41      1       0       76924.94  94      234028.0 ms
success		1       7       1       38      1       0       76547.67  93      234028.0 ms
success		1       8       1       65      1       0       76163.37  92      234028.0 ms
success		1       9       1       32      1       0       75774.85  91      234028.0 ms
success		1       10      1       89      1       0       75537.21  90      234028.0 ms
success		1       11      1       19      1       0       75099.09  89      234028.0 ms
success		1       12      1       50      1       0       74442.39  88      234028.0 ms
success		1       13      1       77      1       0       74318.41  87      234028.0 ms
success		1       14      2       72      2       0       73779.72  86      234028.0 ms
success		1       15      1       41      1       0       73369.48  85      234028.0 ms
success		1       16      2       2       2       0       73045.76  84      234028.0 ms
success		1       17      1       41      1       0       72930.17  83      234028.0 ms
success		1       18      1       44      1       0       72419.21  82      234028.0 ms
success		1       19      2       46      2       0       71554.63  81      234028.0 ms
success		1       20      1       63      1       0       70469.51  80      234028.0 ms
success		1       21      2       15      2       0       70038.52  79      234028.0 ms
success		1       22      1       44      1       0       69104.66  78      234028.0 ms
success		1       23      1       8       1       0       68699.34  77      234028.0 ms
success		1       24      1       69      1       0       68552.91  76      234028.0 ms
success		1       25      1       7       1       0       68001.07  75      234028.0 ms
success		1       26      1       8       1       0       67726.69  74      234028.0 ms
success		1       27      2       66      2       0       67129.43  73      234028.0 ms
success		1       28      1       3       1       0       65723.17  72      234028.0 ms
success		1       29      1       58      1       0       65330.79  71      234028.0 ms
success		1       30      2       46      2       0       66100.31  70      234028.0 ms
success		1       31      1       55      1       0       64443.43  69      234028.0 ms
success		1       32      3       24      3       0       64583.96  68      234028.0 ms
success		1       33      1       19      1       0       63354.48  67      234028.0 ms
success		1       34      1       34      1       0       62021.67  66      234028.0 ms
success		1       35      1       24      1       0       60832.77  65      234028.0 ms
success		1       36      1       12      1       0       59355.57  64      234028.0 ms
success		1       37      1       57      1       0       58975.95  63      234028.0 ms
success		1       38      1       42      1       0       58397.16  62      234028.0 ms
success		1       39      1       17      1       0       58195.18  61      234028.0 ms
success		1       40      1       26      1       0       57742.38  60      234028.0 ms
success		1       41      3       12      3       0       57653.67  59      234028.0 ms
success		1       42      1       36      1       0       56539.73  58      234028.0 ms
success		1       43      1       9       1       0       54863.26  57      234028.0 ms
success		1       44      2       54      2       0       54660.83  56      234028.0 ms
success		1       45      1       47      1       0       53512.33  55      234028.0 ms
success		1       46      3       51      3       0       52963.88  54      234028.0 ms
success		1       47      2       25      2       0       52657.09  53      234028.0 ms
success		1       48      2       18      2       0       52837.53  52      234028.0 ms
success		1       49      3       39      3       0       51876.25  51      234028.0 ms
success		1       50      1       31      1       0       51478.25  50      234028.0 ms
success		1       51      2       36      2       0       50952.79  49      234028.0 ms
success		1       52      2       31      2       0       51688.74  48      234028.0 ms
success		1       53      2       33      2       0       51080.31  47      234028.0 ms
success		1       54      1       10      1       0       49722.63  46      234028.0 ms
success		1       55      2       37      2       0       49332.74  45      234028.0 ms
success		1       56      3       9       3       0       48575.73  44      234028.0 ms
success		1       57      1       20      1       0       48075.18  43      234028.0 ms
success		1       58      4       23      4       0       47404.10  42      234028.0 ms
success		1       59      2       2       2       0       46858.85  41      234028.0 ms
success		1       60      4       8       4       0       45821.44  40      234028.0 ms
success		1       61      1       4       1       0       45158.81  39      234028.0 ms
success		1       62      3       28      3       0       44537.85  38      234028.0 ms
success		1       63      3       34      3       0       43116.26  37      234028.0 ms
success		1       64      6       2       6       0       42126.85  36      234028.0 ms
success		1       65      2       11      2       0       41730.31  35      234028.0 ms
success		1       66      3       12      3       0       40444.08  34      234028.0 ms
success		1       67      1       1       1       0       39621.86  33      234028.0 ms
success		1       68      2       25      2       0       37886.03  32      234028.0 ms
success		1       69      7       19      7       0       37591.17  31      234028.0 ms
success		1       70      2       4       2       0       36430.97  30      234028.0 ms
success		1       71      2       18      2       0       34882.41  29      234028.0 ms
success		1       72      5       3       5       0       34023.40  28      234028.0 ms
success		1       73      6       17      6       0       32970.97  27      234028.0 ms
success		1       74      6       21      6       0       32959.40  26      234028.0 ms
success		1       75      3       21      3       0       31752.96  25      234028.0 ms
success		1       76      1       9       1       0       30110.27  24      234028.0 ms
success		1       77      3       15      3       0       28442.38  23      234044.0 ms
success		1       78      4       18      4       0       27498.55  22      234044.0 ms
success		1       79      6       9       6       0       27751.05  21      234044.0 ms
success		1       80      2       9       2       0       26655.02  20      234044.0 ms
success		1       81      7       18      7       0       25726.72  19      234044.0 ms
success		1       82      6       7       6       0       24232.25  18      234044.0 ms
success		1       83      7       5       7       0       24072.25  17      234044.0 ms
success		1       84      4       12      4       0       22951.49  16      234044.0 ms
success		1       85      7       6       7       0       21822.45  15      234044.0 ms
success		1       86      5       8       5       0       20582.57  14      234044.0 ms
success		1       87      8       13      8       0       19642.04  13      234044.0 ms
success		1       88      10      11      9       0       18355.97  12      234044.0 ms
success		1       89      7       5       7       0       16057.33  11      234044.0 ms
success		1       90      9       6       9       0       14928.64  10      234044.0 ms
success		1       91      14      8       11      0       14549.12  9       234044.0 ms
success		1       92      14      2       12      0       11723.42  8       234060.0 ms
success		1       93      14      0       9       0       10934.47  7       234075.0 ms
success		1       94      34      5       13      0       9654.08   6       234216.0 ms
success		1       95      261     3       17      0       7834.47   5       236556.0 ms
cross iterater0
rand   	success		6234.01   7749.90   5       296209.0 ms cross
rand   	success		6482.96   7591.16   5       313010.0 ms cross
ab
ab6	1
cross iterater1
rand   	fail		6744.70   8908.54   6       341449.0 ms cross
rand   	success		6274.19   8033.68   5       368015.0 ms cross
ab
ab6	3
ab7	2
fail		6063.99   7891.15   5       404956.0 ms
fail		6161.16   7638.83   5       460538.0 ms
fail		6274.19   8183.34   5       490817.0 ms
cross iterater2
ab
ab7	5
fail		6150.11   7670.22   5       550580.0 ms
cross iterater3
rand   	success		6594.35   7916.43   5       563543.0 ms cross
rand   	fail		6573.87   8607.16   6       601700.0 ms cross
ab
ab7	0
ab6	5
cross iterater4
rand   	success		6318.17   8025.67   5       601700.0 ms cross
rand   	success		6388.78   7962.81   5       606599.0 ms cross
ab
ab6	3
ab7	5
cross iterater5
rand   	success		6789.42   7949.59   5       619515.0 ms cross
rand   	success		6270.94   7343.89   5       621746.0 ms cross
ab
ab6	4
ab7	2
cross iterater6
rand   	success		6429.32   7800.71   5       667594.0 ms cross
rand   	success		6797.67   7939.34   5       702537.0 ms cross
ab
ab6	4
ab7	2
fail		6189.62   7935.01   5       728667.0 ms
fail		6272.93   7876.53   5       760834.0 ms
cross iterater7
rand   	success		6317.20   7421.66   5       764812.0 ms cross
rand   	success		6218.87   7193.20   5       793968.0 ms cross
ab
ab6	2
fail		6218.87   7181.10   5       829816.0 ms
cross iterater8
rand   	success		6199.29   7654.45   5       844792.0 ms cross
rand   	success		6458.92   7340.66   5       846695.0 ms cross
ab
ab7	4
fail		6751.70   8210.04   5       887083.0 ms
fail		6317.20   7570.01   5       922136.0 ms
cross iterater9
ab
ab7	0
cross iterater10
rand   	success		6351.53   8175.71   5       959934.0 ms cross
rand   	success		6394.16   7944.17   5       1019556.0 ms cross
ab
ab6	5
ab7	4
cross iterater11
rand   	success		6461.32   7324.10   5       1037387.0 ms cross
rand   	fail		6978.94   8867.04   6       1067697.0 ms cross
ab
ab6	2
ab7	3
fail		6510.14   7791.22   5       1093999.0 ms
fail		6458.38   7532.30   5       1130892.0 ms
fail		6461.32   7420.88   5       1170609.0 ms
cross iterater12
rand   	success		6530.72   7744.75   5       1170625.0 ms cross
rand   	fail		6362.29   9139.40   6       1205506.0 ms cross
ab
ab6	2
ab7	0
fail		6458.78   7723.78   5       1230809.0 ms
cross iterater13
rand   	success		6416.25   7719.46   5       1230825.0 ms cross
rand   	
ab
ab6	5
fail		6416.25   7881.86   5       1275206.0 ms
cross iterater14
ab
ab6	1
fail		6452.73   7793.54   5       1305392.0 ms
cross iterater15
rand   	success		6600.99   8184.65   5       1312599.0 ms cross
rand   	success		6480.25   7204.05   5       1325640.0 ms cross
ab
ab7	1
fail		6458.78   7723.78   5       1351146.0 ms
cross iterater16
rand   	success		6303.57   8118.62   5       1355373.0 ms cross
rand   	success		6009.60   7859.57   5       1381597.0 ms cross
ab
ab7	1
ab6	4
cross iterater17
rand   	success		6078.49   7923.88   5       1386589.0 ms cross
rand   	fail		6504.52   9071.45   6       1424480.0 ms cross
ab
ab7	2
ab6	1
cross iterater18
ab
fail		6371.10   7867.34   5       1453527.0 ms
cross iterater19
ab
ab6	2
fail		6376.16   7260.97   5       1485678.0 ms
cross iterater20
ab
fail		6411.27   7353.11   5       1533741.0 ms
fail		6458.38   7532.30   5       1574800.0 ms
cross iterater21
rand   	success		6207.20   8032.53   5       1575284.0 ms cross
rand   	success		6492.62   7698.53   5       1577140.0 ms cross
ab
ab7	5
fail		6458.38   7532.30   5       1600087.0 ms
cross iterater22
rand   	success		6397.83   7964.64   5       1602599.0 ms cross
rand   	success		6460.37   7511.80   5       1621506.0 ms cross
ab
ab7	0
fail		6458.38   7532.30   5       1655451.0 ms
fail		6411.27   7353.11   5       1673718.0 ms
cross iterater23
rand   	success		6584.99   8150.28   5       1675902.0 ms cross
rand   	success		6392.15   8145.17   5       1677993.0 ms cross
ab
ab6	0
ab7	1
fail		6780.94   8010.31   5       1704902.0 ms
fail		6460.37   7542.73   5       1728365.0 ms
cross iterater24
ab
ab6	1
fail		6791.34   7937.09   5       1756663.0 ms
fail		6458.38   7532.30   5       1782558.0 ms
fail		6411.27   7353.11   5       1804148.0 ms
cross iterater25
ab
ab7	0
fail		6460.37   7542.73   5       1829904.0 ms
fail		6479.03   7711.71   5       1848327.0 ms
cross iterater26
rand   	success		6085.86   7735.09   5       1871664.0 ms cross
rand   	success		6305.90   7899.97   5       1902443.0 ms cross
ab
ab6	0
ab7	3
fail		6584.48   7962.80   5       1929586.0 ms
cross iterater27
rand   	fail		6234.05   9189.93   6       1955248.0 ms cross
rand   	success		6714.64   7688.18   5       1955778.0 ms cross
ab
ab6	1
cross iterater28
ab
ab6	3
ab7	4
fail		6460.37   7542.73   5       1978164.0 ms
cross iterater29
ab
ab6	2
fail		6411.27   7353.11   5       1994684.0 ms
cross iterater30
rand   	success		6376.43   7698.53   5       1994700.0 ms cross
rand   	success		6410.84   8237.21   5       1995308.0 ms cross
ab
ab6	1
ab7	2
fail		6527.38   7866.25   5       2014808.0 ms
cross iterater31
rand   	success		6008.78   7374.32   5       2017335.0 ms cross
rand   	success		6491.20   7029.63   5       2021095.0 ms cross
ab
ab6	3
cross iterater32
rand   	success		6220.58   7655.42   5       2038863.0 ms cross
rand   	fail		6084.60   9180.66   6       2059860.0 ms cross
ab
ab6	2
ab7	3
fail		6657.39   7974.07   5       2089983.0 ms
cross iterater33
rand   	success		6715.13   7675.94   5       2090046.0 ms cross
rand   	success		6447.67   7246.29   5       2090046.0 ms cross
ab
ab6	5
ab7	3
fail		6455.70   7297.66   5       2112478.0 ms
fail		6447.67   7538.61   5       2131619.0 ms
fail		6434.82   7356.21   5       2156829.0 ms
cross iterater34
ab
ab6	1
cross iterater35
rand   	success		6389.03   8031.27   5       2175330.0 ms cross
rand   	success		6414.76   7911.01   5       2175829.0 ms cross
ab
ab6	0
ab7	5
cross iterater36
ab
ab6	3
ab7	2
cross iterater37
ab
cross iterater38
rand   	success		6595.28   8231.45   5       2210476.0 ms cross
rand   	success		6134.16   7944.16   5       2264717.0 ms cross
ab
ab6	4
ab7	0
fail		6365.02   7403.83   5       2294138.0 ms
cross iterater39
rand   	success		6408.84   7731.42   5       2300035.0 ms cross
rand   	success		6460.51   8268.94   5       2305370.0 ms cross
ab
ab6	1
ab7	5
fail		6380.96   8028.73   5       2344213.0 ms
cross iterater40
rand   	success		6244.49   8037.32   5       2347770.0 ms cross
rand   	success		6196.55   7775.65   5       2349003.0 ms cross
ab
ab6	5
ab7	0
fail		6444.45   7889.07   5       2387004.0 ms
cross iterater41
rand   	fail		6400.83   8946.13   6       2413757.0 ms cross
rand   	success		6474.57   8056.67   5       2419061.0 ms cross
ab
ab7	1
ab6	4
fail		6297.67   7722.05   5       2462756.0 ms
fail		6276.48   7934.80   5       2496374.0 ms
fail		6397.60   7806.53   5       2533455.0 ms
cross iterater42
rand   	success		6655.90   7793.37   5       2551488.0 ms cross
rand   	success		6067.13   7801.77   5       2553828.0 ms cross
ab
ab6	1
fail		6655.90   8088.01   5       2572033.0 ms
cross iterater43
rand   	fail		6470.00   8274.04   6       2603560.0 ms cross
rand   	success		6315.79   7929.91   5       2603794.0 ms cross
ab
ab7	1
fail		6513.96   7593.67   5       2634339.0 ms
cross iterater44
rand   	success		6294.09   8095.68   5       2648659.0 ms cross
rand   	success		6481.43   8123.88   5       2649704.0 ms cross
ab
ab6	3
ab7	5
fail		6733.59   8229.38   5       2675538.0 ms
fail		6067.13   7843.21   5       2698656.0 ms
cross iterater45
rand   	success		6655.51   8069.74   5       2700981.0 ms cross
rand   	success		6555.44   7939.40   5       2701277.0 ms cross
ab
ab7	0
cross iterater46
rand   	success		6353.09   8025.71   5       2703040.0 ms cross
rand   	success		6410.38   8093.84   5       2705349.0 ms cross
ab
ab6	5
ab7	2
fail		6430.16   8113.23   5       2738452.0 ms
fail		6513.68   7916.79   5       2759589.0 ms
fail		6067.13   7843.21   5       2782287.0 ms
cross iterater47
ab
ab6	1
fail		6579.13   8092.02   5       2809961.0 ms
cross iterater48
ab
ab6	1
fail		6353.09   8020.84   5       2848430.0 ms
fail		6460.28   8092.02   5       2866760.0 ms
cross iterater49
rand   	success		6220.64   8436.86   5       2869989.0 ms cross
rand   	success		6375.30   7601.67   5       2872313.0 ms cross
ab
ab6	3
ab7	5
cross iterater50
rand   	success		6279.49   7852.88   5       2873608.0 ms cross
rand   	success		6274.69   7748.61   5       2873608.0 ms cross
ab
ab6	1
ab7	2
fail		6375.30   7655.21   5       2904808.0 ms
cross iterater51
rand   	success		6539.16   7716.20   5       2904823.0 ms cross
rand   	success		6265.82   7946.02   5       2904823.0 ms cross
ab
ab6	4
ab7	3
fail		6153.58   7737.52   5       2933636.0 ms
fail		6558.54   8083.04   5       2950141.0 ms
cross iterater52
rand   	success		6225.57   7956.49   5       2950890.0 ms cross
rand   	success		6519.45   7893.50   5       2975537.0 ms cross
ab
ab7	4
ab6	5
fail		6153.58   7737.52   5       3018827.0 ms
cross iterater53
ab
ab7	2
fail		6393.80   8122.45   5       3039621.0 ms
fail		6375.30   7655.21   5       3071305.0 ms
cross iterater54
rand   	success		6383.07   7879.00   5       3071320.0 ms cross
rand   	success		6361.35   7935.28   5       3071383.0 ms cross
ab
ab7	0
fail		6383.07   8098.63   5       3111583.0 ms
fail		6153.58   7737.52   5       3142081.0 ms
cross iterater55
rand   	success		6416.18   7563.85   5       3142096.0 ms cross
rand   	success		6126.47   8035.63   5       3143251.0 ms cross
ab
ab6	1
cross iterater56
rand   	success		6124.96   7818.68   5       3143266.0 ms cross
rand   	success		6732.61   8072.80   5       3144624.0 ms cross
ab
ab6	4
ab7	5
fail		6375.30   7655.21   5       3224729.0 ms
cross iterater57
rand   	success		6474.68   7849.62   5       3227646.0 ms cross
rand   	success		6299.40   7901.02   5       3232887.0 ms cross
ab
ab6	4
ab7	0
fail		6124.96   7877.00   5       3321884.0 ms
fail		6611.92   7920.01   5       3345315.0 ms
cross iterater58
rand   	success		6634.80   8017.10   5       3347062.0 ms cross
rand   	success		6235.45   7739.85   5       3352101.0 ms cross
ab
ab7	5
ab6	1
fail		6236.05   8026.68   5       3385110.0 ms
fail		6235.45   8085.08   5       3409508.0 ms
cross iterater59
rand   	success		6704.68   7986.69   5       3410148.0 ms cross
rand   	fail		6434.73   8271.14   6       3427947.0 ms cross
ab
ab7	0
fail		6124.96   7877.00   5       3454202.0 ms
fail		6704.68   7986.49   5       3491782.0 ms
cross iterater60
rand   	success		6497.64   8327.03   5       3496851.0 ms cross
rand   	success		6212.70   8022.13   5       3498973.0 ms cross
ab
ab6	3
ab7	1
fail		6198.51   7732.44   5       3523371.0 ms
cross iterater61
rand   	success		6313.00   7710.52   5       3545975.0 ms cross
rand   	success		6442.66   7941.79   5       3546942.0 ms cross
ab
ab6	1
fail		6545.09   8063.64   5       3574102.0 ms
cross iterater62
rand   	success		6476.51   8080.76   5       3577066.0 ms cross
rand   	success		6349.19   8379.66   5       3587424.0 ms cross
ab
ab6	3
ab7	1
fail		6024.85   7643.57   5       3606471.0 ms
cross iterater63

R.size:5

1		84	28	142	16	169	18	6	163	78	197	35	164	104	170	26	46	132	14	150	89	188	94	192	160	109	23	114	125	189	50	41	81	33	70	126	55	66	96	2	93	73	193	19	141	185	8	
2		162	63	200	15	183	98	172	62	181	77	42	187	171	130	119	152	102	136	124	51	198	22	61	111	90	116	91	145	79	174	11	137	201	157	107	1	76	60	82	154	97	75	
3		131	7	179	161	182	165	56	31	9	100	118	127	199	105	88	59	108	45	173	29	21	143	139	12	113	58	191	71	144	166	101	194	106	178	80	95	17	30	148	36	202	83	
4		195	57	147	92	4	133	40	54	155	85	65	128	53	168	151	38	32	177	99	86	69	176	117	112	74	52	134	13	123	64	
5		140	37	149	153	49	47	190	167	196	68	184	3	43	24	156	180	48	103	110	5	138	20	10	186	159	122	25	44	27	72	129	158	87	115	121	67	39	34	135	146	120	175	

data1/pdp200/LRC2_2_8.txt
total_cost 5933.595595

