0  1  5   0.23      466            3178.1    2416.0    129.84    100 0         129       
0  2  4   5.01      531            2741.6    2435.8    5.01      100 0         149       
0  3  4   0.25      550            2478.6    2080.4    96.53     100 0         166       
0  4  3   0.48      468            1853.8    1711.4    100.07    85  0         134       
0  5  5   0.39      508            3445.3    2552.8    66.98     100 0         160       
0  6  4   1.01      473            2418.1    2171.2    161.97    100 0         150       
0  7  4   0.16      537            2355.3    2242.5    25.60     100 0         152       
0  8  3   20.78     363            1759.5    1759.5    480.75    52  0         58        
2  1  10  443.80    793            17582.7   7805.5    773.30    100 0         160       
2  2  7   3.77      784            12805.8   7316.3    969.65    97  0         156       
2  3  5   493.72    667            9087.1    7682.5    812.27    41  0         71        
2  4  4   3.17      624            6976.5    5826.4    1064.03   17  0         30        
2  5  6   90.59     731            10310.4   6467.1    2779.18   78  0         121       
2  6  7   4.90      817            11642.1   7183.5    868.60    100 0         158       
2  7  5   209.51    702            7908.7    5866.6    528.83    49  0         86        
2  8  5   40.28     708            7870.2    5933.6    95.81     63  0         93        
2  9  5   1.19      778            6456.4    5397.5    589.70    67  0         111       
2  10 4   3.70      657            6083.4    5153.5    2953.98   37  0         48        
4  1  19  2650.34   1320           41795.1   18500.0   3584.24   100 0         145       
4  2  14  193.92    1264           29945.2   19102.5   6267.30   57  0         90        
4  3  11  397.14    1229           27344.0   21795.4   4431.15   41  0         54        
4  4  7   88.72     1182           16995.0   16455.6   88.72     2   0         4         
4  5  14  562.34    1277           30809.8   17909.3   562.34    62  0         97        
4  6  13  22.23     1233           27993.4   15900.1   6003.72   37  0         60        
4  7  11  1259.96   1195           22782.0   15936.1   2044.20   24  0         41        
4  8  10  33.57     1190           18987.5   14034.8   1477.08   17  0         25        
4  9  9   130.98    1183           18087.5   14051.2   6874.57   10  0         15        
4  10 8   78.87     1187           15869.1   13419.1   4014.87   11  0         15        
6  1  29  4168.33   1893           100867.8  40763.5   4168.33   60  0         218       
6  2  21  8366.87   1806           77052.8   46711.9   8366.87   33  0         92        
6  3  14  2280.16   1750           56393.9   46566.5   2280.16   11  0         12        
6  4  9   615.83    1171           36985.2   35648.6   7278.67   0   0         0         
6  5  22  4422.18   1758           76977.1   39079.5   4838.73   24  0         68        
6  6  20  85.69     1765           68867.9   38132.5   6740.54   18  0         57        
6  7  17  2201.29   1751           57343.6   36523.2   6520.69   13  0         20        
6  8  14  5862.21   1750           46725.1   33855.1   7219.38   7   0         12        
6  9  14  391.52    1738           47897.1   32999.6   5479.73   6   0         10        
6  10 11  4089.91   1456           37921.1   32431.0   4089.91   0   0         0         
