success		1       0       1       11      1       0       68013.33  100     16.0     ms
success		1       1       1       37      1       0       67011.40  99      16.0     ms
success		1       2       1       13      1       0       66280.08  98      16.0     ms
success		1       3       1       19      1       0       66269.45  97      16.0     ms
success		1       4       1       35      1       0       65871.05  96      16.0     ms
success		1       5       1       1       1       0       65777.00  95      16.0     ms
success		1       6       1       68      1       0       65324.65  94      16.0     ms
success		1       7       1       32      1       0       64845.35  93      16.0     ms
success		1       8       1       14      1       0       64105.28  92      16.0     ms
success		1       9       1       29      1       0       63799.01  91      16.0     ms
success		1       10      1       11      1       0       63522.91  90      16.0     ms
success		1       11      1       25      1       0       63265.06  89      16.0     ms
success		1       12      1       79      1       0       63256.26  88      16.0     ms
success		1       13      1       78      1       0       63193.08  87      16.0     ms
success		1       14      1       21      1       0       62775.05  86      16.0     ms
success		1       15      1       58      1       0       62243.39  85      16.0     ms
success		1       16      1       41      1       0       61888.97  84      16.0     ms
success		1       17      1       41      1       0       60692.99  83      16.0     ms
success		1       18      1       76      1       0       60413.68  82      16.0     ms
success		1       19      1       2       1       0       60328.75  81      16.0     ms
success		1       20      1       2       1       0       59677.07  80      16.0     ms
success		1       21      1       32      1       0       59481.10  79      16.0     ms
success		1       22      2       50      2       0       58332.51  78      16.0     ms
success		1       23      1       13      1       0       57848.95  77      16.0     ms
success		1       24      2       57      2       0       57414.39  76      16.0     ms
success		1       25      1       11      1       0       57210.99  75      16.0     ms
success		1       26      1       45      1       0       56916.69  74      16.0     ms
success		1       27      1       50      1       0       56851.24  73      16.0     ms
success		1       28      1       51      1       0       56813.44  72      16.0     ms
success		1       29      1       33      1       0       56597.29  71      16.0     ms
success		1       30      2       4       2       0       56244.85  70      16.0     ms
success		1       31      2       39      2       0       55990.75  69      16.0     ms
success		1       32      1       46      1       0       55734.76  68      16.0     ms
success		1       33      1       59      1       0       55244.52  67      16.0     ms
success		1       34      2       14      2       0       54398.34  66      16.0     ms
success		1       35      2       41      2       0       54244.90  65      16.0     ms
success		1       36      1       64      1       0       53603.35  64      16.0     ms
success		1       37      2       42      2       0       53176.72  63      31.0     ms
success		1       38      2       60      2       0       51866.65  62      31.0     ms
success		1       39      3       53      3       0       50143.52  61      31.0     ms
success		1       40      1       14      1       0       49984.35  60      31.0     ms
success		1       41      1       53      1       0       49945.35  59      31.0     ms
success		1       42      1       25      1       0       49141.83  58      31.0     ms
success		1       43      2       27      2       0       48739.06  57      31.0     ms
success		1       44      1       26      1       0       47755.95  56      31.0     ms
success		1       45      2       17      2       0       46513.55  55      31.0     ms
success		1       46      3       6       3       0       45897.96  54      31.0     ms
success		1       47      1       31      1       0       44699.12  53      31.0     ms
success		1       48      1       3       1       0       44436.51  52      31.0     ms
success		1       49      3       39      3       0       44303.48  51      31.0     ms
success		1       50      2       29      2       0       43643.35  50      31.0     ms
success		1       51      3       36      3       0       42481.37  49      31.0     ms
success		1       52      3       35      3       0       41723.01  48      31.0     ms
success		1       53      2       10      2       0       40602.17  47      31.0     ms
success		1       54      1       18      1       0       39601.29  46      31.0     ms
success		1       55      1       0       1       0       39251.47  45      31.0     ms
success		1       56      2       15      2       0       40125.84  44      31.0     ms
success		1       57      1       39      1       0       40074.15  43      31.0     ms
success		1       58      3       29      3       0       39602.32  42      31.0     ms
success		1       59      2       12      2       0       38850.57  41      31.0     ms
success		1       60      3       18      3       0       38267.80  40      31.0     ms
success		1       61      1       34      1       0       38275.29  39      31.0     ms
success		1       62      1       7       1       0       37996.39  38      31.0     ms
success		1       63      2       27      2       0       37716.22  37      31.0     ms
success		1       64      4       16      4       0       38294.56  36      31.0     ms
success		1       65      5       1       5       0       38364.88  35      31.0     ms
success		1       66      2       23      2       0       37024.13  34      31.0     ms
success		1       67      5       20      5       0       36763.20  33      31.0     ms
success		1       68      6       26      6       0       35989.42  32      31.0     ms
success		1       69      2       22      2       0       35103.97  31      31.0     ms
success		1       70      1       13      1       0       34835.20  30      31.0     ms
success		1       71      3       1       3       0       33158.88  29      31.0     ms
success		1       72      5       0       5       0       32174.98  28      31.0     ms
success		1       73      2       9       2       0       30675.72  27      31.0     ms
success		1       74      5       25      5       0       30769.52  26      47.0     ms
success		1       75      5       4       5       0       29908.19  25      47.0     ms
success		1       76      4       19      4       0       28144.50  24      47.0     ms
success		1       77      3       14      3       0       27422.20  23      47.0     ms
success		1       78      2       3       2       0       26658.47  22      47.0     ms
success		1       79      5       14      5       0       25630.48  21      47.0     ms
success		1       80      4       18      4       0       25218.02  20      47.0     ms
success		1       81      4       13      4       0       24353.95  19      47.0     ms
success		1       82      6       8       6       0       23184.89  18      47.0     ms
success		1       83      7       5       7       0       22726.82  17      47.0     ms
success		1       84      7       0       7       0       22373.12  16      47.0     ms
success		1       85      5       4       5       0       21071.57  15      47.0     ms
success		1       86      6       10      6       0       20056.87  14      47.0     ms
success		1       87      8       7       6       0       21784.33  13      47.0     ms
success		1       88      9       5       7       0       19251.32  12      63.0     ms
success		1       89      10      2       9       0       17159.64  11      78.0     ms
success		1       90      13      4       10      0       15813.74  10      94.0     ms
success		1       91      17      6       8       0       14061.80  9       172.0    ms
success		1       92      8       8       7       0       12595.77  8       172.0    ms
success		1       93      29      3       15      0       12187.51  7       281.0    ms
success		1       94      47      3       14      0       9480.27   6       593.0    ms
success		1       0       1       47      1       0       81733.70  100     17846.0  ms
success		1       1       1       48      1       0       81484.93  99      17846.0  ms
success		1       2       1       13      1       0       81015.22  98      17846.0  ms
success		1       3       1       47      1       0       79895.97  97      17846.0  ms
success		1       4       1       74      1       0       79217.64  96      17846.0  ms
success		1       5       1       59      1       0       78986.42  95      17846.0  ms
success		1       6       1       83      1       0       78521.36  94      17846.0  ms
success		1       7       1       37      1       0       77523.70  93      17846.0  ms
success		1       8       1       28      1       0       77210.25  92      17846.0  ms
success		1       9       1       6       1       0       76791.09  91      17846.0  ms
success		1       10      1       60      1       0       75955.83  90      17846.0  ms
success		1       11      1       86      1       0       75320.32  89      17846.0  ms
success		1       12      1       2       1       0       75017.27  88      17846.0  ms
success		1       13      1       81      1       0       74725.12  87      17846.0  ms
success		1       14      1       41      1       0       73925.91  86      17846.0  ms
success		1       15      2       42      2       0       73201.51  85      17846.0  ms
success		1       16      1       3       1       0       72281.47  84      17846.0  ms
success		1       17      1       40      1       0       71665.71  83      17846.0  ms
success		1       18      1       19      1       0       71018.84  82      17846.0  ms
success		1       19      1       34      1       0       69629.80  81      17846.0  ms
success		1       20      3       72      3       0       69157.32  80      17846.0  ms
success		1       21      2       53      2       0       69008.35  79      17846.0  ms
success		1       22      1       77      1       0       68618.24  78      17846.0  ms
success		1       23      1       49      1       0       68115.75  77      17846.0  ms
success		1       24      2       75      2       0       67386.02  76      17846.0  ms
success		1       25      1       56      1       0       66459.60  75      17846.0  ms
success		1       26      1       23      1       0       65848.77  74      17846.0  ms
success		1       27      1       37      1       0       65069.31  73      17846.0  ms
success		1       28      2       50      2       0       64436.43  72      17846.0  ms
success		1       29      1       16      1       0       63513.05  71      17846.0  ms
success		1       30      2       33      2       0       63041.42  70      17846.0  ms
success		1       31      1       45      1       0       61264.63  69      17846.0  ms
success		1       32      1       33      1       0       60074.29  68      17846.0  ms
success		1       33      1       26      1       0       58950.92  67      17846.0  ms
success		1       34      1       31      1       0       58069.56  66      17846.0  ms
success		1       35      4       48      4       0       57517.76  65      17846.0  ms
success		1       36      1       52      1       0       57310.53  64      17846.0  ms
success		1       37      4       7       4       0       56344.19  63      17846.0  ms
success		1       38      3       5       3       0       56043.00  62      17846.0  ms
success		1       39      1       51      1       0       55577.12  61      17846.0  ms
success		1       40      4       14      4       0       54902.22  60      17846.0  ms
success		1       41      1       28      1       0       54424.13  59      17846.0  ms
success		1       42      1       18      1       0       53217.40  58      17846.0  ms
success		1       43      1       33      1       0       51952.17  57      17846.0  ms
success		1       44      1       13      1       0       51427.28  56      17846.0  ms
success		1       45      1       25      1       0       51163.62  55      17846.0  ms
success		1       46      1       29      1       0       50749.99  54      17846.0  ms
success		1       47      3       48      3       0       50484.89  53      17846.0  ms
success		1       48      1       14      1       0       50348.15  52      17846.0  ms
success		1       49      2       15      2       0       49592.45  51      17846.0  ms
success		1       50      2       9       2       0       48360.19  50      17846.0  ms
success		1       51      2       33      2       0       48041.47  49      17846.0  ms
success		1       52      1       45      1       0       46456.95  48      17846.0  ms
success		1       53      2       39      2       0       45973.79  47      17846.0  ms
success		1       54      3       40      3       0       45094.47  46      17846.0  ms
success		1       55      3       40      3       0       44854.14  45      17846.0  ms
success		1       56      1       38      1       0       44569.33  44      17846.0  ms
success		1       57      5       26      5       0       43501.11  43      17846.0  ms
success		1       58      3       40      3       0       43095.97  42      17846.0  ms
success		1       59      3       39      3       0       42775.23  41      17846.0  ms
success		1       60      3       8       3       0       41760.43  40      17846.0  ms
success		1       61      3       20      3       0       39946.96  39      17846.0  ms
success		1       62      2       12      2       0       38722.80  38      17862.0  ms
success		1       63      6       0       6       0       37469.12  37      17862.0  ms
success		1       64      2       35      2       0       37149.94  36      17862.0  ms
success		1       65      4       16      4       0       36104.42  35      17862.0  ms
success		1       66      2       23      2       0       35163.59  34      17862.0  ms
success		1       67      3       2       3       0       35505.73  33      17862.0  ms
success		1       68      5       12      5       0       34311.75  32      17862.0  ms
success		1       69      3       20      3       0       32962.71  31      17862.0  ms
success		1       70      4       23      4       0       32026.37  30      17862.0  ms
success		1       71      7       18      7       0       32505.43  29      17862.0  ms
success		1       72      2       20      2       0       32184.76  28      17862.0  ms
success		1       73      5       3       5       0       31218.74  27      17862.0  ms
success		1       74      5       9       5       0       30629.07  26      17862.0  ms
success		1       75      1       15      1       0       29976.33  25      17862.0  ms
success		1       76      3       23      3       0       29049.51  24      17862.0  ms
success		1       77      4       5       4       0       28402.91  23      17862.0  ms
success		1       78      4       6       4       0       28199.70  22      17862.0  ms
success		1       79      2       16      2       0       27518.06  21      17862.0  ms
success		1       80      5       20      5       0       26395.95  20      17862.0  ms
success		1       81      2       15      2       0       25379.09  19      17862.0  ms
success		1       82      6       13      6       0       23305.70  18      17862.0  ms
success		1       83      7       7       7       0       22335.25  17      17862.0  ms
success		1       84      8       11      8       0       22034.96  16      17862.0  ms
success		1       85      5       14      5       0       20753.81  15      17862.0  ms
success		1       86      8       2       8       0       20139.07  14      17862.0  ms
success		1       87      6       11      6       0       17991.54  13      17862.0  ms
success		1       88      6       1       6       0       17143.53  12      17862.0  ms
success		1       89      8       10      6       0       17156.56  11      17862.0  ms
success		1       90      16      9       11      0       17029.51  10      17878.0  ms
success		1       91      15      1       10      0       13866.97  9       17893.0  ms
success		1       92      12      7       9       0       12141.42  8       17909.0  ms
success		1       93      34      6       15      0       11095.08  7       18034.0  ms
success		1       94      167     3       12      0       9869.64   6       20483.0  ms
success		1       0       1       10      1       0       82005.73  100     39031.0  ms
success		1       1       1       2       1       0       81574.57  99      39031.0  ms
success		1       2       1       47      1       0       81381.11  98      39031.0  ms
success		1       3       1       55      1       0       79309.99  97      39031.0  ms
success		1       4       1       19      1       0       78860.79  96      39031.0  ms
success		1       5       1       74      1       0       78341.88  95      39031.0  ms
success		1       6       1       17      1       0       77751.93  94      39031.0  ms
success		1       7       1       7       1       0       77192.14  93      39031.0  ms
success		1       8       2       57      2       0       76828.46  92      39031.0  ms
success		1       9       1       34      1       0       74748.92  91      39031.0  ms
success		1       10      2       77      2       0       74335.91  90      39031.0  ms
success		1       11      1       24      1       0       73864.01  89      39031.0  ms
success		1       12      1       46      1       0       72698.80  88      39031.0  ms
success		1       13      1       40      1       0       71296.02  87      39031.0  ms
success		1       14      1       3       1       0       70480.18  86      39031.0  ms
success		1       15      2       79      2       0       70159.23  85      39031.0  ms
success		1       16      1       81      1       0       69368.45  84      39031.0  ms
success		1       17      2       11      2       0       69782.99  83      39031.0  ms
success		1       18      1       2       1       0       69316.76  82      39031.0  ms
success		1       19      1       55      1       0       68805.88  81      39031.0  ms
success		1       20      1       17      1       0       68402.74  80      39031.0  ms
success		1       21      1       41      1       0       68033.54  79      39031.0  ms
success		1       22      1       21      1       0       67553.08  78      39031.0  ms
success		1       23      2       38      2       0       66219.30  77      39031.0  ms
success		1       24      1       69      1       0       65895.27  76      39031.0  ms
success		1       25      1       52      1       0       65544.26  75      39031.0  ms
success		1       26      1       6       1       0       65149.39  74      39031.0  ms
success		1       27      1       46      1       0       63665.35  73      39031.0  ms
success		1       28      1       40      1       0       62389.91  72      39031.0  ms
success		1       29      2       46      2       0       61688.86  71      39031.0  ms
success		1       30      2       55      2       0       60612.87  70      39031.0  ms
success		1       31      3       46      3       0       60342.75  69      39031.0  ms
success		1       32      1       40      1       0       60147.98  68      39031.0  ms
success		1       33      1       34      1       0       59189.74  67      39031.0  ms
success		1       34      1       18      1       0       58666.37  66      39031.0  ms
success		1       35      1       20      1       0       58400.02  65      39031.0  ms
success		1       36      1       9       1       0       57966.45  64      39031.0  ms
success		1       37      2       41      2       0       56866.28  63      39031.0  ms
success		1       38      1       34      1       0       56249.09  62      39031.0  ms
success		1       39      1       17      1       0       55579.71  61      39031.0  ms
success		1       40      1       35      1       0       55121.23  60      39031.0  ms
success		1       41      3       1       3       0       53173.07  59      39031.0  ms
success		1       42      2       38      2       0       52743.89  58      39031.0  ms
success		1       43      4       11      4       0       51779.66  57      39031.0  ms
success		1       44      2       0       2       0       51722.73  56      39031.0  ms
success		1       45      3       32      3       0       51532.16  55      39031.0  ms
success		1       46      1       21      1       0       50905.74  54      39031.0  ms
success		1       47      3       30      3       0       50223.13  53      39031.0  ms
success		1       48      1       50      1       0       49279.37  52      39031.0  ms
success		1       49      1       46      1       0       49175.02  51      39031.0  ms
success		1       50      1       2       1       0       48513.48  50      39031.0  ms
success		1       51      1       26      1       0       48338.96  49      39031.0  ms
success		1       52      1       27      1       0       47731.06  48      39031.0  ms
success		1       53      3       9       3       0       46900.17  47      39031.0  ms
success		1       54      2       16      2       0       46876.64  46      39031.0  ms
success		1       55      3       4       3       0       45986.06  45      39031.0  ms
success		1       56      1       29      1       0       44678.77  44      39031.0  ms
success		1       57      2       6       2       0       44232.52  43      39031.0  ms
success		1       58      3       18      3       0       43311.28  42      39031.0  ms
success		1       59      3       27      3       0       44356.21  41      39031.0  ms
success		1       60      1       0       1       0       42932.81  40      39031.0  ms
success		1       61      2       14      2       0       42330.47  39      39031.0  ms
success		1       62      2       20      2       0       41627.39  38      39031.0  ms
success		1       63      2       21      2       0       41098.20  37      39031.0  ms
success		1       64      2       2       2       0       40607.45  36      39031.0  ms
success		1       65      4       6       4       0       40127.63  35      39031.0  ms
success		1       66      5       18      5       0       39509.01  34      39031.0  ms
success		1       67      3       32      3       0       38505.14  33      39031.0  ms
success		1       68      2       1       2       0       38279.91  32      39031.0  ms
success		1       69      2       26      2       0       37424.46  31      39031.0  ms
success		1       70      3       17      3       0       36917.77  30      39031.0  ms
success		1       71      4       26      4       0       36229.14  29      39031.0  ms
success		1       72      4       5       4       0       34921.92  28      39031.0  ms
success		1       73      3       23      3       0       33482.11  27      39031.0  ms
success		1       74      4       9       4       0       32438.04  26      39031.0  ms
success		1       75      4       1       4       0       31625.33  25      39031.0  ms
success		1       76      6       3       6       0       30481.89  24      39031.0  ms
success		1       77      9       20      9       0       29827.31  23      39031.0  ms
success		1       78      5       15      5       0       29399.18  22      39031.0  ms
success		1       79      3       12      3       0       27396.63  21      39031.0  ms
success		1       80      3       2       3       0       26655.16  20      39031.0  ms
success		1       81      3       10      3       0       25726.81  19      39031.0  ms
success		1       82      6       6       6       0       23713.17  18      39031.0  ms
success		1       83      4       13      4       0       23231.41  17      39031.0  ms
success		1       84      7       7       7       0       21968.46  16      39047.0  ms
success		1       85      5       15      5       0       21123.48  15      39047.0  ms
success		1       86      7       7       7       0       19686.99  14      39047.0  ms
success		1       87      7       3       7       0       18747.31  13      39047.0  ms
success		1       88      7       1       7       0       16983.45  12      39047.0  ms
success		1       89      9       4       9       0       15395.22  11      39047.0  ms
success		1       90      8       5       7       0       15315.52  10      39047.0  ms
success		1       91      12      7       10      0       14475.37  9       39047.0  ms
success		1       92      11      3       7       0       12190.34  8       39062.0  ms
success		1       93      35      1       15      0       11145.17  7       39265.0  ms
success		1       94      44      0       12      0       9897.83   6       39577.0  ms
success		1       0       1       43      1       0       82116.90  100     58219.0  ms
success		1       1       1       56      1       0       81148.93  99      58219.0  ms
success		1       2       1       31      1       0       80437.59  98      58219.0  ms
success		1       3       1       67      1       0       80105.00  97      58219.0  ms
success		1       4       1       17      1       0       79433.58  96      58219.0  ms
success		1       5       1       27      1       0       78850.58  95      58219.0  ms
success		1       6       1       8       1       0       78537.01  94      58219.0  ms
success		1       7       1       7       1       0       78076.35  93      58219.0  ms
success		1       8       1       43      1       0       77857.26  92      58219.0  ms
success		1       9       1       55      1       0       77427.24  91      58219.0  ms
success		1       10      1       38      1       0       76883.13  90      58219.0  ms
success		1       11      3       82      3       0       76756.99  89      58219.0  ms
success		1       12      1       26      1       0       76292.89  88      58219.0  ms
success		1       13      1       44      1       0       75678.51  87      58219.0  ms
success		1       14      1       58      1       0       74907.31  86      58219.0  ms
success		1       15      1       32      1       0       73679.26  85      58219.0  ms
success		1       16      1       46      1       0       72922.20  84      58219.0  ms
success		1       17      1       51      1       0       71647.53  83      58219.0  ms
success		1       18      1       3       1       0       71188.36  82      58234.0  ms
success		1       19      1       53      1       0       70636.83  81      58234.0  ms
success		1       20      1       36      1       0       69019.24  80      58234.0  ms
success		1       21      1       30      1       0       68600.30  79      58234.0  ms
success		1       22      1       4       1       0       68388.88  78      58234.0  ms
success		1       23      1       11      1       0       67971.58  77      58234.0  ms
success		1       24      2       34      2       0       67089.94  76      58234.0  ms
success		1       25      1       19      1       0       66245.79  75      58234.0  ms
success		1       26      2       47      2       0       65413.97  74      58234.0  ms
success		1       27      2       11      2       0       65077.51  73      58234.0  ms
success		1       28      1       59      1       0       64599.23  72      58234.0  ms
success		1       29      1       21      1       0       62716.58  71      58234.0  ms
success		1       30      2       12      2       0       62429.19  70      58234.0  ms
success		1       31      1       13      1       0       61886.34  69      58234.0  ms
success		1       32      2       62      2       0       61566.16  68      58234.0  ms
success		1       33      1       1       1       0       61332.09  67      58234.0  ms
success		1       34      1       55      1       0       61212.05  66      58234.0  ms
success		1       35      1       29      1       0       60766.58  65      58234.0  ms
success		1       36      1       45      1       0       59958.30  64      58234.0  ms
success		1       37      1       36      1       0       58708.93  63      58234.0  ms
success		1       38      1       21      1       0       57369.29  62      58234.0  ms
success		1       39      1       20      1       0       56488.50  61      58234.0  ms
success		1       40      1       6       1       0       55975.82  60      58234.0  ms
success		1       41      2       53      2       0       55299.66  59      58234.0  ms
success		1       42      1       20      1       0       55050.01  58      58234.0  ms
success		1       43      3       5       3       0       54636.49  57      58234.0  ms
success		1       44      2       5       2       0       54461.17  56      58234.0  ms
success		1       45      1       38      1       0       53345.18  55      58234.0  ms
success		1       46      2       15      2       0       53039.56  54      58234.0  ms
success		1       47      1       26      1       0       52107.04  53      58234.0  ms
success		1       48      1       11      1       0       51817.53  52      58234.0  ms
success		1       49      1       51      1       0       51090.19  51      58234.0  ms
success		1       50      3       34      3       0       49913.16  50      58234.0  ms
success		1       51      2       46      2       0       49476.81  49      58234.0  ms
success		1       52      2       21      2       0       48903.62  48      58234.0  ms
success		1       53      2       47      2       0       48466.42  47      58234.0  ms
success		1       54      3       26      3       0       47973.30  46      58234.0  ms
success		1       55      1       7       1       0       47649.50  45      58234.0  ms
success		1       56      3       37      3       0       46376.73  44      58234.0  ms
success		1       57      2       29      2       0       45112.02  43      58234.0  ms
success		1       58      2       40      2       0       44839.84  42      58234.0  ms
success		1       59      2       30      2       0       44180.38  41      58234.0  ms
success		1       60      6       35      6       0       43607.63  40      58234.0  ms
success		1       61      1       9       1       0       43012.51  39      58234.0  ms
success		1       62      4       8       4       0       42862.94  38      58234.0  ms
success		1       63      2       22      2       0       41978.26  37      58234.0  ms
success		1       64      1       18      1       0       41014.93  36      58234.0  ms
success		1       65      1       7       1       0       40038.25  35      58234.0  ms
success		1       66      1       12      1       0       38705.86  34      58234.0  ms
success		1       67      2       25      2       0       38347.75  33      58234.0  ms
success		1       68      4       7       4       0       37194.39  32      58234.0  ms
success		1       69      4       30      4       0       35873.25  31      58234.0  ms
success		1       70      4       19      4       0       34788.89  30      58234.0  ms
success		1       71      4       27      4       0       34442.58  29      58234.0  ms
success		1       72      4       16      4       0       33686.80  28      58234.0  ms
success		1       73      1       20      1       0       33571.40  27      58234.0  ms
success		1       74      3       24      3       0       32605.53  26      58234.0  ms
success		1       75      3       12      3       0       31027.49  25      58234.0  ms
success		1       76      4       14      4       0       29434.19  24      58234.0  ms
success		1       77      5       0       5       0       28611.15  23      58234.0  ms
success		1       78      6       17      6       0       27639.82  22      58234.0  ms
success		1       79      4       8       4       0       26659.57  21      58234.0  ms
success		1       80      6       10      6       0       25805.65  20      58234.0  ms
success		1       81      6       9       6       0       25098.62  19      58234.0  ms
success		1       82      6       0       6       0       22937.73  18      58234.0  ms
success		1       83      6       16      6       0       21746.01  17      58234.0  ms
success		1       84      7       0       7       0       21210.83  16      58234.0  ms
success		1       85      5       6       5       0       19983.90  15      58234.0  ms
success		1       86      9       11      9       0       18531.67  14      58234.0  ms
success		1       87      7       11      7       0       17930.00  13      58234.0  ms
success		1       88      7       3       7       0       16171.06  12      58234.0  ms
success		1       89      12      3       10      0       17950.08  11      58250.0  ms
success		1       90      10      9       6       0       15462.29  10      58250.0  ms
success		1       91      12      6       11      0       14866.03  9       58250.0  ms
success		1       92      16      3       13      0       13388.38  8       58266.0  ms
success		1       93      24      7       16      0       10841.95  7       58312.0  ms
success		1       94      54      1       11      0       9157.54   6       58718.0  ms
success		1       0       1       61      1       0       81414.39  100     84551.0  ms
success		1       1       1       64      1       0       81033.51  99      84551.0  ms
success		1       2       1       20      1       0       80462.47  98      84551.0  ms
success		1       3       1       91      1       0       79944.75  97      84551.0  ms
success		1       4       1       42      1       0       79463.59  96      84551.0  ms
success		1       5       1       8       1       0       78444.06  95      84551.0  ms
success		1       6       1       13      1       0       77741.10  94      84551.0  ms
success		1       7       1       72      1       0       77427.54  93      84551.0  ms
success		1       8       1       4       1       0       76547.45  92      84551.0  ms
success		1       9       2       14      2       0       76332.75  91      84551.0  ms
success		1       10      1       71      1       0       75987.68  90      84551.0  ms
success		1       11      1       13      1       0       75744.97  89      84551.0  ms
success		1       12      1       24      1       0       75042.65  88      84551.0  ms
success		1       13      1       79      1       0       74744.66  87      84551.0  ms
success		1       14      2       72      2       0       74523.41  86      84551.0  ms
success		1       15      1       46      1       0       74104.14  85      84551.0  ms
success		1       16      1       79      1       0       73827.12  84      84551.0  ms
success		1       17      1       32      1       0       72284.09  83      84551.0  ms
success		1       18      2       72      2       0       71591.69  82      84551.0  ms
success		1       19      1       26      1       0       71267.24  81      84551.0  ms
success		1       20      1       40      1       0       70434.28  80      84551.0  ms
success		1       21      1       32      1       0       69643.05  79      84551.0  ms
success		1       22      2       22      2       0       69019.02  78      84551.0  ms
success		1       23      2       69      2       0       68286.10  77      84551.0  ms
success		1       24      1       0       1       0       67565.70  76      84551.0  ms
success		1       25      1       39      1       0       66890.02  75      84551.0  ms
success		1       26      1       28      1       0       65564.13  74      84551.0  ms
success		1       27      1       2       1       0       65290.50  73      84551.0  ms
success		1       28      1       63      1       0       64714.63  72      84551.0  ms
success		1       29      1       40      1       0       64302.59  71      84551.0  ms
success		1       30      1       46      1       0       64064.03  70      84551.0  ms
success		1       31      2       68      2       0       63273.48  69      84551.0  ms
success		1       32      1       26      1       0       61915.83  68      84551.0  ms
success		1       33      1       56      1       0       61635.95  67      84551.0  ms
success		1       34      1       55      1       0       61233.59  66      84551.0  ms
success		1       35      1       36      1       0       59906.77  65      84551.0  ms
success		1       36      1       44      1       0       59327.42  64      84551.0  ms
success		1       37      1       57      1       0       58936.46  63      84551.0  ms
success		1       38      1       7       1       0       58383.50  62      84551.0  ms
success		1       39      4       35      4       0       57312.39  61      84551.0  ms
success		1       40      2       40      2       0       57137.88  60      84551.0  ms
success		1       41      4       3       4       0       55652.72  59      84551.0  ms
success		1       42      1       22      1       0       54567.72  58      84551.0  ms
success		1       43      3       41      3       0       53326.07  57      84551.0  ms
success		1       44      1       21      1       0       52134.16  56      84551.0  ms
success		1       45      1       4       1       0       51534.18  55      84551.0  ms
success		1       46      2       33      2       0       50059.78  54      84551.0  ms
success		1       47      1       1       1       0       49525.07  53      84551.0  ms
success		1       48      1       7       1       0       48447.47  52      84551.0  ms
success		1       49      3       36      3       0       47334.28  51      84551.0  ms
success		1       50      4       48      4       0       46787.47  50      84551.0  ms
success		1       51      1       20      1       0       46283.71  49      84551.0  ms
success		1       52      2       9       2       0       45986.21  48      84551.0  ms
success		1       53      1       20      1       0       45514.69  47      84551.0  ms
success		1       54      2       30      2       0       44364.79  46      84551.0  ms
success		1       55      3       28      3       0       45565.39  45      84551.0  ms
success		1       56      2       29      2       0       45445.14  44      84551.0  ms
success		1       57      1       27      1       0       44764.03  43      84551.0  ms
success		1       58      1       0       1       0       44525.87  42      84551.0  ms
success		1       59      2       1       2       0       43980.37  41      84551.0  ms
success		1       60      2       33      2       0       43232.32  40      84551.0  ms
success		1       61      2       25      2       0       43026.91  39      84551.0  ms
success		1       62      2       6       2       0       41703.10  38      84551.0  ms
success		1       63      2       27      2       0       41388.74  37      84551.0  ms
success		1       64      4       30      4       0       40400.43  36      84551.0  ms
success		1       65      1       0       1       0       39097.42  35      84551.0  ms
success		1       66      3       7       3       0       38700.00  34      84551.0  ms
success		1       67      3       27      3       0       37562.42  33      84551.0  ms
success		1       68      5       3       5       0       36315.25  32      84551.0  ms
success		1       69      5       20      5       0       35814.07  31      84551.0  ms
success		1       70      2       4       2       0       35252.06  30      84551.0  ms
success		1       71      2       19      2       0       34338.91  29      84551.0  ms
success		1       72      3       26      3       0       33148.30  28      84551.0  ms
success		1       73      3       13      3       0       31586.10  27      84551.0  ms
success		1       74      3       24      3       0       31132.71  26      84551.0  ms
success		1       75      6       0       6       0       29653.05  25      84551.0  ms
success		1       76      4       6       4       0       29274.20  24      84551.0  ms
success		1       77      6       16      6       0       28725.75  23      84551.0  ms
success		1       78      7       21      7       0       27816.04  22      84551.0  ms
success		1       79      7       15      7       0       26917.91  21      84551.0  ms
success		1       80      4       18      4       0       26773.02  20      84567.0  ms
success		1       81      3       15      3       0       26127.46  19      84567.0  ms
success		1       82      7       5       7       0       24410.55  18      84567.0  ms
success		1       83      5       5       5       0       22717.70  17      84567.0  ms
success		1       84      2       3       2       0       22547.10  16      84567.0  ms
success		1       85      5       6       5       0       21483.35  15      84567.0  ms
success		1       86      5       10      5       0       19855.50  14      84567.0  ms
success		1       87      6       9       6       0       19045.47  13      84567.0  ms
success		1       88      6       3       5       0       19060.76  12      84567.0  ms
success		1       89      11      6       9       0       16423.21  11      84567.0  ms
success		1       90      8       5       8       0       15981.40  10      84567.0  ms
success		1       91      17      7       13      0       13592.75  9       84582.0  ms
success		1       92      22      1       13      0       12807.12  8       84598.0  ms
success		1       93      61      1       16      0       11534.03  7       84879.0  ms
success		1       94      237     0       17      0       9769.99   6       88077.0  ms
success		1       0       1       15      1       0       82247.00  100     129167.0 ms
success		1       1       1       89      1       0       81820.11  99      129167.0 ms
success		1       2       1       6       1       0       81437.58  98      129167.0 ms
success		1       3       1       21      1       0       80821.17  97      129167.0 ms
success		1       4       1       76      1       0       80302.27  96      129167.0 ms
success		1       5       1       28      1       0       79544.52  95      129167.0 ms
success		1       6       1       80      1       0       79133.32  94      129167.0 ms
success		1       7       1       83      1       0       78541.70  93      129167.0 ms
success		1       8       1       8       1       0       76859.63  92      129167.0 ms
success		1       9       1       6       1       0       76144.04  91      129167.0 ms
success		1       10      1       85      1       0       75720.02  90      129167.0 ms
success		1       11      1       37      1       0       75494.97  89      129167.0 ms
success		1       12      1       85      1       0       75003.96  88      129167.0 ms
success		1       13      1       82      1       0       74743.91  87      129167.0 ms
success		1       14      1       21      1       0       74380.44  86      129167.0 ms
success		1       15      2       33      2       0       73806.33  85      129167.0 ms
success		1       16      1       46      1       0       73122.33  84      129167.0 ms
success		1       17      1       20      1       0       72407.34  83      129167.0 ms
success		1       18      1       38      1       0       71744.39  82      129167.0 ms
success		1       19      1       3       1       0       71285.38  81      129167.0 ms
success		1       20      1       3       1       0       70574.37  80      129167.0 ms
success		1       21      1       52      1       0       70088.00  79      129167.0 ms
success		1       22      1       65      1       0       69680.95  78      129167.0 ms
success		1       23      1       6       1       0       69159.13  77      129167.0 ms
success		1       24      1       9       1       0       68731.20  76      129167.0 ms
success		1       25      1       54      1       0       68428.56  75      129182.0 ms
success		1       26      2       17      2       0       68222.63  74      129182.0 ms
success		1       27      3       54      3       0       67981.33  73      129182.0 ms
success		1       28      2       66      2       0       67302.72  72      129182.0 ms
success		1       29      3       5       3       0       66198.01  71      129182.0 ms
success		1       30      1       7       1       0       65240.12  70      129182.0 ms
success		1       31      1       33      1       0       64922.77  69      129182.0 ms
success		1       32      1       43      1       0       64177.16  68      129182.0 ms
success		1       33      1       21      1       0       62440.30  67      129182.0 ms
success		1       34      1       19      1       0       61726.49  66      129182.0 ms
success		1       35      1       26      1       0       61261.37  65      129182.0 ms
success		1       36      1       10      1       0       60216.97  64      129182.0 ms
success		1       37      3       36      3       0       59892.14  63      129182.0 ms
success		1       38      1       49      1       0       58674.56  62      129182.0 ms
success		1       39      1       21      1       0       58008.51  61      129182.0 ms
success		1       40      1       10      1       0       57597.57  60      129182.0 ms
success		1       41      1       4       1       0       57252.42  59      129182.0 ms
success		1       42      2       48      2       0       56956.18  58      129182.0 ms
success		1       43      2       10      2       0       56233.35  57      129182.0 ms
success		1       44      1       9       1       0       56044.80  56      129182.0 ms
success		1       45      1       43      1       0       55576.69  55      129182.0 ms
success		1       46      2       47      2       0       55407.96  54      129182.0 ms
success		1       47      1       14      1       0       54288.29  53      129182.0 ms
success		1       48      1       20      1       0       53651.17  52      129182.0 ms
success		1       49      3       42      3       0       52375.54  51      129182.0 ms
success		1       50      1       7       1       0       50670.39  50      129182.0 ms
success		1       51      1       2       1       0       50392.39  49      129182.0 ms
success		1       52      4       21      4       0       49572.77  48      129182.0 ms
success		1       53      2       30      2       0       48806.94  47      129182.0 ms
success		1       54      2       3       2       0       48771.81  46      129182.0 ms
success		1       55      1       43      1       0       48049.92  45      129182.0 ms
success		1       56      2       15      2       0       47323.34  44      129182.0 ms
success		1       57      1       30      1       0       46636.44  43      129182.0 ms
success		1       58      2       9       2       0       44777.96  42      129182.0 ms
success		1       59      2       37      2       0       44421.67  41      129182.0 ms
success		1       60      3       13      3       0       43865.01  40      129182.0 ms
success		1       61      2       13      2       0       42805.91  39      129182.0 ms
success		1       62      2       14      2       0       42057.12  38      129182.0 ms
success		1       63      3       2       3       0       40858.32  37      129182.0 ms
success		1       64      2       20      2       0       39913.90  36      129182.0 ms
success		1       65      2       1       2       0       38887.42  35      129182.0 ms
success		1       66      2       28      2       0       37778.67  34      129182.0 ms
success		1       67      2       7       2       0       37353.91  33      129182.0 ms
success		1       68      2       10      2       0       36429.94  32      129182.0 ms
success		1       69      1       11      1       0       35308.05  31      129182.0 ms
success		1       70      4       7       4       0       33873.00  30      129182.0 ms
success		1       71      3       17      3       0       33339.95  29      129182.0 ms
success		1       72      1       8       1       0       32347.74  28      129182.0 ms
success		1       73      6       16      6       0       30865.80  27      129182.0 ms
success		1       74      5       12      5       0       30923.64  26      129182.0 ms
success		1       75      2       14      2       0       29936.70  25      129182.0 ms
success		1       76      5       1       5       0       28776.94  24      129182.0 ms
success		1       77      6       2       6       0       27643.25  23      129182.0 ms
success		1       78      5       12      5       0       27003.28  22      129182.0 ms
success		1       79      2       11      2       0       25852.15  21      129182.0 ms
success		1       80      6       15      6       0       24170.99  20      129182.0 ms
success		1       81      6       8       6       0       23457.05  19      129182.0 ms
success		1       82      3       10      3       0       22732.74  18      129182.0 ms
success		1       83      6       12      6       0       21933.92  17      129182.0 ms
success		1       84      8       0       8       0       21007.55  16      129182.0 ms
success		1       85      9       1       9       0       19817.44  15      129182.0 ms
success		1       86      5       3       5       0       18100.61  14      129182.0 ms
success		1       87      7       13      7       0       17736.12  13      129182.0 ms
success		1       88      4       12      4       0       17297.52  12      129182.0 ms
success		1       89      11      4       11      0       16501.72  11      129182.0 ms
success		1       90      12      3       11      0       16440.35  10      129182.0 ms
success		1       91      8       4       8       0       14481.04  9       129182.0 ms
success		1       92      21      7       13      0       12591.75  8       129229.0 ms
success		1       93      40      7       13      0       11650.20  7       129447.0 ms
success		1       94      62      6       15      0       9346.63   6       129947.0 ms
cross iterater0
rand   	success		7045.00   9308.23   6       170413.0 ms cross
rand   	success		7415.42   9506.39   6       170662.0 ms cross
ab
ab6	1
fail		7114.10   9308.86   6       196043.0 ms
success		6247.76   7929.08   5       209506.0 ms
fail		6596.34   9293.51   6       234138.0 ms
fail		6389.50   9379.54   6       256321.0 ms
cross iterater1
rand   	success		7010.38   9187.06   6       256321.0 ms cross
rand   	success		7302.64   9872.86   6       256539.0 ms cross
ab
ab7	0
cross iterater2
rand   	success		6062.29   8076.96   5       262295.0 ms cross
rand   	success		7308.72   9790.82   6       262623.0 ms cross
ab
ab6	4
ab7	1
cross iterater3
rand   	success		7257.86   9632.88   6       263419.0 ms cross
rand   	success		7246.82   9227.88   6       263746.0 ms cross
ab
ab6	3
fail		6500.14   9439.09   6       285367.0 ms
fail		6062.29   8134.41   5       310982.0 ms
cross iterater4
rand   	success		6890.51   9446.45   6       311294.0 ms cross
rand   	success		7288.32   9436.56   6       311778.0 ms cross
ab
ab7	1
fail		6675.83   9105.63   6       336036.0 ms
fail		7093.97   8651.70   6       356003.0 ms
cross iterater5
ab
ab6	4
ab7	3
cross iterater6
rand   	success		6897.06   8938.43   6       356019.0 ms cross
rand   	success		7091.50   9495.61   6       356019.0 ms cross
ab
ab6	4
fail		6657.83   8731.73   6       381603.0 ms
fail		6392.58   9568.78   6       401227.0 ms
fail		6062.29   8134.41   5       430711.0 ms
cross iterater7
rand   	success		6229.89   7659.76   5       449275.0 ms cross
rand   	success		7861.08   9487.30   6       450367.0 ms cross
ab
ab6	1
fail		6827.23   8832.97   6       472924.0 ms
fail		6545.29   9076.69   6       507119.0 ms
cross iterater8
rand   	success		7373.57   9693.46   6       508023.0 ms cross
rand   	success		7131.15   10264.62  6       509271.0 ms cross
ab
ab7	0
ab6	3
success		5866.61   7827.99   5       528834.0 ms
fail		6683.60   9176.96   6       551578.0 ms
cross iterater9
rand   	success		7354.55   9643.48   6       551687.0 ms cross
rand   	success		7083.53   10009.42  6       551687.0 ms cross
ab
ab6	3
ab7	4
fail		6124.53   7817.78   5       600140.0 ms
fail		6400.40   8893.70   6       636566.0 ms
fail		6229.89   7844.32   5       673615.0 ms
fail		5866.61   7908.70   5       718652.0 ms
cross iterater10
rand   	success		6986.13   10193.81  6       718777.0 ms cross
rand   	success		6030.32   7829.32   5       718933.0 ms cross
ab
ab6	5
ab7	1
success		6543.84   7399.75   5       748931.0 ms
cross iterater11
rand   	success		6207.72   8017.52   5       765888.0 ms cross
rand   	fail		6859.54   9366.42   6       794841.0 ms cross
ab
ab6	4
fail		6143.59   8039.67   5       814653.0 ms
fail		6618.07   9039.51   6       845494.0 ms
fail		6207.72   7872.90   5       887738.0 ms
fail		6124.53   7817.78   5       926925.0 ms
cross iterater12
rand   	fail		6948.96   8989.28   6       963288.0 ms cross
rand   	fail		6020.19   8131.35   6       1009370.0 ms cross
ab
ab6	1
fail		6569.53   8973.91   6       1033300.0 ms
fail		6207.72   7872.90   5       1066746.0 ms
success		6694.54   8331.90   5       1075700.0 ms
cross iterater13
rand   	success		6197.19   7731.16   5       1092298.0 ms cross
rand   	success		6413.79   7588.94   5       1110753.0 ms cross
ab
ab7	0
cross iterater14
ab
ab6	4
fail		6124.53   7817.78   5       1153028.0 ms
cross iterater15
rand   	fail		6494.37   9019.23   6       1185928.0 ms cross
rand   	success		6148.83   8338.99   5       1187582.0 ms cross
ab
ab6	4
ab7	3
cross iterater16
rand   	
rand   	
ab
ab6	1
ab7	3
cross iterater17
rand   	success		6229.58   7904.27   5       1266002.0 ms cross
rand   	fail		6689.89   9467.33   6       1317762.0 ms cross
ab
ab6	5
cross iterater18
rand   	fail		6568.76   9796.03   6       1356497.0 ms cross
rand   	success		6246.07   8210.34   5       1386323.0 ms cross
ab
ab6	2
ab7	3
cross iterater19
rand   	success		5951.58   7504.62   5       1389584.0 ms cross
rand   	success		6546.00   8078.73   5       1391970.0 ms cross
ab
ab6	5
fail		6303.20   7927.04   5       1418069.0 ms
fail		6246.51   8151.28   5       1452061.0 ms
cross iterater20
ab
ab7	4
fail		5910.43   8001.92   5       1483791.0 ms
fail		5951.58   7334.27   5       1521730.0 ms
cross iterater21
rand   	success		6497.12   8381.12   5       1525692.0 ms cross
rand   	fail		6031.83   8594.49   6       1547500.0 ms cross
ab
ab7	0
ab6	3
fail		6269.79   8118.58   5       1577998.0 ms
fail		6117.98   8384.08   5       1599947.0 ms
cross iterater22
rand   	success		6617.69   8155.81   5       1618885.0 ms cross
rand   	fail		6688.09   8374.05   6       1650366.0 ms cross
ab
ab6	5
ab7	4
fail		6224.92   7861.63   5       1685777.0 ms
cross iterater23
rand   	success		6261.51   8317.46   5       1686713.0 ms cross
rand   	success		6384.69   7285.11   5       1686822.0 ms cross
ab
ab6	1
cross iterater24
rand   	fail		7366.61   9762.07   6       1716212.0 ms cross
rand   	fail		6280.80   9415.05   6       1760641.0 ms cross
ab
ab6	5
ab7	4
cross iterater25
rand   	success		6638.03   8231.31   5       1774618.0 ms cross
rand   	success		6163.36   7846.25   5       1774634.0 ms cross
ab
ab6	3
ab7	4
fail		6531.97   7887.07   5       1799952.0 ms
fail		6266.93   8035.71   5       1844099.0 ms
fail		6163.36   7912.45   5       1863693.0 ms
cross iterater26
rand   	success		6459.07   7679.35   5       1863708.0 ms cross
rand   	fail		7014.30   8725.57   6       1892428.0 ms cross
ab
ab7	4
fail		6384.69   7515.00   5       1920492.0 ms
fail		6459.07   8098.33   5       1957713.0 ms
cross iterater27
rand   	success		5959.69   8244.20   5       1958118.0 ms cross
rand   	fail		6488.50   9137.79   6       1996712.0 ms cross
ab
ab7	1
ab6	3
cross iterater28
rand   	success		6342.25   8662.93   5       1996743.0 ms cross
rand   	fail		6306.71   8722.56   6       2033855.0 ms cross
ab
ab7	2
ab6	3
fail		6459.07   8098.33   5       2064774.0 ms
cross iterater29
rand   	success		6236.29   7975.19   5       2064790.0 ms cross
rand   	success		6259.72   7772.44   5       2064852.0 ms cross
ab
ab7	4
fail		6060.24   8260.19   5       2099172.0 ms
cross iterater30
rand   	success		6424.64   7810.55   5       2148093.0 ms cross
rand   	success		6302.36   8205.92   5       2149778.0 ms cross
ab
ab7	0
ab6	4
fail		6193.22   8404.85   5       2171290.0 ms
fail		6277.46   7805.68   5       2195391.0 ms
cross iterater31
rand   	success		6398.74   8234.35   5       2196686.0 ms cross
rand   	success		6731.61   7838.96   5       2197778.0 ms cross
ab
ab6	1
cross iterater32
rand   	success		6501.25   7624.47   5       2200960.0 ms cross
rand   	success		7056.78   7855.28   5       2201023.0 ms cross
ab
ab6	1
ab7	4
fail		6040.18   8265.50   5       2227059.0 ms
fail		6147.95   7999.93   5       2258602.0 ms
fail		6731.61   8221.52   5       2291751.0 ms
fail		6156.89   8265.50   5       2320939.0 ms
fail		6424.64   8047.58   5       2346257.0 ms
cross iterater33
rand   	success		6221.53   8258.13   5       2352497.0 ms cross
rand   	fail		6480.88   8566.80   6       2380639.0 ms cross
ab
ab6	5
fail		6221.53   8099.74   5       2405411.0 ms
fail		6156.89   8265.50   5       2434521.0 ms
cross iterater34
ab
ab6	3
ab7	4
fail		6201.38   8149.27   5       2454176.0 ms
cross iterater35
rand   	success		6837.33   8624.39   5       2463973.0 ms cross
rand   	fail		6248.93   9056.39   6       2478715.0 ms cross
ab
ab6	3
ab7	2
fail		6501.25   7587.06   5       2501319.0 ms
cross iterater36
rand   	success		6336.42   7673.43   5       2519571.0 ms cross
rand   	success		6310.80   8166.13   5       2521911.0 ms cross
ab
ab6	4
fail		6478.86   8242.72   5       2549647.0 ms
fail		6552.62   8291.48   5       2578507.0 ms
fail		6336.42   7858.50   5       2616711.0 ms
cross iterater37
rand   	fail		6479.40   9045.68   6       2670265.0 ms cross
rand   	success		6486.13   8288.97   5       2690919.0 ms cross
ab
ab7	3
ab6	5
fail		6366.98   7596.43   5       2725629.0 ms
cross iterater38
rand   	fail		6356.28   8899.90   6       2767389.0 ms cross
rand   	fail		6510.37   9244.53   6       2804080.0 ms cross
ab
ab7	1
ab6	4
cross iterater39
rand   	success		6170.64   8179.18   5       2823985.0 ms cross
rand   	success		6419.50   7519.96   5       2834765.0 ms cross
ab
ab7	5
fail		6170.64   8230.53   5       2855310.0 ms
cross iterater40
rand   	success		6348.48   8135.44   5       2873686.0 ms cross
rand   	fail		6243.02   8693.89   6       2917428.0 ms cross
ab
ab7	1
fail		6186.50   7837.72   5       2941701.0 ms
cross iterater41
rand   	fail		6270.47   9155.15   6       2988813.0 ms cross
rand   	fail		6753.99   8973.62   6       3014428.0 ms cross
ab
ab7	1
ab6	4
fail		6529.31   8210.86   5       3042507.0 ms
fail		6523.12   8371.01   5       3071336.0 ms
cross iterater42
rand   	success		6067.13   7565.82   5       3072615.0 ms cross
rand   	fail		6654.39   8626.08   6       3095219.0 ms cross
ab
ab7	4
ab6	5
fail		6534.98   8409.18   5       3144655.0 ms
cross iterater43
ab
ab6	2
ab7	5
fail		6505.10   8406.09   5       3164373.0 ms
fail		6067.13   7827.61   5       3195853.0 ms
cross iterater44
rand   	fail		6466.46   8793.57   6       3263307.0 ms cross
rand   	success		6435.23   7852.12   5       3270498.0 ms cross
ab
ab6	4
fail		6447.92   8098.58   5       3305224.0 ms
cross iterater45
rand   	success		6189.57   7995.44   5       3316346.0 ms cross
rand   	fail		6525.78   8811.95   6       3367857.0 ms cross
ab
ab6	5
ab7	3
cross iterater46
rand   	fail		6388.18   8823.40   6       3420662.0 ms cross
rand   	fail		6973.06   8554.40   6       3446027.0 ms cross
ab
ab6	0
ab7	1
cross iterater47
rand   	fail		6381.08   8802.86   6       3481002.0 ms cross
rand   	fail		6660.49   8959.47   6       3506477.0 ms cross
ab
ab6	3
ab7	4
fail		6161.46   8097.71   5       3536974.0 ms
fail		6504.34   8090.89   5       3561310.0 ms
cross iterater48
rand   	fail		6404.04   8615.51   6       3582619.0 ms cross
rand   	success		6421.61   7966.78   5       3590778.0 ms cross
ab
ab6	3
fail		6161.46   8097.71   5       3622991.0 ms
cross iterater49

R.size:5

1		84	9	92	54	59	199	118	127	100	89	37	12	188	173	38	108	117	56	112	65	168	99	22	109	50	52	106	129	81	158	55	107	154	13	157	82	34	185	36	146	75	175	
2		153	197	42	162	78	49	6	149	35	164	170	26	159	5	46	62	181	104	77	10	20	138	105	88	69	125	151	192	101	74	41	194	116	79	123	11	141	2	135	93	193	120	83	148	
3		155	4	45	165	195	31	85	177	128	160	53	94	161	119	29	21	143	139	86	32	23	114	150	187	113	134	115	121	87	17	66	33	70	8	76	96	30	202	
4		142	152	131	163	63	103	18	68	190	167	182	98	40	147	16	171	28	130	14	132	172	186	25	122	111	44	90	110	91	201	178	95	80	39	
5		140	57	133	48	24	156	183	169	179	15	7	102	184	196	124	43	180	136	47	200	3	198	61	27	51	72	191	58	176	166	189	144	137	71	145	126	174	73	19	1	97	60	64	67	

data1/pdp200/LRC2_2_7.txt
total_cost 5866.605062

