success		1       0       1       25      1       0       43591.49  106     15.0     ms
success		1       1       1       90      1       0       42783.83  105     15.0     ms
success		1       2       1       44      1       0       42441.77  104     15.0     ms
success		1       3       1       19      1       0       42123.27  103     15.0     ms
success		1       4       1       94      1       0       41931.62  102     15.0     ms
success		1       5       1       40      1       0       41752.74  101     15.0     ms
success		1       6       1       85      1       0       41175.28  100     15.0     ms
success		1       7       1       67      1       0       40368.25  99      15.0     ms
success		1       8       1       94      1       0       39556.27  98      15.0     ms
success		1       9       1       30      1       0       39268.16  97      15.0     ms
success		1       10      1       46      1       0       39188.66  96      15.0     ms
success		1       11      1       20      1       0       38522.99  95      15.0     ms
success		1       12      1       53      1       0       37781.76  94      15.0     ms
success		1       13      1       81      1       0       37458.84  93      15.0     ms
success		1       14      1       0       1       0       37304.92  92      15.0     ms
success		1       15      1       45      1       0       36716.55  91      15.0     ms
success		1       16      2       87      2       0       36372.46  90      15.0     ms
success		1       17      1       75      1       0       35808.33  89      15.0     ms
success		1       18      1       84      1       0       35366.49  88      15.0     ms
success		1       19      1       70      1       0       35015.76  87      15.0     ms
success		1       20      1       46      1       0       34738.88  86      15.0     ms
success		1       21      1       70      1       0       34188.74  85      15.0     ms
success		1       22      1       80      1       0       33614.45  84      15.0     ms
success		1       23      1       28      1       0       33686.73  83      15.0     ms
success		1       24      2       47      2       0       33224.71  82      15.0     ms
success		1       25      1       31      1       0       32890.60  81      15.0     ms
success		1       26      2       68      2       0       32719.21  80      15.0     ms
success		1       27      1       48      1       0       31966.87  79      15.0     ms
success		1       28      1       23      1       0       31582.88  78      15.0     ms
success		1       29      1       23      1       0       31460.90  77      15.0     ms
success		1       30      1       17      1       0       30810.30  76      15.0     ms
success		1       31      1       62      1       0       30296.38  75      15.0     ms
success		1       32      2       39      2       0       30297.25  74      15.0     ms
success		1       33      1       55      1       0       29720.73  73      15.0     ms
success		1       34      1       59      1       0       29005.86  72      31.0     ms
success		1       35      1       49      1       0       28599.89  71      31.0     ms
success		1       36      1       10      1       0       28260.78  70      31.0     ms
success		1       37      1       26      1       0       27621.00  69      31.0     ms
success		1       38      1       55      1       0       27445.71  68      31.0     ms
success		1       39      1       16      1       0       27252.41  67      31.0     ms
success		1       40      2       2       2       0       26659.86  66      31.0     ms
success		1       41      2       56      2       0       25965.61  65      31.0     ms
success		1       42      2       25      2       0       25725.31  64      31.0     ms
success		1       43      2       14      2       0       25373.66  63      31.0     ms
success		1       44      1       46      1       0       25202.75  62      31.0     ms
success		1       45      2       22      2       0       24824.30  61      31.0     ms
success		1       46      1       35      1       0       24007.74  60      31.0     ms
success		1       47      2       32      2       0       23584.30  59      31.0     ms
success		1       48      2       0       2       0       23462.73  58      31.0     ms
success		1       49      2       11      2       0       23339.36  57      31.0     ms
success		1       50      2       19      2       0       22661.72  56      31.0     ms
success		1       51      2       36      2       0       22343.94  55      31.0     ms
success		1       52      3       16      3       0       22335.06  54      31.0     ms
success		1       53      2       16      2       0       21559.96  53      31.0     ms
success		1       54      1       47      1       0       21122.89  52      31.0     ms
success		1       55      2       19      2       0       20667.46  51      31.0     ms
success		1       56      3       49      3       0       20305.40  50      31.0     ms
success		1       57      1       29      1       0       20102.17  49      31.0     ms
success		1       58      2       15      2       0       19681.50  48      31.0     ms
success		1       59      3       22      3       0       19134.23  47      31.0     ms
success		1       60      2       9       2       0       18464.15  46      31.0     ms
success		1       61      2       25      2       0       17983.63  45      31.0     ms
success		1       62      1       43      1       0       17554.19  44      31.0     ms
success		1       63      2       36      2       0       17191.28  43      31.0     ms
success		1       64      2       8       2       0       16990.43  42      31.0     ms
success		1       65      2       5       2       0       16788.80  41      31.0     ms
success		1       66      1       21      1       0       16168.35  40      31.0     ms
success		1       67      3       17      3       0       15576.76  39      31.0     ms
success		1       68      3       30      3       0       14734.13  38      31.0     ms
success		1       69      4       3       3       0       16547.25  37      31.0     ms
success		1       70      2       6       2       0       15865.72  36      31.0     ms
success		1       71      4       17      4       0       15147.45  35      31.0     ms
success		1       72      5       7       5       0       14104.21  34      46.0     ms
success		1       73      4       33      4       0       13134.62  33      46.0     ms
success		1       74      2       4       2       0       12267.33  32      46.0     ms
success		1       75      10      17      3       0       12217.28  31      62.0     ms
success		1       76      7       30      4       0       11648.69  30      62.0     ms
success		1       77      9       5       4       0       10450.52  29      78.0     ms
success		1       78      5       16      5       0       9660.42   28      78.0     ms
success		1       79      26      4       5       0       9054.62   27      124.0    ms
success		1       80      29      13      5       0       8849.67   26      171.0    ms
success		1       81      60      22      5       0       8399.96   25      234.0    ms
success		1       82      349     1       4       0       7352.95   24      717.0    ms
success		1       0       1       98      1       0       55781.25  106     1294.0   ms
success		1       1       1       8       1       0       55201.81  105     1294.0   ms
success		1       2       1       60      1       0       54973.70  104     1294.0   ms
success		1       3       1       99      1       0       53890.82  103     1294.0   ms
success		1       4       1       87      1       0       52890.34  102     1294.0   ms
success		1       5       1       86      1       0       52356.10  101     1294.0   ms
success		1       6       1       20      1       0       51494.98  100     1294.0   ms
success		1       7       1       90      1       0       51032.17  99      1294.0   ms
success		1       8       1       15      1       0       50575.87  98      1294.0   ms
success		1       9       2       3       2       0       50037.87  97      1294.0   ms
success		1       10      2       63      2       0       49310.00  96      1294.0   ms
success		1       11      1       5       1       0       48838.44  95      1294.0   ms
success		1       12      1       40      1       0       48241.37  94      1294.0   ms
success		1       13      1       81      1       0       47824.66  93      1294.0   ms
success		1       14      1       27      1       0       47243.36  92      1294.0   ms
success		1       15      1       60      1       0       46270.62  91      1294.0   ms
success		1       16      1       74      1       0       45727.53  90      1294.0   ms
success		1       17      1       48      1       0       45296.33  89      1294.0   ms
success		1       18      1       24      1       0       44829.63  88      1294.0   ms
success		1       19      1       76      1       0       44180.63  87      1294.0   ms
success		1       20      2       81      2       0       43648.27  86      1294.0   ms
success		1       21      1       20      1       0       43204.02  85      1294.0   ms
success		1       22      1       3       1       0       42723.76  84      1294.0   ms
success		1       23      1       19      1       0       42489.84  83      1294.0   ms
success		1       24      1       20      1       0       42022.84  82      1294.0   ms
success		1       25      1       68      1       0       41742.60  81      1294.0   ms
success		1       26      1       49      1       0       41365.31  80      1294.0   ms
success		1       27      1       20      1       0       40803.11  79      1294.0   ms
success		1       28      1       51      1       0       40121.20  78      1294.0   ms
success		1       29      1       37      1       0       39183.24  77      1294.0   ms
success		1       30      2       45      2       0       38601.49  76      1294.0   ms
success		1       31      2       69      2       0       37879.85  75      1294.0   ms
success		1       32      2       28      2       0       37171.71  74      1294.0   ms
success		1       33      1       57      1       0       36413.63  73      1294.0   ms
success		1       34      2       55      2       0       35723.82  72      1294.0   ms
success		1       35      1       56      1       0       35060.26  71      1294.0   ms
success		1       36      1       46      1       0       34486.97  70      1294.0   ms
success		1       37      1       43      1       0       33992.85  69      1294.0   ms
success		1       38      1       0       1       0       33572.22  68      1310.0   ms
success		1       39      1       20      1       0       33523.03  67      1310.0   ms
success		1       40      1       26      1       0       33175.06  66      1310.0   ms
success		1       41      2       33      2       0       32888.44  65      1310.0   ms
success		1       42      2       12      2       0       32331.65  64      1310.0   ms
success		1       43      1       3       1       0       31527.97  63      1310.0   ms
success		1       44      2       26      2       0       30943.93  62      1310.0   ms
success		1       45      1       26      1       0       30555.77  61      1310.0   ms
success		1       46      2       35      2       0       29827.71  60      1310.0   ms
success		1       47      2       49      2       0       29289.53  59      1310.0   ms
success		1       48      2       58      2       0       28888.01  58      1310.0   ms
success		1       49      2       3       2       0       28264.58  57      1310.0   ms
success		1       50      3       51      3       0       27645.42  56      1310.0   ms
success		1       51      2       40      2       0       26677.47  55      1310.0   ms
success		1       52      2       43      2       0       25846.65  54      1310.0   ms
success		1       53      2       34      2       0       25183.72  53      1310.0   ms
success		1       54      2       28      2       0       24727.19  52      1310.0   ms
success		1       55      2       0       2       0       23996.81  51      1310.0   ms
success		1       56      3       44      3       0       23288.01  50      1310.0   ms
success		1       57      3       5       3       0       22244.25  49      1310.0   ms
success		1       58      2       7       2       0       21709.45  48      1310.0   ms
success		1       59      3       37      3       0       20914.56  47      1310.0   ms
success		1       60      2       24      2       0       20272.01  46      1310.0   ms
success		1       61      2       3       2       0       19602.82  45      1310.0   ms
success		1       62      4       28      4       0       19229.23  44      1310.0   ms
success		1       63      2       32      2       0       18306.32  43      1310.0   ms
success		1       64      2       35      2       0       17700.23  42      1310.0   ms
success		1       65      3       18      3       0       16801.63  41      1310.0   ms
success		1       66      3       38      3       0       16159.75  40      1310.0   ms
success		1       67      3       26      3       0       15776.99  39      1310.0   ms
success		1       68      2       21      2       0       15577.41  38      1310.0   ms
success		1       69      2       25      2       0       15380.09  37      1310.0   ms
success		1       70      3       7       3       0       14683.95  36      1310.0   ms
success		1       71      8       30      3       0       15961.20  34      1310.0   ms
success		1       72      3       28      3       0       14482.74  33      1310.0   ms
success		1       73      7       20      4       0       13917.22  32      1310.0   ms
success		1       74      5       16      3       0       11213.31  31      1310.0   ms
success		1       75      12      17      4       0       11706.52  30      1310.0   ms
success		1       76      12      0       4       0       10925.33  29      1326.0   ms
success		1       77      10      28      5       0       10179.61  28      1326.0   ms
success		1       78      14      1       4       0       9584.38   27      1341.0   ms
success		1       79      118     15      4       0       8241.41   26      1435.0   ms
success		1       80      63      20      4       0       7953.65   25      1497.0   ms
success		1       81      170     18      4       0       7176.47   24      1638.0   ms
success		1       0       1       16      1       0       56173.18  106     2184.0   ms
success		1       1       1       2       1       0       55468.29  105     2184.0   ms
success		1       2       1       17      1       0       54779.43  104     2184.0   ms
success		1       3       1       76      1       0       54101.13  103     2184.0   ms
success		1       4       1       55      1       0       53221.02  102     2184.0   ms
success		1       5       1       25      1       0       52689.39  101     2184.0   ms
success		1       6       1       3       1       0       52052.13  100     2184.0   ms
success		1       7       1       42      1       0       51176.41  99      2184.0   ms
success		1       8       1       80      1       0       50472.86  98      2184.0   ms
success		1       9       1       18      1       0       49517.39  97      2184.0   ms
success		1       10      1       8       1       0       49057.77  96      2184.0   ms
success		1       11      1       8       1       0       48382.05  95      2184.0   ms
success		1       12      1       87      1       0       47779.41  94      2184.0   ms
success		1       13      2       69      2       0       47017.09  93      2184.0   ms
success		1       14      1       1       1       0       46201.05  92      2184.0   ms
success		1       15      1       33      1       0       45051.35  91      2184.0   ms
success		1       16      1       33      1       0       44435.82  90      2184.0   ms
success		1       17      1       37      1       0       44043.29  89      2184.0   ms
success		1       18      1       83      1       0       43643.02  88      2184.0   ms
success		1       19      1       47      1       0       43421.73  87      2184.0   ms
success		1       20      1       23      1       0       43048.18  86      2184.0   ms
success		1       21      1       38      1       0       42338.91  85      2184.0   ms
success		1       22      2       17      2       0       42119.75  84      2184.0   ms
success		1       23      1       33      1       0       41777.28  83      2184.0   ms
success		1       24      1       76      1       0       41007.98  82      2184.0   ms
success		1       25      2       52      2       0       40102.10  81      2184.0   ms
success		1       26      1       11      1       0       39663.18  80      2184.0   ms
success		1       27      2       0       2       0       39269.63  79      2184.0   ms
success		1       28      1       64      1       0       38674.17  78      2184.0   ms
success		1       29      1       62      1       0       38460.38  77      2199.0   ms
success		1       30      2       43      2       0       37752.76  76      2199.0   ms
success		1       31      1       16      1       0       37374.72  75      2199.0   ms
success		1       32      2       26      2       0       36521.81  74      2199.0   ms
success		1       33      2       19      2       0       35777.06  73      2199.0   ms
success		1       34      3       71      3       0       35257.84  72      2199.0   ms
success		1       35      3       49      3       0       34372.40  71      2199.0   ms
success		1       36      1       19      1       0       33769.56  70      2199.0   ms
success		1       37      1       49      1       0       33070.49  69      2199.0   ms
success		1       38      2       0       2       0       32546.92  68      2199.0   ms
success		1       39      1       12      1       0       31564.08  67      2199.0   ms
success		1       40      1       39      1       0       31137.03  66      2199.0   ms
success		1       41      1       0       1       0       30307.45  65      2199.0   ms
success		1       42      1       0       1       0       29591.86  64      2199.0   ms
success		1       43      3       37      3       0       29407.64  63      2199.0   ms
success		1       44      3       0       3       0       28653.90  62      2199.0   ms
success		1       45      1       17      1       0       27912.58  61      2199.0   ms
success		1       46      2       39      2       0       27361.44  60      2199.0   ms
success		1       47      4       6       4       0       26568.17  59      2199.0   ms
success		1       48      3       39      3       0       25691.83  58      2199.0   ms
success		1       49      2       52      2       0       25054.08  57      2199.0   ms
success		1       50      1       34      1       0       24424.63  56      2199.0   ms
success		1       51      1       52      1       0       23969.87  55      2199.0   ms
success		1       52      1       7       1       0       23259.57  54      2199.0   ms
success		1       53      3       11      3       0       22437.85  53      2199.0   ms
success		1       54      1       44      1       0       21614.08  52      2199.0   ms
success		1       55      1       35      1       0       20899.94  51      2199.0   ms
success		1       56      3       14      3       0       20788.09  50      2199.0   ms
success		1       57      2       46      2       0       20504.97  49      2199.0   ms
success		1       58      1       12      1       0       19694.15  48      2199.0   ms
success		1       59      2       23      2       0       19131.98  47      2199.0   ms
success		1       60      3       22      3       0       18713.76  46      2199.0   ms
success		1       61      3       10      3       0       18248.29  45      2199.0   ms
success		1       62      3       28      3       0       17619.08  44      2199.0   ms
success		1       63      1       42      1       0       16893.05  43      2199.0   ms
success		1       64      2       11      2       0       16582.52  42      2199.0   ms
success		1       65      2       27      2       0       16131.16  41      2199.0   ms
success		1       66      3       40      3       0       15587.53  40      2199.0   ms
success		1       67      4       34      4       0       15181.55  39      2199.0   ms
success		1       68      2       29      2       0       14475.19  38      2199.0   ms
success		1       69      6       26      4       0       15575.43  37      2199.0   ms
success		1       70      3       36      3       0       14860.77  36      2199.0   ms
success		1       71      6       5       4       0       15028.35  34      2199.0   ms
success		1       72      4       28      4       0       14015.89  33      2199.0   ms
success		1       73      5       30      5       0       12819.27  32      2199.0   ms
success		1       74      5       27      4       0       12276.49  31      2199.0   ms
success		1       75      7       3       3       0       11129.45  30      2199.0   ms
success		1       76      9       15      5       0       10110.34  29      2215.0   ms
success		1       77      10      2       4       0       9266.36   28      2215.0   ms
success		1       78      9       3       5       0       9142.05   27      2215.0   ms
success		1       79      19      0       5       0       9267.69   26      2230.0   ms
success		1       80      73      7       4       0       8600.49   25      2293.0   ms
success		1       81      173     12      6       0       7237.33   24      2464.0   ms
success		1       0       1       36      1       0       56245.98  106     3010.0   ms
success		1       1       1       2       1       0       55738.88  105     3010.0   ms
success		1       2       1       33      1       0       55310.40  104     3010.0   ms
success		1       3       1       66      1       0       54943.79  103     3010.0   ms
success		1       4       1       74      1       0       54482.46  102     3010.0   ms
success		1       5       1       76      1       0       53855.64  101     3010.0   ms
success		1       6       1       66      1       0       53610.52  100     3010.0   ms
success		1       7       1       72      1       0       52962.03  99      3010.0   ms
success		1       8       2       17      2       0       52044.18  98      3010.0   ms
success		1       9       1       0       1       0       51416.01  97      3010.0   ms
success		1       10      1       2       1       0       50650.03  96      3010.0   ms
success		1       11      1       42      1       0       50018.70  95      3010.0   ms
success		1       12      1       13      1       0       49645.77  94      3010.0   ms
success		1       13      1       49      1       0       48802.48  93      3010.0   ms
success		1       14      1       21      1       0       48573.42  92      3010.0   ms
success		1       15      1       45      1       0       48315.01  91      3010.0   ms
success		1       16      2       60      2       0       47734.90  90      3010.0   ms
success		1       17      1       40      1       0       46866.09  89      3010.0   ms
success		1       18      1       60      1       0       46196.59  88      3010.0   ms
success		1       19      1       3       1       0       45655.22  87      3010.0   ms
success		1       20      1       78      1       0       44823.54  86      3010.0   ms
success		1       21      2       24      2       0       44299.14  85      3010.0   ms
success		1       22      1       11      1       0       43811.58  84      3010.0   ms
success		1       23      1       55      1       0       43153.12  83      3010.0   ms
success		1       24      1       29      1       0       42518.97  82      3010.0   ms
success		1       25      2       56      2       0       41708.88  81      3010.0   ms
success		1       26      1       41      1       0       41011.13  80      3010.0   ms
success		1       27      1       6       1       0       40596.76  79      3010.0   ms
success		1       28      1       69      1       0       39934.23  78      3010.0   ms
success		1       29      1       69      1       0       39233.24  77      3010.0   ms
success		1       30      1       71      1       0       38214.67  76      3010.0   ms
success		1       31      2       40      2       0       37436.17  75      3026.0   ms
success		1       32      2       43      2       0       36654.36  74      3026.0   ms
success		1       33      1       67      1       0       36348.41  73      3026.0   ms
success		1       34      1       22      1       0       35774.45  72      3026.0   ms
success		1       35      1       60      1       0       34974.35  71      3026.0   ms
success		1       36      1       21      1       0       34419.39  70      3026.0   ms
success		1       37      1       47      1       0       33610.97  69      3026.0   ms
success		1       38      1       9       1       0       33054.04  68      3026.0   ms
success		1       39      2       35      2       0       32267.49  67      3026.0   ms
success		1       40      2       21      2       0       31600.95  66      3026.0   ms
success		1       41      2       65      2       0       30891.12  65      3026.0   ms
success		1       42      2       35      2       0       30405.27  64      3026.0   ms
success		1       43      2       54      2       0       29875.67  63      3026.0   ms
success		1       44      3       24      3       0       29160.14  62      3026.0   ms
success		1       45      1       41      1       0       28608.99  61      3026.0   ms
success		1       46      2       29      2       0       27650.44  60      3026.0   ms
success		1       47      2       5       2       0       26946.82  59      3026.0   ms
success		1       48      2       58      2       0       26361.10  58      3026.0   ms
success		1       49      3       29      3       0       25610.38  57      3026.0   ms
success		1       50      2       49      2       0       24903.08  56      3026.0   ms
success		1       51      1       8       1       0       24650.87  55      3026.0   ms
success		1       52      2       7       2       0       23713.33  54      3026.0   ms
success		1       53      3       10      3       0       23100.95  53      3026.0   ms
success		1       54      1       3       1       0       22787.28  52      3026.0   ms
success		1       55      2       27      2       0       21936.84  51      3026.0   ms
success		1       56      1       0       1       0       21035.94  50      3026.0   ms
success		1       57      2       16      2       0       20049.58  49      3026.0   ms
success		1       58      3       27      3       0       19065.64  48      3026.0   ms
success		1       59      3       4       3       0       18475.26  47      3026.0   ms
success		1       60      1       3       1       0       17768.36  46      3026.0   ms
success		1       61      2       29      2       0       17619.17  45      3026.0   ms
success		1       62      2       15      2       0       17137.11  44      3026.0   ms
success		1       63      2       21      2       0       16849.61  43      3026.0   ms
success		1       64      3       38      3       0       16460.00  42      3026.0   ms
success		1       65      2       17      2       0       15780.93  41      3026.0   ms
success		1       66      3       24      3       0       15452.08  40      3026.0   ms
success		1       67      3       22      3       0       14825.90  39      3026.0   ms
success		1       68      3       24      3       0       14273.04  38      3026.0   ms
success		1       69      3       21      3       0       13761.33  37      3026.0   ms
success		1       70      3       10      3       0       13147.61  36      3026.0   ms
success		1       71      3       9       3       0       12859.66  35      3026.0   ms
success		1       72      2       18      2       0       12260.45  34      3026.0   ms
success		1       73      5       30      3       0       13128.67  33      3026.0   ms
success		1       74      4       0       4       0       12176.22  32      3026.0   ms
success		1       75      6       8       4       0       11604.97  31      3026.0   ms
success		1       76      7       18      3       0       11402.14  30      3026.0   ms
success		1       77      6       6       4       0       10070.72  29      3026.0   ms
success		1       78      17      13      4       0       10525.91  28      3042.0   ms
success		1       79      14      5       3       0       9907.16   27      3042.0   ms
success		1       80      11      7       4       0       9069.14   26      3057.0   ms
success		1       81      57      8       4       0       7551.71   25      3120.0   ms
success		1       82      397     13      4       0       7612.60   24      3556.0   ms
success		1       0       1       25      1       0       56311.17  106     4149.0   ms
success		1       1       1       82      1       0       55647.78  105     4149.0   ms
success		1       2       1       4       1       0       55092.94  104     4149.0   ms
success		1       3       1       49      1       0       54211.94  103     4149.0   ms
success		1       4       1       8       1       0       53747.20  102     4149.0   ms
success		1       5       1       9       1       0       53146.16  101     4149.0   ms
success		1       6       2       87      2       0       52832.56  100     4149.0   ms
success		1       7       1       83      1       0       51952.67  99      4149.0   ms
success		1       8       1       7       1       0       51273.93  98      4149.0   ms
success		1       9       1       27      1       0       50820.52  97      4149.0   ms
success		1       10      1       60      1       0       50181.24  96      4149.0   ms
success		1       11      1       75      1       0       49482.60  95      4149.0   ms
success		1       12      1       2       1       0       48888.78  94      4149.0   ms
success		1       13      1       28      1       0       48216.45  93      4149.0   ms
success		1       14      2       76      2       0       47437.50  92      4149.0   ms
success		1       15      1       89      1       0       46711.47  91      4149.0   ms
success		1       16      2       56      2       0       46106.75  90      4149.0   ms
success		1       17      1       39      1       0       45231.59  89      4149.0   ms
success		1       18      1       57      1       0       44196.75  88      4149.0   ms
success		1       19      1       26      1       0       43905.39  87      4149.0   ms
success		1       20      2       9       2       0       43512.28  86      4149.0   ms
success		1       21      1       50      1       0       42468.03  85      4149.0   ms
success		1       22      1       81      1       0       42095.75  84      4149.0   ms
success		1       23      1       21      1       0       41698.47  83      4149.0   ms
success		1       24      1       76      1       0       40932.92  82      4149.0   ms
success		1       25      1       15      1       0       39919.93  81      4149.0   ms
success		1       26      2       32      2       0       39597.75  80      4149.0   ms
success		1       27      2       78      2       0       38815.77  79      4149.0   ms
success		1       28      2       27      2       0       38423.30  78      4149.0   ms
success		1       29      2       54      2       0       37920.60  77      4149.0   ms
success		1       30      1       2       1       0       37427.12  76      4149.0   ms
success		1       31      2       66      2       0       36844.73  75      4149.0   ms
success		1       32      2       39      2       0       35887.31  74      4149.0   ms
success		1       33      1       72      1       0       35448.06  73      4149.0   ms
success		1       34      2       32      2       0       34865.36  72      4149.0   ms
success		1       35      1       13      1       0       34302.93  71      4149.0   ms
success		1       36      1       61      1       0       33649.46  70      4149.0   ms
success		1       37      1       7       1       0       33284.87  69      4149.0   ms
success		1       38      2       52      2       0       32987.51  68      4149.0   ms
success		1       39      2       3       2       0       32583.65  67      4149.0   ms
success		1       40      2       50      2       0       31776.01  66      4149.0   ms
success		1       41      1       41      1       0       31459.61  65      4149.0   ms
success		1       42      1       42      1       0       31065.80  64      4149.0   ms
success		1       43      2       26      2       0       30397.17  63      4149.0   ms
success		1       44      2       59      2       0       29995.59  62      4149.0   ms
success		1       45      3       25      3       0       28749.05  61      4149.0   ms
success		1       46      1       42      1       0       28159.40  60      4149.0   ms
success		1       47      2       33      2       0       27694.98  59      4149.0   ms
success		1       48      3       29      3       0       26924.89  58      4149.0   ms
success		1       49      2       31      2       0       26564.09  57      4149.0   ms
success		1       50      1       55      1       0       25951.28  56      4149.0   ms
success		1       51      1       1       1       0       25124.81  55      4149.0   ms
success		1       52      2       34      2       0       24495.50  54      4149.0   ms
success		1       53      3       52      3       0       23471.01  53      4149.0   ms
success		1       54      3       38      3       0       22745.47  52      4149.0   ms
success		1       55      2       29      2       0       22029.15  51      4149.0   ms
success		1       56      2       38      2       0       21489.95  50      4149.0   ms
success		1       57      2       31      2       0       20646.76  49      4149.0   ms
success		1       58      1       43      1       0       20237.27  48      4149.0   ms
success		1       59      2       25      2       0       19484.15  47      4149.0   ms
success		1       60      2       26      2       0       19199.49  46      4149.0   ms
success		1       61      3       32      3       0       18242.89  45      4149.0   ms
success		1       62      3       28      3       0       17782.37  44      4149.0   ms
success		1       63      2       17      2       0       17370.85  43      4149.0   ms
success		1       64      2       11      2       0       16818.80  42      4149.0   ms
success		1       65      2       4       2       0       16441.62  41      4149.0   ms
success		1       66      2       17      2       0       15916.32  40      4149.0   ms
success		1       67      2       18      2       0       15609.14  39      4149.0   ms
success		1       68      3       10      3       0       14788.70  38      4149.0   ms
success		1       69      4       20      3       0       16786.23  37      4149.0   ms
success		1       70      2       1       2       0       15755.91  36      4149.0   ms
success		1       71      3       34      3       0       14754.07  35      4149.0   ms
success		1       72      3       19      3       0       13906.60  34      4149.0   ms
success		1       73      4       22      3       0       14307.19  33      4149.0   ms
success		1       74      3       0       3       0       13229.43  32      4149.0   ms
success		1       75      3       1       3       0       11991.92  31      4149.0   ms
success		1       76      7       11      3       0       11364.47  30      4165.0   ms
success		1       77      3       20      3       0       10455.22  29      4165.0   ms
success		1       78      4       23      4       0       9835.57   28      4165.0   ms
success		1       79      12      20      4       0       9185.20   27      4165.0   ms
success		1       80      44      20      4       0       8681.36   26      4196.0   ms
success		1       81      99      1       5       0       8642.32   25      4305.0   ms
success		1       0       1       87      1       0       55654.66  106     4851.0   ms
success		1       1       1       86      1       0       55078.83  105     4851.0   ms
success		1       2       1       92      1       0       54086.72  104     4851.0   ms
success		1       3       1       50      1       0       53612.69  103     4851.0   ms
success		1       4       1       5       1       0       52824.77  102     4851.0   ms
success		1       5       1       13      1       0       52027.99  101     4851.0   ms
success		1       6       1       83      1       0       51274.10  100     4851.0   ms
success		1       7       1       26      1       0       50761.66  99      4851.0   ms
success		1       8       1       24      1       0       50505.22  98      4851.0   ms
success		1       9       1       95      1       0       49883.66  97      4851.0   ms
success		1       10      1       40      1       0       49669.27  96      4851.0   ms
success		1       11      1       60      1       0       49307.95  95      4851.0   ms
success		1       12      1       59      1       0       48844.57  94      4851.0   ms
success		1       13      1       14      1       0       48336.08  93      4851.0   ms
success		1       14      1       33      1       0       47437.01  92      4851.0   ms
success		1       15      1       55      1       0       47015.00  91      4851.0   ms
success		1       16      1       17      1       0       46288.36  90      4851.0   ms
success		1       17      1       78      1       0       45870.96  89      4851.0   ms
success		1       18      1       62      1       0       45574.39  88      4851.0   ms
success		1       19      1       48      1       0       45027.67  87      4851.0   ms
success		1       20      1       65      1       0       44596.96  86      4851.0   ms
success		1       21      1       36      1       0       43837.02  85      4851.0   ms
success		1       22      1       33      1       0       42928.58  84      4851.0   ms
success		1       23      1       2       1       0       42223.69  83      4851.0   ms
success		1       24      1       16      1       0       41225.51  82      4851.0   ms
success		1       25      1       21      1       0       40796.90  81      4851.0   ms
success		1       26      1       63      1       0       40231.50  80      4851.0   ms
success		1       27      1       35      1       0       39615.63  79      4851.0   ms
success		1       28      1       69      1       0       39135.01  78      4851.0   ms
success		1       29      1       66      1       0       38360.95  77      4851.0   ms
success		1       30      1       30      1       0       38033.33  76      4851.0   ms
success		1       31      1       52      1       0       37522.11  75      4851.0   ms
success		1       32      1       19      1       0       36629.23  74      4851.0   ms
success		1       33      2       48      2       0       35883.92  73      4851.0   ms
success		1       34      2       35      2       0       35174.50  72      4851.0   ms
success		1       35      1       62      1       0       34803.18  71      4851.0   ms
success		1       36      1       27      1       0       34284.25  70      4851.0   ms
success		1       37      1       17      1       0       33318.64  69      4851.0   ms
success		1       38      2       33      2       0       32557.59  68      4851.0   ms
success		1       39      2       31      2       0       31950.11  67      4851.0   ms
success		1       40      2       16      2       0       30851.31  66      4851.0   ms
success		1       41      1       52      1       0       30213.95  65      4851.0   ms
success		1       42      2       32      2       0       29450.30  64      4851.0   ms
success		1       43      1       45      1       0       28997.84  63      4851.0   ms
success		1       44      2       54      2       0       28241.16  62      4851.0   ms
success		1       45      2       3       2       0       27793.82  61      4851.0   ms
success		1       46      2       26      2       0       27094.22  60      4851.0   ms
success		1       47      2       38      2       0       26486.03  59      4851.0   ms
success		1       48      1       36      1       0       26147.14  58      4851.0   ms
success		1       49      2       45      2       0       25598.08  57      4851.0   ms
success		1       50      1       34      1       0       25379.61  56      4851.0   ms
success		1       51      2       0       2       0       25195.43  55      4851.0   ms
success		1       52      1       8       1       0       24230.05  54      4867.0   ms
success		1       53      2       45      2       0       23700.35  53      4867.0   ms
success		1       54      3       29      3       0       23500.23  52      4867.0   ms
success		1       55      2       18      2       0       22887.76  51      4867.0   ms
success		1       56      2       36      2       0       22200.61  50      4867.0   ms
success		1       57      1       45      1       0       21441.29  49      4867.0   ms
success		1       58      2       43      2       0       20759.19  48      4867.0   ms
success		1       59      4       33      4       0       20231.45  47      4867.0   ms
success		1       60      2       22      2       0       19654.06  46      4867.0   ms
success		1       61      2       23      2       0       19344.66  45      4867.0   ms
success		1       62      3       3       3       0       18966.61  44      4867.0   ms
success		1       63      2       40      2       0       18335.75  43      4867.0   ms
success		1       64      3       8       3       0       17507.78  42      4867.0   ms
success		1       65      3       23      3       0       16710.00  41      4867.0   ms
success		1       66      3       8       3       0       16478.40  40      4867.0   ms
success		1       67      3       20      3       0       16188.12  39      4867.0   ms
success		1       68      2       1       2       0       15588.57  38      4867.0   ms
success		1       69      3       3       3       0       15123.92  37      4867.0   ms
success		1       70      4       24      2       0       15130.14  36      4867.0   ms
success		1       71      2       4       2       0       13924.33  35      4867.0   ms
success		1       72      1       15      1       0       13082.55  34      4867.0   ms
success		1       73      4       1       3       0       11573.64  32      4867.0   ms
success		1       74      10      13      4       0       12537.70  31      4867.0   ms
success		1       75      22      22      3       0       11974.37  30      4882.0   ms
success		1       76      15      25      3       0       10685.20  29      4882.0   ms
success		1       77      11      21      3       0       10388.88  28      4898.0   ms
success		1       78      15      14      3       0       10120.20  27      4898.0   ms
success		1       79      47      21      4       0       8580.22   26      4945.0   ms
success		1       80      101     23      5       0       8312.11   25      5038.0   ms
success		1       81      259     15      4       0       7887.29   24      5319.0   ms
cross iterater0
bad   	success		7765.84   8417.91   25      5896.0   ms cross
rand   	success		7120.49   7188.83   24      6208.0   ms cross
bad   	rand   	bad   	rand   	bad   	rand   	success		6937.98   7071.20   24      9360.0   ms cross
ab
ab7	0
ab6	4
cross iterater1
bad   	rand   	bad   	rand   	ab
ab6	4
fail		6611.44   7377.24   24      12261.0  ms
cross iterater2
bad   	rand   	bad   	success		6582.76   7433.15   24      13447.0  ms cross
rand   	bad   	rand   	bad   	rand   	ab
ab7	4
ab6	0
cross iterater3
bad   	success		6537.65   6765.51   24      16691.0  ms cross
rand   	bad   	rand   	ab
ab7	5
ab6	0
fail		6554.04   7384.37   24      18907.0  ms
fail		6462.60   7249.45   24      19515.0  ms
fail		6606.19   7377.50   24      20092.0  ms
cross iterater4
bad   	success		6770.85   7755.69   24      20467.0  ms cross
rand   	bad   	success		6546.74   8113.30   25      21044.0  ms cross
rand   	success		6718.51   6884.50   24      21059.0  ms cross
bad   	rand   	bad   	rand   	ab
ab7	3
ab6	5
fail		6519.48   7403.81   24      23945.0  ms
fail		6554.04   7384.37   24      24491.0  ms
cross iterater5
bad   	success		6718.51   7244.66   24      24491.0  ms cross
rand   	bad   	success		6996.82   7403.36   24      25037.0  ms cross
rand   	ab
ab7	0
fail		6718.51   7384.64   24      25973.0  ms
cross iterater6
bad   	rand   	bad   	rand   	success		6677.62   7230.25   23      28298.0  ms cross
ab
ab6	5
ab7	2
fail		6606.19   7377.50   24      28875.0  ms
cross iterater7
ab
ab7	4
fail		6664.28   7488.49   24      29452.0  ms
fail		6462.60   7249.45   24      29998.0  ms
fail		6572.20   7363.73   24      30622.0  ms
cross iterater8
bad   	success		6558.92   7238.98   24      30622.0  ms cross
rand   	bad   	success		6539.83   7233.95   24      31043.0  ms cross
rand   	ab
ab7	5
ab6	2
fail		6722.79   7534.79   24      31714.0  ms
fail		6462.60   7249.45   24      32073.0  ms
cross iterater9
bad   	rand   	bad   	success		6885.91   7762.26   25      32790.0  ms cross
rand   	success		7050.01   7875.46   24      33196.0  ms cross
bad   	rand   	bad   	rand   	ab
ab7	5
ab6	2
fail		6462.60   7249.45   24      36191.0  ms
fail		6677.62   7209.66   23      36784.0  ms
cross iterater10
bad   	rand   	success		6674.29   7564.72   24      37673.0  ms cross
bad   	success		6822.43   7534.00   24      37767.0  ms cross
rand   	bad   	success		6233.41   7016.10   23      38906.0  ms cross
rand   	bad   	rand   	ab
ab7	3
fail		6539.83   7301.46   24      41480.0  ms
fail		6652.40   7057.94   23      42150.0  ms
fail		6677.62   7209.66   23      42743.0  ms
cross iterater11
bad   	success		6519.74   8086.11   25      42743.0  ms cross
rand   	success		6873.10   7295.23   24      42899.0  ms cross
bad   	rand   	bad   	success		6436.44   6458.29   23      44287.0  ms cross
rand   	bad   	rand   	ab
ab7	3
cross iterater12
ab
ab6	2
fail		6322.79   6770.77   23      46799.0  ms
fail		6233.41   6839.14   23      47439.0  ms
cross iterater13
bad   	success		6768.60   7006.36   24      47657.0  ms cross
rand   	bad   	rand   	bad   	rand   	bad   	success		6247.66   6798.16   23      50527.0  ms cross
rand   	ab
ab6	5
fail		6247.66   6837.00   23      51838.0  ms
fail		6322.79   6770.77   23      52384.0  ms
cross iterater14
bad   	rand   	success		6056.05   6700.64   23      52977.0  ms cross
bad   	rand   	bad   	rand   	bad   	success		6367.96   6774.59   23      55005.0  ms cross
rand   	bad   	rand   	bad   	rand   	ab
ab6	3
fail		6536.68   6883.99   23      57126.0  ms
fail		6367.96   6863.51   23      57485.0  ms
cross iterater15
bad   	success		6941.27   7731.07   24      57719.0  ms cross
rand   	bad   	rand   	bad   	success		6558.06   6726.24   23      59528.0  ms cross
rand   	bad   	success		6924.71   7437.32   24      60137.0  ms cross
rand   	success		6410.24   7160.43   23      60636.0  ms cross
bad   	rand   	bad   	rand   	ab
ab6	0
ab7	4
fail		6684.93   7122.72   23      62945.0  ms
cross iterater16
bad   	rand   	bad   	rand   	bad   	rand   	bad   	rand   	ab
ab6	1
cross iterater17
bad   	rand   	bad   	rand   	ab
ab6	2
ab7	4
fail		6262.99   6847.77   23      68873.0  ms
cross iterater18
bad   	rand   	bad   	success		6138.70   6684.51   23      69793.0  ms cross
rand   	bad   	rand   	bad   	rand   	ab
ab7	0
cross iterater19
bad   	rand   	bad   	rand   	ab
ab7	4
ab6	1
fail		6294.96   6765.05   23      73849.0  ms
cross iterater20
bad   	rand   	bad   	rand   	bad   	rand   	bad   	rand   	bad   	rand   	bad   	rand   	ab
ab6	0
fail		6294.96   6765.05   23      81025.0  ms
cross iterater21
bad   	rand   	bad   	rand   	bad   	rand   	bad   	rand   	ab
ab6	1
fail		6294.96   6765.05   23      86937.0  ms
fail		6138.70   6728.04   23      87546.0  ms
cross iterater22
ab
ab6	3
fail		6054.32   6571.16   23      88185.0  ms
cross iterater23
bad   	rand   	bad   	rand   	ab
ab6	5
cross iterater24
bad   	rand   	bad   	rand   	bad   	rand   	bad   	rand   	ab
ab6	2
fail		6153.08   6637.65   23      96765.0  ms
fail		6054.32   6571.16   23      97389.0  ms
fail		6214.38   6635.09   23      98076.0  ms
cross iterater25
bad   	success		6225.08   6724.10   23      98076.0  ms cross
rand   	bad   	rand   	bad   	rand   	bad   	rand   	bad   	rand   	bad   	rand   	ab
ab6	1
fail		6272.44   6846.69   23      105532.0 ms
fail		6153.08   6637.65   23      106156.0 ms
fail		6246.11   6682.68   23      106765.0 ms
cross iterater26
ab
ab7	0
fail		6153.08   6637.65   23      107357.0 ms
fail		6273.03   6757.60   23      108028.0 ms
fail		6054.32   6571.16   23      108715.0 ms
fail		6214.38   6635.09   23      109448.0 ms
cross iterater27
bad   	rand   	bad   	rand   	bad   	rand   	bad   	rand   	ab
ab6	1
fail		6214.38   6635.09   23      115220.0 ms
cross iterater28
bad   	rand   	success		6379.80   7082.73   23      116546.0 ms cross
bad   	rand   	bad   	rand   	bad   	rand   	ab
ab6	5
ab7	3
fail		6214.38   6635.09   23      121210.0 ms
cross iterater29
bad   	rand   	bad   	rand   	bad   	rand   	bad   	rand   	bad   	rand   	bad   	rand   	ab
ab7	0
fail		6153.08   6637.65   23      129696.0 ms
cross iterater30
bad   	rand   	bad   	rand   	ab
ab6	0
fail		6189.46   6625.02   23      132972.0 ms
cross iterater31
bad   	success		6349.16   6821.99   23      132972.0 ms cross
rand   	bad   	success		6155.38   6747.03   23      133581.0 ms cross
rand   	ab
ab6	1
ab7	0
fail		6214.38   6635.09   23      134610.0 ms
cross iterater32
ab
fail		6152.03   6598.00   23      134985.0 ms
cross iterater33
bad   	rand   	bad   	rand   	success		6253.12   6514.62   23      136669.0 ms cross
bad   	rand   	bad   	success		6234.90   6661.60   23      138058.0 ms cross
rand   	bad   	rand   	bad   	rand   	ab
ab7	0
ab6	3
fail		6209.99   6771.79   23      141505.0 ms
fail		6027.70   6644.95   23      141927.0 ms
cross iterater34
ab
ab6	1
fail		6189.46   6625.02   23      142348.0 ms
cross iterater35
bad   	rand   	bad   	success		6197.54   6582.94   23      143081.0 ms cross
rand   	ab
ab6	0
ab7	3
fail		6189.46   6625.02   23      143877.0 ms
cross iterater36
bad   	rand   	bad   	rand   	ab
ab6	4
ab7	5
fail		6152.03   6598.00   23      145983.0 ms
cross iterater37
ab
ab6	2
cross iterater38
bad   	success		6197.87   6610.83   23      145983.0 ms cross
rand   	bad   	success		6271.54   6768.00   23      146388.0 ms cross
rand   	bad   	rand   	bad   	rand   	ab
ab6	4
ab7	0
fail		6152.03   6598.00   23      148791.0 ms
cross iterater39
ab
fail		6168.63   6863.83   23      149196.0 ms
cross iterater40
bad   	success		6203.94   6804.10   23      149196.0 ms cross
rand   	bad   	rand   	bad   	rand   	bad   	rand   	bad   	rand   	bad   	rand   	ab
ab6	1
fail		6098.31   6681.86   23      154157.0 ms
fail		6409.08   6864.35   23      154765.0 ms
fail		6129.57   6570.11   23      155342.0 ms
fail		6152.03   6598.00   23      155888.0 ms
cross iterater41
bad   	rand   	bad   	rand   	bad   	rand   	bad   	rand   	ab
ab7	2
fail		6090.29   6737.84   23      161021.0 ms
fail		6293.29   6732.00   23      161676.0 ms
fail		6152.03   6598.00   23      162362.0 ms
cross iterater42
bad   	success		6293.04   6600.31   23      162362.0 ms cross
rand   	bad   	rand   	bad   	rand   	bad   	rand   	bad   	rand   	bad   	rand   	ab
ab6	5
fail		6293.04   6731.75   23      169944.0 ms
cross iterater43
bad   	rand   	bad   	rand   	bad   	rand   	bad   	success		6180.12   6719.64   23      173766.0 ms cross
rand   	bad   	rand   	bad   	rand   	ab
ab6	4
ab7	0
fail		6058.49   6569.83   23      178009.0 ms
fail		6129.57   6570.11   23      178571.0 ms
fail		6104.17   6702.91   23      179179.0 ms
cross iterater44
bad   	success		6050.43   6634.22   23      179179.0 ms cross
rand   	bad   	rand   	ab
ab6	1
fail		6058.49   6569.83   23      182081.0 ms
cross iterater45
bad   	rand   	bad   	rand   	bad   	rand   	bad   	success		6189.01   6715.36   23      185887.0 ms cross
rand   	bad   	rand   	bad   	rand   	ab
ab7	5
ab6	4
cross iterater46
ab
ab7	4
cross iterater47
bad   	success		6287.28   6586.28   23      189163.0 ms cross
rand   	bad   	rand   	bad   	rand   	bad   	success		6057.52   6588.28   23      192345.0 ms cross
rand   	bad   	rand   	bad   	rand   	ab
ab7	2
fail		6295.31   6917.54   23      196120.0 ms
fail		6287.28   6665.35   23      196729.0 ms
fail		6058.49   6569.83   23      197337.0 ms
cross iterater48
bad   	success		6218.04   6713.81   23      197337.0 ms cross
rand   	bad   	rand   	ab
ab7	2
ab6	1
fail		6255.59   6890.93   23      199942.0 ms
cross iterater49
bad   	rand   	bad   	success		6100.36   6475.26   23      201175.0 ms cross
rand   	ab
ab6	3
ab7	2
fail		6174.04   6514.18   23      202360.0 ms
fail		6108.68   6786.74   23      203062.0 ms
cross iterater50
bad   	rand   	bad   	rand   	ab
ab7	3
ab6	0
fail		6129.18   6721.36   23      206323.0 ms
fail		6057.52   6589.51   23      206900.0 ms
cross iterater51
bad   	success		6126.29   6634.48   23      206900.0 ms cross
rand   	bad   	success		5996.22   6367.40   23      207633.0 ms cross
rand   	ab
ab6	1
fail		6126.29   6642.25   23      208897.0 ms
fail		6112.34   6610.57   23      209552.0 ms
fail		6100.36   6571.69   23      210176.0 ms
cross iterater52
ab
ab6	4
ab7	2
cross iterater53
bad   	success		6206.49   6867.92   23      210191.0 ms cross
rand   	bad   	success		6122.91   6823.30   23      210815.0 ms cross
rand   	bad   	rand   	bad   	rand   	ab
ab6	0
fail		6224.48   6647.32   23      214746.0 ms
cross iterater54
ab
ab6	1
fail		6233.60   6685.16   23      215433.0 ms
fail		6106.91   6858.52   23      216072.0 ms
cross iterater55
bad   	rand   	bad   	rand   	bad   	rand   	bad   	rand   	bad   	rand   	bad   	rand   	ab
ab6	1
cross iterater56
bad   	success		6094.30   6526.29   23      224294.0 ms cross
rand   	bad   	success		6372.56   6711.41   23      224964.0 ms cross
rand   	ab
ab6	2
ab7	1
cross iterater57
bad   	success		6202.38   7409.92   24      225588.0 ms cross
rand   	bad   	success		6087.71   6584.28   23      226290.0 ms cross
rand   	bad   	rand   	bad   	success		6262.39   6835.50   23      228272.0 ms cross
rand   	bad   	rand   	bad   	rand   	ab
ab6	0
fail		6203.15   6590.15   23      232078.0 ms
fail		6176.35   6563.36   23      232702.0 ms
fail		6087.71   6587.27   23      233326.0 ms
cross iterater58
bad   	rand   	bad   	success		6172.10   6523.52   23      234558.0 ms cross
rand   	ab
ab6	1
fail		6140.44   6527.44   23      235915.0 ms
fail		6087.71   6587.27   23      236571.0 ms
cross iterater59
bad   	success		5998.46   7462.34   24      236571.0 ms cross
rand   	bad   	success		6419.32   6562.44   23      237241.0 ms cross
rand   	bad   	rand   	bad   	success		6185.46   6514.45   23      238957.0 ms cross
rand   	ab
ab6	5
cross iterater60
bad   	success		6199.88   7301.42   24      239581.0 ms cross
rand   	bad   	success		6191.81   6910.43   23      240611.0 ms cross
rand   	bad   	rand   	bad   	success		6122.46   6974.04   24      242358.0 ms cross
rand   	bad   	rand   	bad   	rand   	ab
ab6	5
ab7	3
fail		6109.95   6638.56   23      246211.0 ms
cross iterater61
ab
ab6	3
fail		6087.71   6587.27   23      246788.0 ms
cross iterater62
bad   	rand   	bad   	success		6179.16   6630.19   23      248302.0 ms cross
rand   	ab
ab6	5
ab7	0
fail		6185.46   6572.46   23      249503.0 ms
fail		6106.92   6548.71   23      250096.0 ms
cross iterater63
bad   	rand   	bad   	rand   	bad   	rand   	bad   	success		6069.54   6588.15   23      253949.0 ms cross
rand   	ab
ab6	5
cross iterater64
bad   	success		6101.53   6540.55   23      254635.0 ms cross
rand   	bad   	rand   	ab
ab6	4
fail		6185.46   6572.46   23      257350.0 ms
fail		6158.69   6731.60   23      257958.0 ms
cross iterater65
bad   	success		6348.39   6858.30   23      257958.0 ms cross
rand   	bad   	success		5820.87   6688.15   23      258644.0 ms cross
rand   	ab
ab6	5
ab7	1
fail		5820.87   6667.46   23      259955.0 ms
cross iterater66
bad   	success		6283.65   7288.81   24      259955.0 ms cross
rand   	success		6515.42   6433.26   23      260516.0 ms cross
bad   	rand   	bad   	rand   	bad   	success		5902.54   6652.30   23      263028.0 ms cross
rand   	ab
ab6	4
ab7	0
cross iterater67
bad   	rand   	bad   	success		6216.91   6685.96   23      264837.0 ms cross
rand   	bad   	rand   	bad   	rand   	ab
ab6	1
fail		6065.21   6843.38   23      268581.0 ms
cross iterater68
ab
ab7	0
fail		6158.28   6654.64   23      269393.0 ms
cross iterater69
ab
ab6	4
fail		6269.99   6737.74   23      269939.0 ms
fail		6160.01   6762.27   23      270594.0 ms
cross iterater70
bad   	success		6070.84   6654.76   23      270594.0 ms cross
rand   	bad   	rand   	bad   	rand   	bad   	rand   	ab
ab6	4
fail		6085.20   6564.14   23      275742.0 ms
cross iterater71
bad   	success		6221.43   7411.39   24      275742.0 ms cross
rand   	bad   	success		6225.48   6814.07   23      276350.0 ms cross
rand   	bad   	rand   	bad   	success		6361.61   7418.95   24      278113.0 ms cross
rand   	bad   	success		6283.33   6947.65   23      278846.0 ms cross
rand   	bad   	rand   	ab
ab6	1
ab7	5
fail		6185.46   6572.46   23      281170.0 ms
fail		6085.20   6564.14   23      281810.0 ms
fail		6312.06   6644.38   23      282403.0 ms
cross iterater72
bad   	rand   	bad   	rand   	ab
ab6	4
ab7	5
fail		6085.20   6564.14   23      285585.0 ms
cross iterater73
bad   	rand   	bad   	rand   	bad   	rand   	bad   	success		6221.37   6562.17   23      289516.0 ms cross
rand   	bad   	rand   	bad   	rand   	ab
ab6	2
fail		6250.49   6641.24   23      293323.0 ms
fail		6313.75   6736.52   23      293978.0 ms
fail		6182.02   6582.84   23      294633.0 ms
fail		6385.05   6717.38   23      295319.0 ms
cross iterater74
bad   	rand   	bad   	success		6032.50   6511.15   23      296614.0 ms cross
rand   	bad   	rand   	bad   	rand   	ab
ab6	1
ab7	2
fail		6250.49   6641.24   23      300389.0 ms
fail		6032.50   6511.43   23      300935.0 ms
cross iterater75
ab
ab6	2
ab7	5
cross iterater76
ab
fail		6290.02   6685.59   23      301575.0 ms
fail		6032.50   6511.43   23      302183.0 ms
cross iterater77
bad   	success		6135.51   6513.86   23      302183.0 ms cross
rand   	bad   	rand   	bad   	rand   	bad   	success		6159.04   6628.38   23      305319.0 ms cross
rand   	bad   	rand   	bad   	rand   	ab
ab7	0
cross iterater78
bad   	success		6333.01   6631.48   23      308564.0 ms cross
rand   	bad   	rand   	bad   	rand   	bad   	success		6142.04   6556.46   23      311668.0 ms cross
rand   	bad   	rand   	bad   	rand   	ab
ab6	5
ab7	0
fail		6323.43   6795.22   23      315615.0 ms
fail		6180.46   6688.87   23      316379.0 ms
fail		6142.04   6571.26   23      317081.0 ms
cross iterater79
bad   	success		6231.37   6525.70   23      317081.0 ms cross
rand   	bad   	rand   	bad   	rand   	bad   	success		6066.93   6738.59   23      320310.0 ms cross
rand   	ab
ab6	1
fail		6066.93   6753.39   23      321543.0 ms
cross iterater80
bad   	rand   	bad   	rand   	bad   	rand   	bad   	rand   	ab
ab6	2
ab7	1
fail		6264.74   6677.06   23      327330.0 ms
fail		6212.54   6684.34   23      327876.0 ms
cross iterater81
bad   	rand   	bad   	rand   	bad   	rand   	bad   	success		6231.37   6526.63   23      331870.0 ms cross
rand   	bad   	rand   	bad   	rand   	ab
ab7	5
cross iterater82
ab
ab7	0
fail		6267.98   6598.16   23      335941.0 ms
fail		6231.37   6580.33   23      336612.0 ms
cross iterater83
bad   	rand   	bad   	rand   	ab
ab6	2
fail		6308.85   6766.26   23      339701.0 ms
fail		6363.46   6693.64   23      340372.0 ms
cross iterater84
bad   	success		6322.50   6598.85   23      340372.0 ms cross
rand   	bad   	rand   	bad   	rand   	bad   	success		6205.06   6406.45   23      343445.0 ms cross
rand   	bad   	rand   	bad   	rand   	ab
ab6	1
fail		6205.06   6505.95   23      347423.0 ms
fail		6416.17   6746.35   23      348125.0 ms
cross iterater85
bad   	success		6287.52   6848.03   23      348125.0 ms cross
rand   	bad   	rand   	bad   	rand   	bad   	success		6215.52   6513.40   23      351104.0 ms cross
rand   	bad   	rand   	bad   	rand   	ab
ab6	5
ab7	1
fail		6363.46   6693.64   23      353538.0 ms
cross iterater86
bad   	rand   	bad   	rand   	ab
ab7	0
cross iterater87
bad   	success		6165.62   6609.73   23      355145.0 ms cross
rand   	bad   	rand   	bad   	rand   	bad   	success		6213.35   6772.30   23      357110.0 ms cross
rand   	bad   	rand   	bad   	rand   	ab
ab6	2
ab7	5
cross iterater88
bad   	success		6155.75   6865.49   23      358982.0 ms cross
rand   	bad   	rand   	bad   	rand   	bad   	success		6141.43   6511.07   23      360963.0 ms cross
rand   	ab
ab6	3
ab7	0
fail		6346.78   6787.40   23      361837.0 ms
cross iterater89
bad   	rand   	bad   	rand   	bad   	rand   	bad   	rand   	ab
ab6	2
ab7	5
cross iterater90
ab
ab6	4
fail		6294.83   6700.27   23      365441.0 ms
cross iterater91
bad   	rand   	bad   	success		6379.90   7400.18   24      366174.0 ms cross
rand   	bad   	success		6303.74   6699.72   23      366533.0 ms cross
rand   	bad   	rand   	ab
ab6	1
fail		6418.46   6829.78   23      367983.0 ms
fail		6309.19   6639.38   23      368342.0 ms
fail		6145.23   6671.53   23      368717.0 ms
cross iterater92
bad   	success		6392.75   6933.68   23      368717.0 ms cross
rand   	bad   	rand   	bad   	success		6139.15   6774.91   23      369933.0 ms cross
rand   	bad   	rand   	ab
ab6	1
fail		6139.15   6706.68   23      371509.0 ms
fail		6145.23   6671.53   23      371914.0 ms
cross iterater93
bad   	rand   	bad   	rand   	bad   	rand   	bad   	rand   	ab
ab6	3
ab7	4
cross iterater94
ab
ab6	2
ab7	5
fail		6370.33   6963.69   23      375487.0 ms
cross iterater95
bad   	rand   	bad   	rand   	bad   	rand   	bad   	rand   	ab
ab6	3
ab7	5
fail		6324.70   6683.50   23      378919.0 ms
fail		6356.24   6804.38   23      379309.0 ms
cross iterater96
bad   	success		6215.27   6771.52   23      379309.0 ms cross
rand   	bad   	rand   	bad   	rand   	bad   	success		6299.16   6593.09   23      381118.0 ms cross
rand   	ab
ab6	1
fail		6198.69   6533.77   23      381836.0 ms
cross iterater97
bad   	rand   	bad   	rand   	bad   	rand   	bad   	rand   	ab
ab6	4
fail		6202.77   6540.84   23      385408.0 ms
fail		6434.97   6988.20   23      385783.0 ms
cross iterater98
bad   	success		6203.02   6471.14   23      385783.0 ms cross
rand   	bad   	rand   	bad   	rand   	bad   	rand   	ab
ab7	5
fail		6299.16   6649.33   23      388981.0 ms
cross iterater99
ab
ab7	0
fail		6205.03   6683.17   23      389386.0 ms
fail		6237.53   6679.79   23      389714.0 ms
fail		6148.90   6497.50   23      390088.0 ms
fail		6299.16   6649.33   23      390447.0 ms

R.size:23

1		21	23	182	163	145	195	29	87	109	209	
2		118	83	193	43	24	100	138	202	39	158	
3		20	147	65	115	91	172	28	149	
4		164	66	10	176	191	72	121	188	205	95	
5		113	155	78	175	13	126	207	2	214	90	67	107	
6		48	120	196	40	97	169	105	130	
7		82	5	180	84	46	106	206	4	
8		133	26	152	75	153	194	52	15	92	198	
9		60	57	212	119	35	125	33	17	
10		3	177	88	22	16	157	140	63	
11		45	178	173	80	11	122	77	179	
12		62	19	192	102	146	68	76	203	96	74	
13		148	103	86	94	79	110	162	123	
14		161	55	58	210	184	185	71	9	99	53	
15		93	104	18	8	186	127	98	181	117	137	
16		190	73	12	47	213	6	139	167	165	108	
17		30	116	129	160	70	14	89	59	
18		114	159	135	54	132	7	204	81	187	56	
19		101	144	38	150	151	199	37	142	49	183	
20		41	27	85	31	154	25	200	201	174	189	
21		170	134	50	156	208	112	168	61	64	42	
22		131	44	166	143	36	128	34	1	111	211	
23		32	171	197	124	141	69	51	136	

data1/pdp200/LC1_2_7.txt
total_cost 5820.871993

