success		1       0       1       75      1       0       31645.84  102     0.0      ms
success		1       1       1       53      1       0       31559.39  101     0.0      ms
success		1       2       1       6       1       0       30687.51  100     0.0      ms
success		1       3       1       41      1       0       30387.45  99      0.0      ms
success		1       4       1       22      1       0       30249.90  98      15.0     ms
success		1       5       1       92      1       0       30200.81  97      15.0     ms
success		1       6       1       45      1       0       29779.32  96      15.0     ms
success		1       7       1       78      1       0       29714.49  95      15.0     ms
success		1       8       1       54      1       0       29812.69  94      15.0     ms
success		1       9       1       12      1       0       29713.70  93      15.0     ms
success		1       10      1       41      1       0       29750.42  92      15.0     ms
success		1       11      1       68      1       0       29171.30  91      15.0     ms
success		1       12      1       2       1       0       28917.88  90      15.0     ms
success		1       13      1       83      1       0       29006.45  89      15.0     ms
success		1       14      1       56      1       0       28442.68  88      15.0     ms
success		1       15      1       68      1       0       28105.65  87      15.0     ms
success		1       16      1       6       1       0       27919.92  86      15.0     ms
success		1       17      1       67      1       0       27609.62  85      15.0     ms
success		1       18      1       36      1       0       27489.27  84      15.0     ms
success		1       19      2       44      2       0       27930.19  83      15.0     ms
success		1       20      1       75      1       0       27701.57  82      15.0     ms
success		1       21      2       43      2       0       28635.77  81      15.0     ms
success		1       22      1       43      1       0       28822.58  80      15.0     ms
success		1       23      1       62      1       0       28309.62  79      15.0     ms
success		1       24      1       7       1       0       28464.04  78      15.0     ms
success		1       25      1       63      1       0       27969.89  77      15.0     ms
success		1       26      2       41      2       0       28279.19  76      15.0     ms
success		1       27      1       16      1       0       28035.63  75      15.0     ms
success		1       28      2       13      2       0       28411.45  74      15.0     ms
success		1       29      1       48      1       0       28204.53  73      15.0     ms
success		1       30      1       25      1       0       28247.81  72      15.0     ms
success		1       31      1       39      1       0       28422.87  71      15.0     ms
success		1       32      1       16      1       0       28296.65  70      15.0     ms
success		1       33      1       61      1       0       28012.27  69      15.0     ms
success		1       34      1       33      1       0       27312.51  68      15.0     ms
success		1       35      1       15      1       0       26845.62  67      15.0     ms
success		1       36      2       36      2       0       26380.20  66      15.0     ms
success		1       37      2       50      2       0       25907.91  65      15.0     ms
success		1       38      3       3       3       0       25257.81  64      15.0     ms
success		1       39      2       57      2       0       25181.28  63      15.0     ms
success		1       40      1       44      1       0       25193.92  62      15.0     ms
success		1       41      1       50      1       0       24863.23  61      15.0     ms
success		1       42      2       26      2       0       24327.39  60      15.0     ms
success		1       43      2       8       2       0       24408.49  59      15.0     ms
success		1       44      3       50      3       0       24381.33  58      15.0     ms
success		1       45      3       40      3       0       24207.40  57      15.0     ms
success		1       46      2       30      2       0       23335.26  56      15.0     ms
success		1       47      1       10      1       0       22996.29  55      15.0     ms
success		1       48      2       19      2       0       22659.43  54      15.0     ms
success		1       49      2       4       2       0       22664.74  53      15.0     ms
success		1       50      1       52      1       0       22377.32  52      15.0     ms
success		1       51      2       49      2       0       22076.62  51      15.0     ms
success		1       52      3       4       3       0       22236.94  50      15.0     ms
success		1       53      1       44      1       0       22151.00  49      15.0     ms
success		1       54      2       20      2       0       21321.51  48      31.0     ms
success		1       55      4       23      4       0       20551.11  47      31.0     ms
success		1       56      2       23      2       0       20726.68  46      31.0     ms
success		1       57      1       26      1       0       20510.49  45      31.0     ms
success		1       58      1       13      1       0       19921.45  44      31.0     ms
success		1       59      3       37      3       0       19593.02  43      31.0     ms
success		1       60      3       13      3       0       19172.60  42      31.0     ms
success		1       61      2       32      2       0       18649.30  41      31.0     ms
success		1       62      1       1       1       0       18178.72  40      31.0     ms
success		1       63      3       39      3       0       17559.54  39      31.0     ms
success		1       64      3       6       3       0       17111.65  38      31.0     ms
success		1       65      3       2       3       0       16848.45  37      31.0     ms
success		1       66      3       2       3       0       16267.57  36      31.0     ms
success		1       67      3       33      3       0       16282.86  35      31.0     ms
success		1       68      4       31      4       0       15310.70  34      31.0     ms
success		1       69      3       20      3       0       14801.64  33      31.0     ms
success		1       70      2       23      2       0       14528.36  32      31.0     ms
success		1       71      5       24      2       0       17182.79  31      31.0     ms
success		1       72      3       8       3       0       16178.78  30      31.0     ms
success		1       73      5       7       5       0       15284.82  29      31.0     ms
success		1       74      5       4       3       0       15332.06  28      31.0     ms
success		1       75      4       15      4       0       13962.36  27      31.0     ms
success		1       76      13      0       4       0       13135.21  26      31.0     ms
success		1       77      15      12      5       0       12074.60  25      46.0     ms
success		1       78      23      5       5       0       11290.02  24      46.0     ms
success		1       79      24      4       5       0       9929.11   23      62.0     ms
success		1       80      15      15      4       0       9072.50   22      78.0     ms
success		1       81      102     20      3       0       8920.51   21      140.0    ms
success		1       82      250     13      5       0       7709.44   20      358.0    ms
success		1       0       1       71      1       0       43954.49  102     826.0    ms
success		1       1       1       18      1       0       43862.03  101     826.0    ms
success		1       2       1       39      1       0       43545.50  100     826.0    ms
success		1       3       1       21      1       0       43185.57  99      826.0    ms
success		1       4       1       17      1       0       42660.71  98      826.0    ms
success		1       5       1       61      1       0       42172.35  97      826.0    ms
success		1       6       1       73      1       0       41717.75  96      826.0    ms
success		1       7       1       78      1       0       41593.81  95      826.0    ms
success		1       8       1       31      1       0       40955.51  94      826.0    ms
success		1       9       1       35      1       0       40925.05  93      826.0    ms
success		1       10      1       0       1       0       40127.41  92      826.0    ms
success		1       11      1       57      1       0       39696.18  91      826.0    ms
success		1       12      1       79      1       0       39138.47  90      826.0    ms
success		1       13      1       80      1       0       38970.23  89      826.0    ms
success		1       14      1       47      1       0       38120.61  88      826.0    ms
success		1       15      1       12      1       0       37151.92  87      826.0    ms
success		1       16      1       84      1       0       36988.22  86      826.0    ms
success		1       17      1       32      1       0       37029.91  85      826.0    ms
success		1       18      1       81      1       0       36864.71  84      826.0    ms
success		1       19      1       80      1       0       36829.39  83      826.0    ms
success		1       20      1       73      1       0       36243.30  82      826.0    ms
success		1       21      1       30      1       0       35738.09  81      826.0    ms
success		1       22      2       66      2       0       35627.66  80      826.0    ms
success		1       23      1       28      1       0       35452.35  79      826.0    ms
success		1       24      1       21      1       0       35114.01  78      826.0    ms
success		1       25      1       63      1       0       34746.44  77      826.0    ms
success		1       26      1       46      1       0       34623.21  76      826.0    ms
success		1       27      1       38      1       0       34463.11  75      826.0    ms
success		1       28      2       51      2       0       34098.63  74      826.0    ms
success		1       29      1       0       1       0       33542.33  73      826.0    ms
success		1       30      1       30      1       0       33044.93  72      826.0    ms
success		1       31      1       43      1       0       33098.23  71      826.0    ms
success		1       32      2       28      2       0       32777.24  70      826.0    ms
success		1       33      3       46      3       0       32156.47  69      826.0    ms
success		1       34      3       60      3       0       32117.47  68      826.0    ms
success		1       35      1       13      1       0       32029.66  67      826.0    ms
success		1       36      1       53      1       0       31550.41  66      826.0    ms
success		1       37      4       36      4       0       31725.19  65      826.0    ms
success		1       38      2       35      2       0       31111.46  64      826.0    ms
success		1       39      2       29      2       0       30493.24  63      826.0    ms
success		1       40      2       19      2       0       30030.83  62      826.0    ms
success		1       41      3       14      3       0       30097.59  61      826.0    ms
success		1       42      2       27      2       0       29916.34  60      842.0    ms
success		1       43      1       20      1       0       29228.31  59      842.0    ms
success		1       44      2       42      2       0       29194.43  58      842.0    ms
success		1       45      1       53      1       0       29212.04  57      842.0    ms
success		1       46      3       21      3       0       28821.60  56      842.0    ms
success		1       47      4       52      4       0       27666.67  55      842.0    ms
success		1       48      1       6       1       0       27151.90  54      842.0    ms
success		1       49      2       12      2       0       26988.46  53      842.0    ms
success		1       50      2       30      2       0       26718.64  52      842.0    ms
success		1       51      1       15      1       0       26187.97  51      842.0    ms
success		1       52      2       11      2       0       25639.54  50      842.0    ms
success		1       53      3       18      3       0       25293.72  49      842.0    ms
success		1       54      3       42      3       0       24880.61  48      842.0    ms
success		1       55      3       31      3       0       24123.52  47      842.0    ms
success		1       56      2       15      2       0       23488.23  46      842.0    ms
success		1       57      3       21      3       0       23215.17  45      842.0    ms
success		1       58      3       23      3       0       22471.10  44      842.0    ms
success		1       59      4       23      4       0       21723.06  43      842.0    ms
success		1       60      1       21      1       0       21014.92  42      842.0    ms
success		1       61      2       15      2       0       20615.97  41      842.0    ms
success		1       62      1       16      1       0       20145.94  40      842.0    ms
success		1       63      3       11      3       0       18946.71  39      842.0    ms
success		1       64      3       12      3       0       18377.66  38      842.0    ms
success		1       65      3       2       3       0       17596.58  37      842.0    ms
success		1       66      3       25      3       0       17291.19  36      842.0    ms
success		1       67      3       25      3       0       16854.73  35      842.0    ms
success		1       68      4       0       4       0       16109.88  34      842.0    ms
success		1       69      3       11      3       0       15383.79  33      842.0    ms
success		1       70      4       9       4       0       14340.28  32      842.0    ms
success		1       71      3       9       3       0       14170.24  31      842.0    ms
success		1       72      4       10      4       0       13704.83  30      842.0    ms
success		1       73      4       8       2       0       14800.92  29      842.0    ms
success		1       74      7       17      3       0       14422.48  28      842.0    ms
success		1       75      4       0       4       0       12898.16  27      842.0    ms
success		1       76      5       25      4       0       13350.89  26      842.0    ms
success		1       77      16      11      4       0       11676.19  25      858.0    ms
success		1       78      14      10      5       0       11698.83  24      873.0    ms
success		1       79      23      21      3       0       10380.05  23      904.0    ms
success		1       80      85      6       4       0       9527.76   22      967.0    ms
success		1       81      62      18      5       0       8300.44   21      1014.0   ms
success		1       82      19      2       4       0       7674.54   20      1029.0   ms
success		1       0       1       75      1       0       44194.78  102     1513.0   ms
success		1       1       1       84      1       0       43813.01  101     1513.0   ms
success		1       2       1       21      1       0       43278.01  100     1513.0   ms
success		1       3       2       53      2       0       43229.90  99      1513.0   ms
success		1       4       1       69      1       0       42549.51  98      1513.0   ms
success		1       5       1       8       1       0       42143.92  97      1513.0   ms
success		1       6       1       23      1       0       41811.73  96      1513.0   ms
success		1       7       1       3       1       0       41333.19  95      1513.0   ms
success		1       8       2       53      2       0       41017.71  94      1513.0   ms
success		1       9       1       60      1       0       40545.49  93      1513.0   ms
success		1       10      1       25      1       0       40417.64  92      1513.0   ms
success		1       11      1       83      1       0       39921.65  91      1513.0   ms
success		1       12      1       28      1       0       39720.83  90      1513.0   ms
success		1       13      1       48      1       0       39230.21  89      1513.0   ms
success		1       14      1       58      1       0       38915.65  88      1513.0   ms
success		1       15      1       70      1       0       38367.92  87      1513.0   ms
success		1       16      1       73      1       0       37943.34  86      1513.0   ms
success		1       17      2       62      2       0       37614.55  85      1513.0   ms
success		1       18      1       82      1       0       37223.06  84      1513.0   ms
success		1       19      1       43      1       0       37010.26  83      1513.0   ms
success		1       20      2       42      2       0       36090.19  82      1513.0   ms
success		1       21      1       5       1       0       34975.62  81      1513.0   ms
success		1       22      1       60      1       0       34622.23  80      1513.0   ms
success		1       23      2       6       2       0       34126.55  79      1513.0   ms
success		1       24      1       4       1       0       33828.15  78      1513.0   ms
success		1       25      1       63      1       0       33305.97  77      1513.0   ms
success		1       26      1       31      1       0       33163.84  76      1513.0   ms
success		1       27      1       66      1       0       32761.76  75      1513.0   ms
success		1       28      1       68      1       0       32598.46  74      1513.0   ms
success		1       29      1       45      1       0       32509.88  73      1513.0   ms
success		1       30      1       44      1       0       31691.53  72      1513.0   ms
success		1       31      1       61      1       0       30984.03  71      1513.0   ms
success		1       32      1       11      1       0       30372.25  70      1513.0   ms
success		1       33      1       64      1       0       29951.85  69      1513.0   ms
success		1       34      2       28      2       0       29641.25  68      1513.0   ms
success		1       35      2       51      2       0       29564.05  67      1513.0   ms
success		1       36      2       28      2       0       29462.62  66      1513.0   ms
success		1       37      1       7       1       0       29013.08  65      1513.0   ms
success		1       38      1       11      1       0       28704.34  64      1513.0   ms
success		1       39      2       60      2       0       28695.42  63      1513.0   ms
success		1       40      1       1       1       0       28398.92  62      1513.0   ms
success		1       41      1       17      1       0       28212.22  61      1513.0   ms
success		1       42      2       58      2       0       27570.45  60      1513.0   ms
success		1       43      1       8       1       0       27472.68  59      1513.0   ms
success		1       44      1       11      1       0       27096.67  58      1513.0   ms
success		1       45      3       9       3       0       26973.38  57      1513.0   ms
success		1       46      3       11      3       0       26636.38  56      1513.0   ms
success		1       47      2       47      2       0       26001.83  55      1513.0   ms
success		1       48      2       37      2       0       25406.80  54      1513.0   ms
success		1       49      2       15      2       0       24830.64  53      1513.0   ms
success		1       50      2       20      2       0       24947.41  52      1513.0   ms
success		1       51      2       34      2       0       24563.23  51      1513.0   ms
success		1       52      2       41      2       0       24338.76  50      1513.0   ms
success		1       53      1       48      1       0       23785.35  49      1513.0   ms
success		1       54      3       37      3       0       23490.46  48      1513.0   ms
success		1       55      3       37      3       0       22697.02  47      1513.0   ms
success		1       56      4       18      4       0       22017.22  46      1513.0   ms
success		1       57      1       41      1       0       20998.76  45      1513.0   ms
success		1       58      2       19      2       0       20426.93  44      1513.0   ms
success		1       59      3       33      3       0       20143.31  43      1513.0   ms
success		1       60      1       29      1       0       19811.69  42      1513.0   ms
success		1       61      3       41      3       0       19251.79  41      1513.0   ms
success		1       62      2       27      2       0       18832.75  40      1513.0   ms
success		1       63      3       3       3       0       17803.79  39      1513.0   ms
success		1       64      4       7       4       0       16929.56  38      1513.0   ms
success		1       65      2       31      2       0       16645.51  37      1513.0   ms
success		1       66      2       5       2       0       15886.11  36      1513.0   ms
success		1       67      4       35      4       0       15657.66  35      1513.0   ms
success		1       68      4       26      3       0       16493.09  34      1513.0   ms
success		1       69      4       17      4       0       15775.56  33      1513.0   ms
success		1       70      3       18      3       0       15492.50  32      1513.0   ms
success		1       71      5       27      3       0       15227.66  30      1513.0   ms
success		1       72      4       19      4       0       14131.26  29      1513.0   ms
success		1       73      6       8       5       0       13921.60  28      1513.0   ms
success		1       74      5       21      5       0       12848.78  27      1513.0   ms
success		1       75      7       6       4       0       13737.43  26      1513.0   ms
success		1       76      4       19      4       0       12575.95  25      1513.0   ms
success		1       77      8       21      3       0       11370.87  24      1528.0   ms
success		1       78      18      0       3       0       10565.39  23      1528.0   ms
success		1       79      21      6       5       0       9254.06   22      1544.0   ms
success		1       80      69      7       4       0       8897.04   21      1591.0   ms
success		1       81      118     14      4       0       7734.20   20      1669.0   ms
success		1       0       1       16      1       0       44316.85  102     2121.0   ms
success		1       1       1       72      1       0       43902.36  101     2121.0   ms
success		1       2       1       71      1       0       43060.48  100     2121.0   ms
success		1       3       1       25      1       0       42638.25  99      2121.0   ms
success		1       4       1       65      1       0       42149.56  98      2137.0   ms
success		1       5       1       19      1       0       41724.01  97      2137.0   ms
success		1       6       1       27      1       0       41589.73  96      2137.0   ms
success		1       7       1       24      1       0       41308.80  95      2137.0   ms
success		1       8       1       1       1       0       40857.36  94      2137.0   ms
success		1       9       1       85      1       0       40686.77  93      2137.0   ms
success		1       10      1       44      1       0       40545.16  92      2137.0   ms
success		1       11      1       4       1       0       40383.01  91      2137.0   ms
success		1       12      1       85      1       0       40248.54  90      2137.0   ms
success		1       13      1       79      1       0       39937.02  89      2137.0   ms
success		1       14      1       43      1       0       39675.27  88      2137.0   ms
success		1       15      1       14      1       0       39272.94  87      2137.0   ms
success		1       16      1       62      1       0       39210.82  86      2137.0   ms
success		1       17      2       79      2       0       39235.47  85      2137.0   ms
success		1       18      1       68      1       0       39129.67  84      2137.0   ms
success		1       19      2       22      2       0       39001.82  83      2137.0   ms
success		1       20      1       46      1       0       38490.03  82      2137.0   ms
success		1       21      1       19      1       0       38399.68  81      2137.0   ms
success		1       22      1       56      1       0       38054.04  80      2137.0   ms
success		1       23      1       13      1       0       37483.62  79      2137.0   ms
success		1       24      1       0       1       0       37398.13  78      2137.0   ms
success		1       25      2       41      2       0       37147.37  77      2137.0   ms
success		1       26      2       13      2       0       36763.96  76      2137.0   ms
success		1       27      1       63      1       0       36082.91  75      2137.0   ms
success		1       28      2       41      2       0       35758.22  74      2137.0   ms
success		1       29      1       35      1       0       35259.71  73      2137.0   ms
success		1       30      2       4       2       0       34951.22  72      2137.0   ms
success		1       31      1       33      1       0       34600.88  71      2137.0   ms
success		1       32      1       16      1       0       33602.95  70      2137.0   ms
success		1       33      1       10      1       0       32789.25  69      2137.0   ms
success		1       34      1       66      1       0       32208.69  68      2137.0   ms
success		1       35      3       37      3       0       32023.84  67      2137.0   ms
success		1       36      1       9       1       0       31456.22  66      2137.0   ms
success		1       37      1       13      1       0       30821.45  65      2137.0   ms
success		1       38      2       7       2       0       30225.44  64      2137.0   ms
success		1       39      1       2       1       0       29631.83  63      2137.0   ms
success		1       40      2       35      2       0       29172.45  62      2137.0   ms
success		1       41      2       43      2       0       28455.73  61      2137.0   ms
success		1       42      2       29      2       0       27916.23  60      2137.0   ms
success		1       43      1       56      1       0       27841.97  59      2137.0   ms
success		1       44      1       43      1       0       27157.79  58      2137.0   ms
success		1       45      1       14      1       0       26041.81  57      2137.0   ms
success		1       46      2       4       2       0       26174.52  56      2137.0   ms
success		1       47      2       30      2       0       25831.97  55      2137.0   ms
success		1       48      2       22      2       0       25288.51  54      2137.0   ms
success		1       49      3       50      3       0       24948.59  53      2137.0   ms
success		1       50      1       22      1       0       24747.22  52      2137.0   ms
success		1       51      3       11      3       0       23711.38  51      2137.0   ms
success		1       52      1       2       1       0       23251.59  50      2137.0   ms
success		1       53      2       20      2       0       22757.53  49      2137.0   ms
success		1       54      2       12      2       0       22003.92  48      2137.0   ms
success		1       55      2       5       2       0       21585.90  47      2137.0   ms
success		1       56      3       28      3       0       20891.51  46      2137.0   ms
success		1       57      3       21      3       0       19685.58  45      2137.0   ms
success		1       58      2       16      2       0       19097.45  44      2137.0   ms
success		1       59      3       13      3       0       18899.27  43      2137.0   ms
success		1       60      2       16      2       0       18172.44  42      2137.0   ms
success		1       61      4       19      4       0       18092.53  41      2137.0   ms
success		1       62      3       17      3       0       18261.84  40      2137.0   ms
success		1       63      3       10      3       0       17560.80  39      2137.0   ms
success		1       64      3       28      3       0       17219.26  38      2137.0   ms
success		1       65      1       14      1       0       16791.80  37      2137.0   ms
success		1       66      1       26      1       0       16313.17  36      2137.0   ms
success		1       67      4       7       4       0       16288.35  35      2137.0   ms
success		1       68      2       5       2       0       15712.34  34      2137.0   ms
success		1       69      3       25      3       0       14784.79  33      2137.0   ms
success		1       70      2       17      2       0       14425.19  32      2137.0   ms
success		1       71      3       26      2       0       15945.75  31      2137.0   ms
success		1       72      5       14      3       0       17313.18  30      2137.0   ms
success		1       73      2       21      2       0       16762.65  29      2137.0   ms
success		1       74      4       21      3       0       13607.60  28      2137.0   ms
success		1       75      7       13      2       0       12882.39  26      2137.0   ms
success		1       76      10      7       3       0       11571.32  25      2152.0   ms
success		1       77      6       11      4       0       10621.67  24      2152.0   ms
success		1       78      41      5       5       0       9780.60   23      2184.0   ms
success		1       79      37      8       5       0       9120.59   22      2199.0   ms
success		1       80      71      18      4       0       8569.86   21      2262.0   ms
success		1       81      281     7       5       0       7969.11   20      2527.0   ms
success		1       0       1       98      1       0       44239.46  102     3042.0   ms
success		1       1       1       28      1       0       43597.14  101     3042.0   ms
success		1       2       1       78      1       0       43311.11  100     3042.0   ms
success		1       3       1       31      1       0       43236.50  99      3042.0   ms
success		1       4       1       60      1       0       43222.18  98      3042.0   ms
success		1       5       2       39      2       0       42748.99  97      3042.0   ms
success		1       6       1       6       1       0       42549.92  96      3042.0   ms
success		1       7       1       23      1       0       42394.74  95      3042.0   ms
success		1       8       1       16      1       0       42011.23  94      3042.0   ms
success		1       9       1       81      1       0       41974.51  93      3042.0   ms
success		1       10      1       62      1       0       41643.65  92      3042.0   ms
success		1       11      2       31      2       0       41374.13  91      3042.0   ms
success		1       12      1       72      1       0       41092.31  90      3042.0   ms
success		1       13      1       55      1       0       40929.91  89      3042.0   ms
success		1       14      1       55      1       0       40743.04  88      3042.0   ms
success		1       15      1       87      1       0       39932.61  87      3042.0   ms
success		1       16      1       4       1       0       39050.45  86      3042.0   ms
success		1       17      1       67      1       0       38724.68  85      3042.0   ms
success		1       18      1       9       1       0       38247.35  84      3042.0   ms
success		1       19      1       17      1       0       37550.94  83      3042.0   ms
success		1       20      1       25      1       0       37282.60  82      3042.0   ms
success		1       21      2       8       2       0       36779.05  81      3042.0   ms
success		1       22      1       49      1       0       36714.72  80      3042.0   ms
success		1       23      1       25      1       0       36365.02  79      3042.0   ms
success		1       24      1       46      1       0       36066.84  78      3042.0   ms
success		1       25      2       72      2       0       35679.83  77      3042.0   ms
success		1       26      3       65      3       0       35184.76  76      3042.0   ms
success		1       27      1       8       1       0       34773.30  75      3042.0   ms
success		1       28      1       60      1       0       34225.57  74      3042.0   ms
success		1       29      2       26      2       0       34347.50  73      3042.0   ms
success		1       30      1       62      1       0       33851.94  72      3042.0   ms
success		1       31      2       24      2       0       33736.32  71      3042.0   ms
success		1       32      1       70      1       0       33581.90  70      3042.0   ms
success		1       33      1       27      1       0       33082.18  69      3042.0   ms
success		1       34      3       52      3       0       32093.55  68      3042.0   ms
success		1       35      1       17      1       0       31617.50  67      3042.0   ms
success		1       36      1       30      1       0       30997.44  66      3042.0   ms
success		1       37      1       56      1       0       30238.42  65      3042.0   ms
success		1       38      1       1       1       0       30057.75  64      3042.0   ms
success		1       39      1       55      1       0       29588.85  63      3042.0   ms
success		1       40      1       1       1       0       29386.51  62      3042.0   ms
success		1       41      2       53      2       0       29296.46  61      3042.0   ms
success		1       42      2       40      2       0       29195.84  60      3042.0   ms
success		1       43      1       5       1       0       28757.18  59      3042.0   ms
success		1       44      2       22      2       0       28001.25  58      3042.0   ms
success		1       45      2       18      2       0       27587.13  57      3042.0   ms
success		1       46      3       46      3       0       27182.65  56      3042.0   ms
success		1       47      1       8       1       0       27094.83  55      3057.0   ms
success		1       48      4       50      4       0       26313.16  54      3057.0   ms
success		1       49      2       48      2       0       26013.92  53      3057.0   ms
success		1       50      3       4       3       0       25430.59  52      3057.0   ms
success		1       51      2       30      2       0       24509.87  51      3057.0   ms
success		1       52      3       3       3       0       23408.49  50      3057.0   ms
success		1       53      4       30      4       0       23337.30  49      3057.0   ms
success		1       54      2       26      2       0       22747.95  48      3057.0   ms
success		1       55      1       20      1       0       21874.16  47      3057.0   ms
success		1       56      3       2       3       0       21954.01  46      3057.0   ms
success		1       57      1       37      1       0       21150.92  45      3057.0   ms
success		1       58      3       15      3       0       20756.67  44      3057.0   ms
success		1       59      2       38      2       0       20309.74  43      3057.0   ms
success		1       60      4       40      4       0       19878.22  42      3057.0   ms
success		1       61      3       12      3       0       19574.64  41      3057.0   ms
success		1       62      3       5       3       0       19046.23  40      3057.0   ms
success		1       63      3       31      3       0       18333.40  39      3057.0   ms
success		1       64      4       8       4       0       17612.95  38      3057.0   ms
success		1       65      3       26      3       0       16973.15  37      3057.0   ms
success		1       66      3       34      3       0       16727.59  36      3057.0   ms
success		1       67      2       8       2       0       16377.73  35      3057.0   ms
success		1       68      4       7       4       0       16035.17  34      3057.0   ms
success		1       69      2       24      2       0       15510.41  33      3057.0   ms
success		1       70      3       16      3       0       15057.28  32      3057.0   ms
success		1       71      3       11      3       0       14624.70  31      3057.0   ms
success		1       72      3       18      3       0       14449.03  30      3057.0   ms
success		1       73      4       9       3       0       14893.98  29      3057.0   ms
success		1       74      6       1       4       0       14735.58  28      3057.0   ms
success		1       75      5       23      5       0       13501.98  27      3057.0   ms
success		1       76      7       4       5       0       12391.53  26      3057.0   ms
success		1       77      5       2       3       0       12602.48  25      3057.0   ms
success		1       78      20      10      4       0       10800.57  24      3073.0   ms
success		1       79      30      13      5       0       9818.52   23      3104.0   ms
success		1       80      25      2       5       0       9625.35   22      3120.0   ms
success		1       81      176     6       5       0       8395.84   21      3338.0   ms
success		1       82      92      20      5       0       7092.83   20      3416.0   ms
success		1       0       1       63      1       0       44242.27  102     3900.0   ms
success		1       1       1       73      1       0       44078.83  101     3900.0   ms
success		1       2       1       49      1       0       43557.37  100     3900.0   ms
success		1       3       1       37      1       0       43298.51  99      3900.0   ms
success		1       4       1       60      1       0       42825.12  98      3900.0   ms
success		1       5       1       12      1       0       42667.77  97      3900.0   ms
success		1       6       1       74      1       0       42317.38  96      3900.0   ms
success		1       7       1       6       1       0       41670.98  95      3900.0   ms
success		1       8       2       6       2       0       40812.75  94      3900.0   ms
success		1       9       1       56      1       0       40698.63  93      3900.0   ms
success		1       10      1       12      1       0       40600.86  92      3900.0   ms
success		1       11      1       41      1       0       40069.43  91      3900.0   ms
success		1       12      2       88      2       0       39779.40  90      3900.0   ms
success		1       13      1       40      1       0       39665.82  89      3900.0   ms
success		1       14      1       55      1       0       39497.19  88      3900.0   ms
success		1       15      1       60      1       0       38602.37  87      3900.0   ms
success		1       16      1       31      1       0       37782.85  86      3900.0   ms
success		1       17      1       66      1       0       37095.20  85      3900.0   ms
success		1       18      1       4       1       0       36942.92  84      3900.0   ms
success		1       19      1       67      1       0       36948.78  83      3900.0   ms
success		1       20      2       77      2       0       36517.73  82      3900.0   ms
success		1       21      1       65      1       0       35907.34  81      3900.0   ms
success		1       22      1       37      1       0       35049.41  80      3900.0   ms
success		1       23      1       64      1       0       34702.56  79      3900.0   ms
success		1       24      1       37      1       0       34372.81  78      3900.0   ms
success		1       25      1       70      1       0       33701.93  77      3900.0   ms
success		1       26      2       35      2       0       33360.08  76      3900.0   ms
success		1       27      1       69      1       0       32731.58  75      3900.0   ms
success		1       28      2       65      2       0       32468.17  74      3900.0   ms
success		1       29      1       59      1       0       32137.30  73      3900.0   ms
success		1       30      1       65      1       0       31579.59  72      3900.0   ms
success		1       31      1       20      1       0       31147.13  71      3900.0   ms
success		1       32      1       56      1       0       30498.53  70      3900.0   ms
success		1       33      2       55      2       0       30336.99  69      3900.0   ms
success		1       34      1       65      1       0       30144.70  68      3900.0   ms
success		1       35      1       41      1       0       29734.35  67      3900.0   ms
success		1       36      3       8       3       0       29808.93  66      3900.0   ms
success		1       37      1       52      1       0       29343.38  65      3900.0   ms
success		1       38      1       53      1       0       28633.06  64      3900.0   ms
success		1       39      2       12      2       0       28170.85  63      3900.0   ms
success		1       40      1       7       1       0       27684.81  62      3900.0   ms
success		1       41      1       12      1       0       27177.54  61      3900.0   ms
success		1       42      1       44      1       0       27003.34  60      3900.0   ms
success		1       43      1       20      1       0       26629.59  59      3900.0   ms
success		1       44      2       34      2       0       26166.45  58      3900.0   ms
success		1       45      2       2       2       0       25834.79  57      3900.0   ms
success		1       46      2       48      2       0       25578.70  56      3900.0   ms
success		1       47      1       5       1       0       25321.62  55      3900.0   ms
success		1       48      1       11      1       0       24759.51  54      3900.0   ms
success		1       49      1       18      1       0       24490.97  53      3900.0   ms
success		1       50      1       9       1       0       24361.44  52      3900.0   ms
success		1       51      2       48      2       0       24326.27  51      3900.0   ms
success		1       52      4       32      4       0       23603.12  50      3900.0   ms
success		1       53      1       1       1       0       23481.81  49      3900.0   ms
success		1       54      3       9       3       0       22769.39  48      3900.0   ms
success		1       55      2       34      2       0       22068.43  47      3900.0   ms
success		1       56      3       34      3       0       21820.74  46      3900.0   ms
success		1       57      3       23      3       0       21687.98  45      3900.0   ms
success		1       58      3       26      3       0       21146.38  44      3900.0   ms
success		1       59      1       8       1       0       20664.33  43      3900.0   ms
success		1       60      2       7       2       0       20578.57  42      3900.0   ms
success		1       61      1       34      1       0       20099.38  41      3900.0   ms
success		1       62      3       12      3       0       18758.95  40      3900.0   ms
success		1       63      4       6       4       0       17978.50  39      3900.0   ms
success		1       64      4       15      4       0       17406.22  38      3900.0   ms
success		1       65      4       8       2       0       17689.89  34      3900.0   ms
success		1       66      3       14      3       0       16995.03  33      3900.0   ms
success		1       67      2       27      2       0       16368.55  32      3900.0   ms
success		1       68      4       3       3       0       17242.24  31      3900.0   ms
success		1       69      4       24      4       0       16028.88  30      3900.0   ms
success		1       70      5       21      5       0       15008.20  29      3900.0   ms
success		1       71      3       4       3       0       14325.55  28      3900.0   ms
success		1       72      5       5       3       0       13526.02  27      3900.0   ms
success		1       73      6       17      4       0       12822.15  26      3900.0   ms
success		1       74      7       24      4       0       12256.91  25      3915.0   ms
success		1       75      6       21      4       0       11652.18  24      3915.0   ms
success		1       76      15      17      5       0       10673.92  23      3915.0   ms
success		1       77      38      18      4       0       9643.91   22      3946.0   ms
success		1       78      23      12      5       0       8960.15   21      3962.0   ms
success		1       79      473     16      5       0       7816.94   20      4336.0   ms
cross iterater0
bad   	success		6074.88   8462.18   21      4789.0   ms cross
rand   	bad   	success		6023.78   7154.90   20      5304.0   ms cross
rand   	bad   	rand   	bad   	success		6105.14   8398.59   21      7566.0   ms cross
rand   	success		6570.59   7531.64   20      7909.0   ms cross
bad   	rand   	bad   	rand   	ab
ab6	3
fail		6570.59   8036.71   20      10576.0  ms
fail		6319.69   7701.81   20      11013.0  ms
cross iterater1
bad   	success		6058.39   7765.35   20      11013.0  ms cross
rand   	bad   	success		5854.43   7542.41   20      11512.0  ms cross
rand   	ab
ab6	5
fail		6058.39   7913.92   20      12511.0  ms
fail		5854.43   7601.61   20      12963.0  ms
cross iterater2
bad   	success		6137.04   7744.87   20      12963.0  ms cross
rand   	bad   	success		7655.10   9260.86   21      13540.0  ms cross
rand   	success		6249.12   7293.27   20      13805.0  ms cross
bad   	rand   	bad   	rand   	ab
ab6	2
fail		6111.27   7876.65   20      16270.0  ms
fail		6023.78   7759.96   20      16801.0  ms
cross iterater3
ab
ab6	1
fail		6023.78   7759.96   20      17331.0  ms
cross iterater4
bad   	rand   	bad   	rand   	bad   	rand   	bad   	rand   	bad   	success		5604.71   6757.63   19      23399.0  ms cross
rand   	bad   	rand   	ab
fail		5854.43   7601.61   20      25802.0  ms
cross iterater5
bad   	success		6674.18   7885.45   20      25833.0  ms cross
rand   	bad   	rand   	bad   	rand   	bad   	success		6865.22   7731.08   20      28407.0  ms cross
rand   	ab
ab6	2
ab7	3
fail		6444.14   7817.58   20      29312.0  ms
cross iterater6
ab
ab6	1
fail		5774.54   7080.77   19      29858.0  ms
cross iterater7
bad   	success		5673.84   7712.62   20      29858.0  ms cross
rand   	success		5674.11   6532.29   19      30107.0  ms cross
bad   	rand   	bad   	rand   	bad   	success		6897.59   7170.19   20      33742.0  ms cross
rand   	ab
ab7	5
ab6	4
fail		5705.30   7011.53   19      35364.0  ms
cross iterater8
bad   	rand   	bad   	rand   	ab
ab6	5
ab7	3
cross iterater9
bad   	rand   	bad   	rand   	ab
ab7	0
fail		5604.71   6976.13   19      42899.0  ms
fail		5690.82   7012.60   19      43804.0  ms
cross iterater10
bad   	rand   	bad   	success		5492.85   6771.80   19      46425.0  ms cross
rand   	ab
ab6	3
ab7	5
fail		5698.34   7012.60   19      48172.0  ms
cross iterater11
bad   	rand   	bad   	rand   	ab
ab7	4
ab6	3
fail		5604.71   6976.13   19      52056.0  ms
cross iterater12
bad   	rand   	bad   	rand   	ab
ab7	3
fail		5744.91   6852.86   19      55613.0  ms
fail		5690.82   7012.60   19      56502.0  ms
cross iterater13
bad   	rand   	bad   	rand   	ab
ab7	5
fail		5773.19   6996.98   19      60808.0  ms
cross iterater14
bad   	rand   	bad   	rand   	ab
ab6	0
cross iterater15
bad   	rand   	bad   	rand   	ab
ab6	5
cross iterater16
ab
ab6	1
cross iterater17
bad   	rand   	bad   	rand   	ab
fail		5773.19   6996.98   19      71774.0  ms
fail		5876.26   6988.37   19      72289.0  ms
cross iterater18
bad   	rand   	bad   	rand   	ab
ab6	3
ab7	0
fail		5840.40   6910.95   19      74894.0  ms
fail		5744.91   6852.86   19      75487.0  ms
cross iterater19
ab
ab6	5
fail		5835.43   6906.56   19      76189.0  ms
cross iterater20
bad   	rand   	bad   	rand   	ab
ab6	3
fail		5604.71   6976.13   19      78810.0  ms
cross iterater21
bad   	rand   	bad   	rand   	ab
ab6	2
fail		5802.93   6924.58   19      81633.0  ms
fail		5840.40   6910.95   19      82616.0  ms
cross iterater22
bad   	rand   	bad   	rand   	ab
ab7	2
ab6	0
cross iterater23
bad   	rand   	bad   	rand   	ab
ab7	5
ab6	0
fail		5835.43   6906.56   19      90884.0  ms
fail		5909.35   7107.09   19      91742.0  ms
cross iterater24
bad   	rand   	bad   	rand   	ab
ab7	1
ab6	5
fail		5832.25   6947.29   19      96141.0  ms
cross iterater25
bad   	rand   	bad   	rand   	ab
ab7	5
ab6	1
fail		5930.10   6984.04   19      100634.0 ms
cross iterater26
ab
ab7	0
fail		5836.80   6947.29   19      101648.0 ms
cross iterater27
bad   	rand   	bad   	rand   	ab
fail		5744.91   6852.86   19      106359.0 ms
fail		5909.35   7107.09   19      107233.0 ms
cross iterater28
bad   	rand   	bad   	rand   	ab
ab6	5
fail		5872.34   6980.25   19      111538.0 ms
fail		5813.73   6947.29   19      112303.0 ms
cross iterater29
ab
ab7	0
fail		5811.68   6996.39   19      113223.0 ms
fail		5864.92   7002.09   19      114003.0 ms
fail		5744.91   6852.86   19      114877.0 ms
cross iterater30
ab
ab6	1
cross iterater31
bad   	rand   	bad   	rand   	ab
fail		5879.13   6990.40   19      119697.0 ms
fail		5813.73   6947.29   19      120149.0 ms
cross iterater32
bad   	rand   	bad   	rand   	ab
ab7	0
fail		5862.31   6931.18   19      122692.0 ms
fail		5835.43   6906.56   19      123207.0 ms
fail		5744.91   6852.86   19      123690.0 ms
cross iterater33
bad   	rand   	bad   	rand   	ab
ab6	5
fail		5862.31   6931.18   19      127372.0 ms
fail		5819.32   6999.50   19      128370.0 ms
cross iterater34
bad   	rand   	bad   	rand   	ab
ab6	1
cross iterater35
bad   	rand   	bad   	rand   	ab
ab6	1
cross iterater36
bad   	rand   	bad   	rand   	ab
fail		5862.31   6931.18   19      139961.0 ms
fail		5871.57   6873.07   19      140772.0 ms
fail		5744.91   6852.86   19      141833.0 ms
cross iterater37
ab
fail		5879.24   7039.94   19      142582.0 ms
cross iterater38
bad   	rand   	bad   	rand   	ab
ab7	0
fail		5871.57   6873.07   19      146809.0 ms
cross iterater39
bad   	rand   	bad   	rand   	ab
ab6	1
fail		5933.88   7017.38   19      151349.0 ms
fail		5871.57   6873.07   19      152316.0 ms
fail		5835.43   6906.56   19      153112.0 ms
fail		5744.91   6852.86   19      153954.0 ms
cross iterater40
bad   	rand   	bad   	rand   	ab
ab6	1
fail		5871.57   6873.07   19      158182.0 ms
fail		5835.43   6906.56   19      159024.0 ms
cross iterater41
bad   	rand   	bad   	rand   	ab
ab6	1
fail		5871.57   6873.07   19      161473.0 ms
cross iterater42
ab
fail		5744.91   6852.86   19      162035.0 ms
cross iterater43
ab
fail		5871.57   6873.07   19      162472.0 ms
fail		5744.91   6852.86   19      162955.0 ms
cross iterater44
bad   	rand   	bad   	rand   	ab
ab6	1
cross iterater45
bad   	rand   	bad   	rand   	ab
ab6	1
fail		5873.16   7018.82   19      168867.0 ms
cross iterater46
bad   	rand   	bad   	rand   	ab
ab7	0
fail		5744.91   6852.86   19      173501.0 ms
cross iterater47
bad   	rand   	bad   	rand   	ab
fail		5835.43   6906.56   19      178040.0 ms
cross iterater48
ab
fail		5862.95   7018.82   19      178914.0 ms
fail		5829.85   7055.65   19      179928.0 ms
cross iterater49
ab
ab6	1
fail		5861.32   6966.84   19      180786.0 ms
cross iterater50
bad   	rand   	bad   	rand   	ab
ab6	1
fail		5868.07   7020.29   19      185013.0 ms
fail		5835.43   6906.56   19      185949.0 ms
cross iterater51
bad   	rand   	bad   	rand   	ab
ab7	0
fail		5835.43   6906.56   19      189974.0 ms
cross iterater52
bad   	rand   	bad   	rand   	ab
ab6	0
fail		5861.32   6966.84   19      194436.0 ms
fail		5744.91   6852.86   19      195184.0 ms
cross iterater53
ab
fail		5744.91   6852.86   19      196027.0 ms
cross iterater54
ab
fail		5845.85   6978.77   19      197134.0 ms
cross iterater55
bad   	rand   	bad   	rand   	ab
ab7	0
ab6	1
fail		5862.31   6931.18   19      201752.0 ms
cross iterater56
bad   	rand   	bad   	rand   	ab
ab6	1
fail		5969.48   7121.71   19      205777.0 ms
fail		5871.57   6873.07   19      206385.0 ms
fail		5862.31   6931.18   19      207181.0 ms
cross iterater57
bad   	rand   	bad   	rand   	ab
ab6	0
fail		5969.48   7121.71   19      211689.0 ms
cross iterater58
bad   	rand   	bad   	rand   	ab
fail		5744.91   6852.86   19      216213.0 ms
cross iterater59
ab
fail		5862.31   6931.18   19      217055.0 ms
cross iterater60
bad   	rand   	bad   	rand   	ab
fail		5862.31   6931.18   19      221860.0 ms
cross iterater61
bad   	success		5975.25   6974.83   19      221860.0 ms cross
rand   	bad   	success		5890.38   6944.19   19      222718.0 ms cross
rand   	ab
fail		5862.31   6931.18   19      224387.0 ms
cross iterater62
bad   	rand   	bad   	rand   	ab
fail		5871.57   6873.07   19      228443.0 ms
cross iterater63
bad   	rand   	bad   	rand   	ab
ab6	1
fail		5862.31   6931.18   19      232905.0 ms
cross iterater64
bad   	rand   	bad   	rand   	ab
fail		5835.43   6906.56   19      236539.0 ms
cross iterater65
bad   	rand   	bad   	rand   	ab
ab7	1
cross iterater66
bad   	rand   	bad   	rand   	ab
ab7	0
fail		5831.64   7014.82   19      243856.0 ms
fail		5835.43   6906.56   19      244683.0 ms
cross iterater67
ab
fail		5744.91   6852.86   19      245572.0 ms
cross iterater68
bad   	rand   	bad   	rand   	ab
fail		5831.64   7014.82   19      249986.0 ms
fail		5862.31   6931.18   19      250798.0 ms
cross iterater69
bad   	rand   	bad   	rand   	ab
ab6	1
fail		5925.14   7057.84   19      254947.0 ms
fail		5835.43   6906.56   19      255774.0 ms
fail		5744.91   6852.86   19      256679.0 ms
cross iterater70
bad   	rand   	bad   	rand   	ab
ab7	1
fail		5871.57   6873.07   19      261249.0 ms
fail		5744.91   6852.86   19      262123.0 ms
fail		5862.31   6931.18   19      263012.0 ms
cross iterater71
ab
ab7	0
cross iterater72
bad   	rand   	bad   	rand   	ab
fail		5862.31   6931.18   19      267489.0 ms
cross iterater73
bad   	rand   	bad   	rand   	ab
cross iterater74
bad   	rand   	bad   	rand   	ab
fail		5862.31   6931.18   19      275055.0 ms
cross iterater75
bad   	rand   	bad   	rand   	ab
ab6	1
fail		5872.56   6969.00   19      279517.0 ms
fail		5744.91   6852.86   19      280468.0 ms
cross iterater76
bad   	rand   	bad   	rand   	ab
cross iterater77
bad   	rand   	bad   	rand   	ab
fail		5835.43   6906.56   19      288222.0 ms
cross iterater78
bad   	rand   	bad   	rand   	ab
fail		5871.57   6873.07   19      292652.0 ms
fail		5862.31   6931.18   19      293479.0 ms
cross iterater79
bad   	rand   	bad   	rand   	ab
fail		5835.43   6906.56   19      297893.0 ms
cross iterater80
bad   	rand   	bad   	rand   	ab
ab6	1
ab7	4
fail		5835.43   6906.56   19      302183.0 ms
cross iterater81
bad   	rand   	bad   	rand   	ab
ab6	4
ab7	2
fail		5862.31   6931.18   19      306754.0 ms
cross iterater82
bad   	rand   	bad   	rand   	ab
ab6	4
ab7	0
fail		5889.69   7113.25   19      311091.0 ms
cross iterater83
ab
ab6	1
fail		5920.46   6960.01   19      311886.0 ms
fail		5870.37   6942.21   19      312682.0 ms
cross iterater84
bad   	rand   	bad   	rand   	ab
ab7	2
cross iterater85
bad   	rand   	bad   	rand   	ab
ab7	0
ab6	1
fail		5875.13   7072.27   19      320482.0 ms
fail		5835.43   6906.56   19      321356.0 ms
fail		5870.37   6942.21   19      322245.0 ms
cross iterater86
bad   	rand   	bad   	rand   	ab
ab7	0
fail		5953.56   7057.68   19      326628.0 ms
fail		5953.56   7057.68   19      327408.0 ms
fail		5835.43   6906.56   19      328266.0 ms
fail		5870.37   6942.21   19      329155.0 ms
cross iterater87
bad   	rand   	bad   	rand   	ab
ab6	0
fail		5899.82   7051.98   19      333461.0 ms
fail		5835.43   6906.56   19      334257.0 ms
cross iterater88
bad   	rand   	bad   	rand   	ab
ab7	1
fail		5899.82   7051.98   19      338734.0 ms
cross iterater89
bad   	rand   	bad   	rand   	ab
fail		5862.31   6931.18   19      342899.0 ms
cross iterater90
bad   	rand   	bad   	rand   	ab
ab6	1
cross iterater91
bad   	rand   	bad   	rand   	ab
fail		5899.82   7051.98   19      349872.0 ms
cross iterater92
ab
fail		5920.46   6960.01   19      350371.0 ms
fail		5835.43   6906.56   19      350824.0 ms
fail		5862.31   6931.18   19      351385.0 ms
cross iterater93
bad   	rand   	bad   	rand   	ab
ab6	0
fail		5835.43   6906.56   19      354053.0 ms
cross iterater94
ab
fail		5835.07   6922.66   19      354552.0 ms
cross iterater95
bad   	rand   	bad   	rand   	ab
ab6	1
cross iterater96
bad   	rand   	bad   	rand   	ab
ab6	4
ab7	2
cross iterater97
bad   	rand   	bad   	rand   	ab
ab6	5
fail		5835.43   6906.56   19      361728.0 ms
cross iterater98
bad   	rand   	bad   	rand   	ab
ab6	5
fail		5925.57   7026.04   19      364427.0 ms
cross iterater99
bad   	rand   	bad   	rand   	ab
ab6	5
ab7	4
fail		5835.07   6922.66   19      367609.0 ms

R.size:19

1		45	115	47	205	11	122	189	39	107	27	
2		62	48	26	152	40	97	96	130	19	59	169	28	
3		178	173	41	25	61	154	64	76	149	68	
4		77	85	80	31	24	100	172	4	90	179	
5		5	180	176	125	128	121	165	108	84	155	
6		21	23	182	163	153	14	30	105	15	89	198	74	
7		113	116	164	129	6	73	139	34	95	190	106	13	
8		93	159	38	204	150	22	151	16	104	49	111	55	
9		124	78	201	171	94	51	86	136	12	200	175	203	
10		32	65	160	91	66	70	174	147	82	46	
11		119	3	58	184	98	101	99	53	166	71	
12		177	88	35	126	144	9	1	17	10	2	
13		170	134	50	156	29	168	79	87	112	123	145	92	
14		191	83	143	127	157	138	102	72	
15		57	118	167	43	33	36	60	193	158	188	202	67	
16		161	18	117	54	132	181	140	63	142	56	
17		185	186	8	135	37	7	81	183	199	137	
18		148	103	206	197	69	141	109	20	110	162	114	187	
19		146	120	44	192	196	194	75	195	52	42	133	131	

data1/pdp200/LC1_2_3.txt
total_cost 5492.853263

