success		1       0       1       78      1       0       69796.80  101     47.0     ms
success		1       1       1       95      1       0       69610.93  100     47.0     ms
success		1       2       1       1       1       0       69524.04  99      47.0     ms
success		1       3       1       9       1       0       69638.61  98      47.0     ms
success		1       4       1       21      1       0       69729.38  97      47.0     ms
success		1       5       1       49      1       0       69693.79  96      47.0     ms
success		1       6       1       93      1       0       69423.78  95      47.0     ms
success		1       7       1       35      1       0       69351.21  94      47.0     ms
success		1       8       1       28      1       0       69475.03  93      47.0     ms
success		1       9       1       25      1       0       69535.07  92      47.0     ms
success		1       10      1       25      1       0       69441.22  91      47.0     ms
success		1       11      1       77      1       0       69508.37  90      47.0     ms
success		1       12      1       58      1       0       69328.43  89      47.0     ms
success		1       13      2       60      2       0       69290.10  88      47.0     ms
success		1       14      1       62      1       0       69305.37  87      47.0     ms
success		1       15      1       16      1       0       69380.04  86      47.0     ms
success		1       16      1       13      1       0       69508.33  85      47.0     ms
success		1       17      1       21      1       0       69544.71  84      47.0     ms
success		1       18      1       25      1       0       69682.07  83      47.0     ms
success		1       19      2       9       2       0       68571.87  82      47.0     ms
success		1       20      1       13      1       0       68729.96  81      47.0     ms
success		1       21      3       40      3       0       68930.37  80      47.0     ms
success		1       22      1       31      1       0       66798.39  79      47.0     ms
success		1       23      1       48      1       0       66972.91  78      62.0     ms
success		1       24      1       44      1       0       66992.20  77      62.0     ms
success		1       25      1       15      1       0       67118.15  76      62.0     ms
success		1       26      1       51      1       0       66560.59  75      62.0     ms
success		1       27      1       38      1       0       66678.40  74      62.0     ms
success		1       28      1       15      1       0       66848.12  73      62.0     ms
success		1       29      1       3       1       0       66755.45  72      62.0     ms
success		1       30      1       41      1       0       66486.82  71      62.0     ms
success		1       31      2       24      2       0       66112.11  70      62.0     ms
success		1       32      1       40      1       0       65949.04  69      62.0     ms
success		1       33      1       39      1       0       66061.73  68      62.0     ms
success		1       34      2       65      2       0       64090.43  67      62.0     ms
success		1       35      1       31      1       0       64142.27  66      62.0     ms
success		1       36      1       12      1       0       64230.37  65      62.0     ms
success		1       37      1       18      1       0       64437.24  64      62.0     ms
success		1       38      1       50      1       0       63971.11  63      62.0     ms
success		1       39      3       46      3       0       61092.75  62      62.0     ms
success		1       40      3       45      3       0       61067.98  61      62.0     ms
success		1       41      1       19      1       0       60923.92  60      62.0     ms
success		1       42      3       43      3       0       61007.42  59      62.0     ms
success		1       43      3       42      3       0       60653.06  58      62.0     ms
success		1       44      3       28      3       0       60335.76  57      62.0     ms
success		1       45      2       38      2       0       58109.64  56      62.0     ms
success		1       46      3       10      3       0       58073.14  55      62.0     ms
success		1       47      1       49      1       0       57923.96  54      62.0     ms
success		1       48      2       10      2       0       57692.24  53      62.0     ms
success		1       49      1       39      1       0       57851.86  52      62.0     ms
success		1       50      2       39      2       0       57682.63  51      62.0     ms
success		1       51      1       33      1       0       57760.40  50      62.0     ms
success		1       52      1       29      1       0       57899.57  49      62.0     ms
success		1       53      1       39      1       0       56426.33  48      62.0     ms
success		1       54      4       22      4       0       56145.25  47      62.0     ms
success		1       55      5       29      5       0       54884.82  46      62.0     ms
success		1       56      1       0       1       0       54021.65  45      78.0     ms
success		1       57      1       32      1       0       54280.91  44      78.0     ms
success		1       58      2       35      2       0       54542.29  43      78.0     ms
success		1       59      2       12      2       0       53958.55  42      78.0     ms
success		1       60      1       0       1       0       50759.04  41      78.0     ms
success		1       61      2       10      2       0       50697.57  40      78.0     ms
success		1       62      2       18      2       0       50993.29  39      78.0     ms
success		1       63      3       13      3       0       50781.68  38      78.0     ms
success		1       64      2       32      2       0       50636.80  37      78.0     ms
success		1       65      3       30      3       0       50423.34  36      78.0     ms
success		1       66      2       18      2       0       48358.83  35      78.0     ms
success		1       67      5       26      5       0       47870.70  34      78.0     ms
success		1       68      3       9       3       0       47175.87  33      78.0     ms
success		1       69      1       26      1       0       47374.05  32      78.0     ms
success		1       70      1       10      1       0       47311.24  31      78.0     ms
success		1       71      2       2       2       0       45925.56  30      78.0     ms
success		1       72      2       27      2       0       45433.01  29      78.0     ms
success		1       73      4       9       4       0       45502.58  28      78.0     ms
success		1       74      4       9       4       0       46809.41  27      78.0     ms
success		1       75      4       11      4       0       44605.65  26      78.0     ms
success		1       76      7       4       7       0       48826.05  25      78.0     ms
success		1       77      6       6       6       0       46805.52  24      78.0     ms
success		1       78      2       15      2       0       44418.13  23      93.0     ms
success		1       79      3       18      3       0       43307.28  22      93.0     ms
success		1       80      4       10      4       0       41837.99  21      93.0     ms
success		1       81      4       11      4       0       42342.58  20      93.0     ms
success		1       82      4       19      4       0       41064.66  19      93.0     ms
success		1       83      8       5       8       0       38558.13  18      93.0     ms
success		1       84      8       17      8       0       35806.74  17      93.0     ms
success		1       85      10      0       10      0       32735.97  16      93.0     ms
success		1       86      9       15      9       0       29697.51  15      93.0     ms
success		1       87      5       0       5       0       27172.39  14      93.0     ms
success		1       88      1       4       1       0       24741.76  13      93.0     ms
success		1       89      7       5       7       0       22051.06  12      93.0     ms
success		1       90      7       0       7       0       19154.90  11      93.0     ms
success		1       91      5       4       5       0       16333.48  10      93.0     ms
success		1       92      15      2       8       0       13296.07  9       125.0    ms
success		1       93      14      0       12      0       9832.34   8       140.0    ms
success		1       94      435     4       12      0       6719.41   7       3884.0   ms
success		1       0       1       81      1       0       82016.05  101     13181.0  ms
success		1       1       1       58      1       0       81587.80  100     13181.0  ms
success		1       2       1       76      1       0       81460.12  99      13181.0  ms
success		1       3       1       92      1       0       81372.01  98      13181.0  ms
success		1       4       1       93      1       0       80878.57  97      13181.0  ms
success		1       5       1       63      1       0       80706.33  96      13181.0  ms
success		1       6       1       52      1       0       80376.38  95      13181.0  ms
success		1       7       1       84      1       0       80317.37  94      13181.0  ms
success		1       8       1       86      1       0       79802.65  93      13181.0  ms
success		1       9       1       12      1       0       79621.49  92      13181.0  ms
success		1       10      1       61      1       0       79521.50  91      13181.0  ms
success		1       11      2       30      2       0       79468.30  90      13181.0  ms
success		1       12      1       15      1       0       79319.08  89      13181.0  ms
success		1       13      1       62      1       0       78974.77  88      13181.0  ms
success		1       14      1       57      1       0       78733.27  87      13181.0  ms
success		1       15      1       74      1       0       78650.01  86      13181.0  ms
success		1       16      1       63      1       0       78259.07  85      13181.0  ms
success		1       17      1       44      1       0       77123.46  84      13181.0  ms
success		1       18      1       82      1       0       77225.05  83      13181.0  ms
success		1       19      1       62      1       0       76913.39  82      13181.0  ms
success		1       20      2       3       2       0       76641.37  81      13181.0  ms
success		1       21      1       6       1       0       76612.18  80      13181.0  ms
success		1       22      1       31      1       0       76526.47  79      13181.0  ms
success		1       23      1       67      1       0       75656.93  78      13181.0  ms
success		1       24      1       21      1       0       75252.68  77      13181.0  ms
success		1       25      1       73      1       0       75069.52  76      13181.0  ms
success		1       26      1       73      1       0       74675.49  75      13181.0  ms
success		1       27      1       62      1       0       74560.92  74      13181.0  ms
success		1       28      1       67      1       0       74445.23  73      13181.0  ms
success		1       29      1       71      1       0       74120.66  72      13181.0  ms
success		1       30      1       31      1       0       73807.52  71      13181.0  ms
success		1       31      1       28      1       0       73832.75  70      13181.0  ms
success		1       32      1       36      1       0       73758.08  69      13181.0  ms
success		1       33      1       42      1       0       73759.45  68      13181.0  ms
success		1       34      1       12      1       0       73618.85  67      13181.0  ms
success		1       35      1       15      1       0       73562.30  66      13181.0  ms
success		1       36      2       0       2       0       71113.88  65      13181.0  ms
success		1       37      2       39      2       0       70627.94  64      13181.0  ms
success		1       38      1       19      1       0       68936.22  63      13181.0  ms
success		1       39      1       56      1       0       68871.13  62      13181.0  ms
success		1       40      1       20      1       0       68487.63  61      13181.0  ms
success		1       41      1       32      1       0       68291.62  60      13181.0  ms
success		1       42      1       14      1       0       67887.52  59      13197.0  ms
success		1       43      2       14      2       0       67888.33  58      13197.0  ms
success		1       44      2       12      2       0       67855.92  57      13197.0  ms
success		1       45      2       10      2       0       66602.23  56      13197.0  ms
success		1       46      1       29      1       0       66551.16  55      13197.0  ms
success		1       47      1       20      1       0       66587.25  54      13197.0  ms
success		1       48      3       18      3       0       65658.24  53      13197.0  ms
success		1       49      3       24      3       0       66500.72  52      13197.0  ms
success		1       50      3       37      3       0       66410.40  51      13197.0  ms
success		1       51      2       37      2       0       64911.37  50      13197.0  ms
success		1       52      2       28      2       0       65065.40  49      13197.0  ms
success		1       53      1       0       1       0       65104.78  48      13197.0  ms
success		1       54      1       29      1       0       63928.65  47      13197.0  ms
success		1       55      1       9       1       0       63849.03  46      13197.0  ms
success		1       56      3       27      3       0       63453.30  45      13197.0  ms
success		1       57      4       8       4       0       62785.51  44      13197.0  ms
success		1       58      2       19      2       0       59448.14  43      13197.0  ms
success		1       59      1       42      1       0       59388.75  42      13197.0  ms
success		1       60      1       12      1       0       59117.18  41      13197.0  ms
success		1       61      3       2       3       0       56724.99  40      13197.0  ms
success		1       62      1       16      1       0       53787.63  39      13197.0  ms
success		1       63      2       3       2       0       53622.95  38      13197.0  ms
success		1       64      2       34      2       0       53056.52  37      13197.0  ms
success		1       65      3       6       3       0       53052.22  36      13197.0  ms
success		1       66      5       16      5       0       52927.30  35      13197.0  ms
success		1       67      1       0       1       0       51107.47  34      13197.0  ms
success		1       68      3       11      3       0       50631.77  33      13197.0  ms
success		1       69      3       13      3       0       49778.69  32      13197.0  ms
success		1       70      4       3       4       0       49784.70  31      13197.0  ms
success		1       71      1       0       1       0       49401.26  30      13197.0  ms
success		1       72      4       11      4       0       47135.03  29      13197.0  ms
success		1       73      2       27      2       0       46576.86  28      13197.0  ms
success		1       74      5       24      5       0       45332.39  27      13197.0  ms
success		1       75      5       5       5       0       44419.60  26      13197.0  ms
success		1       76      3       9       3       0       42438.90  25      13197.0  ms
success		1       77      3       12      3       0       43587.64  24      13197.0  ms
success		1       78      3       7       3       0       40907.43  23      13197.0  ms
success		1       79      2       12      2       0       39689.47  22      13197.0  ms
success		1       80      5       0       5       0       38381.66  21      13197.0  ms
success		1       81      5       17      5       0       38041.86  20      13197.0  ms
success		1       82      5       18      5       0       36414.10  19      13197.0  ms
success		1       83      6       6       6       0       33941.28  18      13197.0  ms
success		1       84      8       0       8       0       30660.07  17      13197.0  ms
success		1       85      7       10      7       0       29070.50  16      13197.0  ms
success		1       86      1       14      1       0       28830.73  15      13197.0  ms
success		1       87      10      0       10      0       26200.74  14      13197.0  ms
success		1       88      10      1       10      0       24768.45  13      13197.0  ms
success		1       89      8       8       8       0       21763.76  12      13197.0  ms
success		1       90      8       10      8       0       18923.83  11      13197.0  ms
success		1       91      8       7       6       0       15321.30  10      13213.0  ms
success		1       92      12      3       11      0       12838.38  9       13228.0  ms
success		1       93      13      5       11      0       10402.81  8       13228.0  ms
success		1       94      81      1       13      0       6833.77   7       13696.0  ms
success		1       0       1       29      1       0       80581.70  101     23118.0  ms
success		1       1       1       92      1       0       80345.38  100     23118.0  ms
success		1       2       1       20      1       0       79935.12  99      23118.0  ms
success		1       3       1       88      1       0       79817.33  98      23118.0  ms
success		1       4       1       24      1       0       79679.37  97      23118.0  ms
success		1       5       1       9       1       0       79578.17  96      23118.0  ms
success		1       6       1       24      1       0       79160.14  95      23118.0  ms
success		1       7       1       42      1       0       78762.56  94      23118.0  ms
success		1       8       1       2       1       0       78307.51  93      23118.0  ms
success		1       9       1       40      1       0       78272.74  92      23118.0  ms
success		1       10      1       65      1       0       77857.37  91      23118.0  ms
success		1       11      1       41      1       0       77614.04  90      23118.0  ms
success		1       12      3       16      3       0       76918.00  89      23118.0  ms
success		1       13      1       60      1       0       76829.45  88      23118.0  ms
success		1       14      2       75      2       0       76714.88  87      23118.0  ms
success		1       15      1       80      1       0       76626.78  86      23118.0  ms
success		1       16      1       7       1       0       76486.61  85      23118.0  ms
success		1       17      1       20      1       0       76376.29  84      23118.0  ms
success		1       18      1       41      1       0       76064.70  83      23118.0  ms
success		1       19      1       27      1       0       75945.22  82      23118.0  ms
success		1       20      1       42      1       0       75886.70  81      23118.0  ms
success		1       21      1       35      1       0       75854.74  80      23118.0  ms
success		1       22      1       40      1       0       75762.29  79      23118.0  ms
success		1       23      2       30      2       0       75587.77  78      23118.0  ms
success		1       24      1       5       1       0       75464.82  77      23118.0  ms
success		1       25      1       32      1       0       73819.89  76      23118.0  ms
success		1       26      1       42      1       0       73460.03  75      23118.0  ms
success		1       27      1       57      1       0       73012.24  74      23118.0  ms
success		1       28      1       26      1       0       72877.78  73      23118.0  ms
success		1       29      1       60      1       0       72794.52  72      23118.0  ms
success		1       30      2       65      2       0       73033.66  71      23118.0  ms
success		1       31      1       7       1       0       72932.01  70      23118.0  ms
success		1       32      1       61      1       0       73042.58  69      23118.0  ms
success		1       33      1       53      1       0       70290.91  68      23118.0  ms
success		1       34      1       5       1       0       70195.77  67      23118.0  ms
success		1       35      1       34      1       0       70256.66  66      23118.0  ms
success		1       36      1       35      1       0       70269.84  65      23118.0  ms
success		1       37      1       59      1       0       70161.74  64      23118.0  ms
success		1       38      1       39      1       0       70061.75  63      23118.0  ms
success		1       39      1       17      1       0       69645.13  62      23118.0  ms
success		1       40      3       50      3       0       67754.03  61      23118.0  ms
success		1       41      1       48      1       0       67639.46  60      23118.0  ms
success		1       42      1       37      1       0       67467.23  59      23118.0  ms
success		1       43      3       16      3       0       67184.83  58      23118.0  ms
success		1       44      3       55      3       0       67489.77  57      23118.0  ms
success		1       45      3       12      3       0       67038.38  56      23118.0  ms
success		1       46      2       4       2       0       67207.75  55      23118.0  ms
success		1       47      1       33      1       0       66961.21  54      23118.0  ms
success		1       48      2       14      2       0       66123.18  53      23118.0  ms
success		1       49      1       17      1       0       65915.19  52      23118.0  ms
success		1       50      1       28      1       0       65807.26  51      23118.0  ms
success		1       51      1       7       1       0       65594.32  50      23118.0  ms
success		1       52      1       40      1       0       65162.34  49      23118.0  ms
success		1       53      2       28      2       0       64613.72  48      23118.0  ms
success		1       54      1       27      1       0       64247.85  47      23118.0  ms
success		1       55      2       45      2       0       62158.95  46      23118.0  ms
success		1       56      1       3       1       0       62165.58  45      23118.0  ms
success		1       57      1       13      1       0       61825.89  44      23118.0  ms
success		1       58      2       7       2       0       61441.96  43      23118.0  ms
success		1       59      1       9       1       0       58481.33  42      23118.0  ms
success		1       60      1       38      1       0       56371.01  41      23118.0  ms
success		1       61      4       21      4       0       55387.59  40      23118.0  ms
success		1       62      2       12      2       0       54858.88  39      23118.0  ms
success		1       63      4       11      4       0       55187.47  38      23118.0  ms
success		1       64      1       23      1       0       54881.34  37      23118.0  ms
success		1       65      2       35      2       0       54612.75  36      23118.0  ms
success		1       66      3       4       3       0       54245.02  35      23118.0  ms
success		1       67      5       6       5       0       53863.21  34      23118.0  ms
success		1       68      5       32      5       0       52368.56  33      23118.0  ms
success		1       69      2       14      2       0       52256.85  32      23118.0  ms
success		1       70      4       3       4       0       52166.62  31      23118.0  ms
success		1       71      3       15      3       0       51374.70  30      23118.0  ms
success		1       72      2       27      2       0       50301.00  29      23118.0  ms
success		1       73      5       24      5       0       47797.43  28      23118.0  ms
success		1       74      4       8       4       0       47561.08  27      23118.0  ms
success		1       75      5       5       5       0       45457.08  26      23118.0  ms
success		1       76      3       1       3       0       44393.60  25      23118.0  ms
success		1       77      7       3       7       0       43742.01  24      23118.0  ms
success		1       78      3       13      3       0       42906.90  23      23118.0  ms
success		1       79      11      8       11      0       41332.71  22      23118.0  ms
success		1       80      5       15      5       0       40399.96  21      23134.0  ms
success		1       81      4       10      4       0       39508.72  20      23134.0  ms
success		1       82      5       9       5       0       36369.34  19      23134.0  ms
success		1       83      6       11      6       0       33560.96  18      23134.0  ms
success		1       84      4       11      4       0       30735.66  17      23134.0  ms
success		1       85      7       12      7       0       28284.68  16      23134.0  ms
success		1       86      3       12      3       0       26238.04  15      23134.0  ms
success		1       87      1       0       1       0       25348.30  14      23134.0  ms
success		1       88      4       9       4       0       22290.72  13      23134.0  ms
success		1       89      5       0       4       0       20862.41  12      23134.0  ms
success		1       90      8       8       6       0       19008.18  11      23134.0  ms
success		1       91      11      9       11      0       15551.23  10      23150.0  ms
success		1       92      16      8       12      0       12954.11  9       23165.0  ms
success		1       93      14      4       11      0       9623.41   8       23181.0  ms
success		1       94      193     7       13      0       6915.17   7       24569.0  ms
success		1       0       1       29      1       0       80811.68  101     33866.0  ms
success		1       1       1       12      1       0       80652.06  100     33866.0  ms
success		1       2       1       23      1       0       80491.50  99      33882.0  ms
success		1       3       1       4       1       0       80498.61  98      33882.0  ms
success		1       4       1       49      1       0       78966.84  97      33882.0  ms
success		1       5       1       26      1       0       78443.62  96      33882.0  ms
success		1       6       1       39      1       0       78379.74  95      33882.0  ms
success		1       7       1       36      1       0       77878.69  94      33882.0  ms
success		1       8       1       82      1       0       77760.90  93      33882.0  ms
success		1       9       1       45      1       0       77398.05  92      33882.0  ms
success		1       10      1       20      1       0       77290.97  91      33882.0  ms
success		1       11      1       36      1       0       77200.19  90      33882.0  ms
success		1       12      1       7       1       0       77186.40  89      33882.0  ms
success		1       13      1       76      1       0       76967.68  88      33882.0  ms
success		1       14      1       45      1       0       76794.32  87      33882.0  ms
success		1       15      1       46      1       0       76680.12  86      33882.0  ms
success		1       16      1       77      1       0       76394.09  85      33882.0  ms
success		1       17      2       40      2       0       75985.78  84      33882.0  ms
success		1       18      2       39      2       0       75661.94  83      33882.0  ms
success		1       19      1       37      1       0       75398.32  82      33882.0  ms
success		1       20      2       26      2       0       75059.83  81      33882.0  ms
success		1       21      1       76      1       0       74981.53  80      33882.0  ms
success		1       22      1       67      1       0       74686.04  79      33882.0  ms
success		1       23      1       41      1       0       74578.11  78      33882.0  ms
success		1       24      1       76      1       0       74175.36  77      33882.0  ms
success		1       25      1       43      1       0       74087.99  76      33882.0  ms
success		1       26      1       49      1       0       73811.01  75      33882.0  ms
success		1       27      1       56      1       0       73501.92  74      33882.0  ms
success		1       28      1       29      1       0       73268.27  73      33882.0  ms
success		1       29      2       4       2       0       73571.88  72      33882.0  ms
success		1       30      2       46      2       0       73695.41  71      33882.0  ms
success		1       31      3       58      3       0       75061.80  70      33882.0  ms
success		1       32      1       62      1       0       74517.99  69      33882.0  ms
success		1       33      1       35      1       0       74359.90  68      33882.0  ms
success		1       34      1       55      1       0       74219.31  67      33882.0  ms
success		1       35      1       52      1       0       71626.47  66      33882.0  ms
success		1       36      3       43      3       0       72482.84  65      33882.0  ms
success		1       37      1       63      1       0       72179.66  64      33882.0  ms
success		1       38      1       31      1       0       71907.47  63      33882.0  ms
success		1       39      1       39      1       0       71862.58  62      33882.0  ms
success		1       40      1       48      1       0       71416.92  61      33882.0  ms
success		1       41      3       17      3       0       72181.46  60      33882.0  ms
success		1       42      5       15      5       0       71694.43  59      33882.0  ms
success		1       43      1       25      1       0       71380.61  58      33882.0  ms
success		1       44      4       16      4       0       71977.88  57      33882.0  ms
success		1       45      1       18      1       0       71653.82  56      33882.0  ms
success		1       46      2       35      2       0       71553.83  55      33882.0  ms
success		1       47      1       3       1       0       68656.10  54      33882.0  ms
success		1       48      2       10      2       0       68622.47  53      33882.0  ms
success		1       49      5       3       5       0       67892.60  52      33882.0  ms
success		1       50      7       51      7       0       68357.25  51      33882.0  ms
success		1       51      1       23      1       0       68490.86  50      33882.0  ms
success		1       52      1       18      1       0       68530.27  49      33882.0  ms
success		1       53      3       3       3       0       68352.94  48      33882.0  ms
success		1       54      2       16      2       0       68465.27  47      33882.0  ms
success		1       55      1       20      1       0       67916.65  46      33882.0  ms
success		1       56      1       32      1       0       68074.69  45      33882.0  ms
success		1       57      1       1       1       0       68199.41  44      33882.0  ms
success		1       58      1       29      1       0       67998.60  43      33882.0  ms
success		1       59      1       1       1       0       66368.51  42      33882.0  ms
success		1       60      3       26      3       0       68314.12  41      33882.0  ms
success		1       61      2       1       2       0       68010.06  40      33882.0  ms
success		1       62      3       24      3       0       66033.91  39      33882.0  ms
success		1       63      2       26      2       0       63089.12  38      33882.0  ms
success		1       64      1       13      1       0       62980.47  37      33882.0  ms
success		1       65      2       7       2       0       62845.62  36      33882.0  ms
success		1       66      2       7       2       0       62592.66  35      33882.0  ms
success		1       67      1       25      1       0       62627.43  34      33882.0  ms
success		1       68      5       7       5       0       61334.65  33      33882.0  ms
success		1       69      2       31      2       0       58733.06  32      33882.0  ms
success		1       70      3       12      3       0       56791.58  31      33882.0  ms
success		1       71      2       8       2       0       55447.74  30      33882.0  ms
success		1       72      5       4       5       0       53333.16  29      33882.0  ms
success		1       73      2       9       2       0       51884.39  28      33882.0  ms
success		1       74      3       1       3       0       51463.69  27      33882.0  ms
success		1       75      3       2       3       0       50962.14  26      33898.0  ms
success		1       76      4       20      4       0       49150.59  25      33898.0  ms
success		1       77      5       3       5       0       48375.02  24      33898.0  ms
success		1       78      11      7       11      0       45147.48  23      33898.0  ms
success		1       79      6       3       6       0       43480.10  22      33898.0  ms
success		1       80      1       11      1       0       40343.73  21      33898.0  ms
success		1       81      4       0       4       0       39186.29  20      33898.0  ms
success		1       82      4       8       4       0       37920.40  19      33898.0  ms
success		1       83      5       13      5       0       35369.49  18      33898.0  ms
success		1       84      6       1       6       0       33380.88  17      33898.0  ms
success		1       85      4       12      4       0       30935.43  16      33898.0  ms
success		1       86      7       15      7       0       28549.76  15      33898.0  ms
success		1       87      9       2       9       0       25713.83  14      33898.0  ms
success		1       88      5       2       5       0       24262.88  13      33898.0  ms
success		1       89      3       5       3       0       21118.59  12      33898.0  ms
success		1       90      7       4       7       0       18652.24  11      33898.0  ms
success		1       91      8       8       4       0       16282.64  10      33929.0  ms
success		1       92      11      4       10      0       12256.25  9       33929.0  ms
success		1       93      20      8       12      0       10192.68  8       34007.0  ms
success		1       94      206     3       13      0       6788.79   7       35832.0  ms
success		1       0       1       86      1       0       82243.89  101     45379.0  ms
success		1       1       1       40      1       0       82069.37  100     45379.0  ms
success		1       2       1       58      1       0       81955.17  99      45379.0  ms
success		1       3       1       94      1       0       81647.38  98      45379.0  ms
success		1       4       1       11      1       0       81545.73  97      45379.0  ms
success		1       5       1       45      1       0       81047.26  96      45379.0  ms
success		1       6       1       39      1       0       80851.82  95      45379.0  ms
success		1       7       1       51      1       0       80717.58  94      45379.0  ms
success		1       8       1       76      1       0       80561.74  93      45379.0  ms
success		1       9       1       7       1       0       80282.93  92      45379.0  ms
success		1       10      1       46      1       0       80124.84  91      45379.0  ms
success		1       11      1       23      1       0       79986.88  90      45379.0  ms
success		1       12      1       69      1       0       79650.07  89      45379.0  ms
success		1       13      1       55      1       0       79477.84  88      45379.0  ms
success		1       14      1       15      1       0       79485.04  87      45379.0  ms
success		1       15      1       84      1       0       79160.47  86      45379.0  ms
success		1       16      1       23      1       0       76426.76  85      45379.0  ms
success		1       17      1       49      1       0       76057.12  84      45379.0  ms
success		1       18      1       53      1       0       75729.34  83      45379.0  ms
success		1       19      1       30      1       0       75512.13  82      45379.0  ms
success		1       20      1       80      1       0       75385.06  81      45379.0  ms
success		1       21      1       48      1       0       75246.88  80      45379.0  ms
success		1       22      1       0       1       0       75004.56  79      45379.0  ms
success		1       23      2       29      2       0       75057.76  78      45379.0  ms
success		1       24      1       45      1       0       74558.27  77      45379.0  ms
success		1       25      2       14      2       0       74332.90  76      45379.0  ms
success		1       26      1       71      1       0       74234.16  75      45379.0  ms
success		1       27      2       28      2       0       74223.42  74      45379.0  ms
success		1       28      2       38      2       0       74289.89  73      45379.0  ms
success		1       29      3       56      3       0       74564.01  72      45379.0  ms
success		1       30      1       14      1       0       74456.26  71      45379.0  ms
success		1       31      1       34      1       0       74145.26  70      45379.0  ms
success		1       32      1       6       1       0       74146.06  69      45379.0  ms
success		1       33      1       39      1       0       74058.69  68      45379.0  ms
success		1       34      1       64      1       0       74006.66  67      45379.0  ms
success		1       35      1       6       1       0       73826.81  66      45379.0  ms
success		1       36      3       46      3       0       73781.12  65      45379.0  ms
success		1       37      1       3       1       0       73722.02  64      45379.0  ms
success		1       38      2       44      2       0       73749.48  63      45379.0  ms
success		1       39      1       34      1       0       73625.66  62      45379.0  ms
success		1       40      1       2       1       0       72273.91  61      45379.0  ms
success		1       41      1       0       1       0       72159.09  60      45379.0  ms
success		1       42      1       26      1       0       70541.42  59      45395.0  ms
success		1       43      3       4       3       0       72154.30  58      45395.0  ms
success		1       44      1       47      1       0       72104.26  57      45395.0  ms
success		1       45      1       40      1       0       71954.89  56      45395.0  ms
success		1       46      2       28      2       0       71775.46  55      45395.0  ms
success		1       47      4       10      4       0       71427.29  54      45395.0  ms
success		1       48      1       17      1       0       71179.39  53      45395.0  ms
success		1       49      1       14      1       0       71023.32  52      45395.0  ms
success		1       50      4       27      4       0       70626.71  51      45395.0  ms
success		1       51      1       22      1       0       70720.54  50      45395.0  ms
success		1       52      1       24      1       0       70464.26  49      45395.0  ms
success		1       53      1       14      1       0       70297.40  48      45395.0  ms
success		1       54      4       29      4       0       70239.24  47      45395.0  ms
success		1       55      3       25      3       0       67348.23  46      45395.0  ms
success		1       56      4       1       4       0       65796.86  45      45395.0  ms
success		1       57      3       9       3       0       65510.78  44      45395.0  ms
success		1       58      6       40      6       0       63558.44  43      45395.0  ms
success		1       59      2       15      2       0       63612.37  42      45395.0  ms
success		1       60      3       27      3       0       62704.97  41      45395.0  ms
success		1       61      2       31      2       0       61004.44  40      45395.0  ms
success		1       62      3       32      3       0       59735.86  39      45395.0  ms
success		1       63      3       23      3       0       59633.75  38      45395.0  ms
success		1       64      3       20      3       0       59592.28  37      45395.0  ms
success		1       65      1       33      1       0       59418.00  36      45395.0  ms
success		1       66      5       33      5       0       58495.51  35      45395.0  ms
success		1       67      2       2       2       0       58290.65  34      45395.0  ms
success		1       68      3       26      3       0       58350.90  33      45395.0  ms
success		1       69      4       14      4       0       58134.54  32      45395.0  ms
success		1       70      9       27      9       0       56370.12  31      45395.0  ms
success		1       71      8       10      8       0       55173.37  30      45395.0  ms
success		1       72      4       9       4       0       52956.53  29      45395.0  ms
success		1       73      1       1       1       0       51244.58  28      45395.0  ms
success		1       74      2       3       2       0       50698.84  27      45395.0  ms
success		1       75      1       11      1       0       50608.06  26      45395.0  ms
success		1       76      5       18      5       0       48185.45  25      45395.0  ms
success		1       77      7       20      7       0       46069.41  24      45395.0  ms
success		1       78      3       0       3       0       44103.06  23      45395.0  ms
success		1       79      2       12      2       0       44141.09  22      45395.0  ms
success		1       80      3       2       3       0       42195.97  21      45395.0  ms
success		1       81      4       11      4       0       39316.95  20      45395.0  ms
success		1       82      8       13      8       0       39349.14  19      45395.0  ms
success		1       83      4       16      4       0       39117.82  18      45395.0  ms
success		1       84      2       10      2       0       37337.22  17      45395.0  ms
success		1       85      6       9       6       0       34684.47  16      45395.0  ms
success		1       86      9       12      9       0       32135.49  15      45395.0  ms
success		1       87      4       14      4       0       29603.61  14      45395.0  ms
success		1       88      12      2       12      0       26801.18  13      45395.0  ms
success		1       89      11      10      11      0       23885.28  12      45395.0  ms
success		1       90      13      1       13      0       20250.44  11      45395.0  ms
success		1       91      12      1       12      0       17097.60  10      45410.0  ms
success		1       92      11      0       11      0       13648.71  9       45410.0  ms
success		1       93      15      2       12      0       9967.07   8       45426.0  ms
success		1       94      85      6       14      0       6919.20   7       45894.0  ms
success		1       0       1       55      1       0       81956.90  101     54754.0  ms
success		1       1       1       45      1       0       81718.56  100     54754.0  ms
success		1       2       2       71      2       0       81373.21  99      54754.0  ms
success		1       3       1       65      1       0       81208.25  98      54754.0  ms
success		1       4       1       4       1       0       81059.04  97      54754.0  ms
success		1       5       1       8       1       0       80879.20  96      54754.0  ms
success		1       6       1       86      1       0       80704.92  95      54754.0  ms
success		1       7       1       29      1       0       80429.05  94      54754.0  ms
success		1       8       1       45      1       0       80278.70  93      54754.0  ms
success		1       9       1       25      1       0       80261.62  92      54754.0  ms
success		1       10      2       23      2       0       80123.65  91      54754.0  ms
success		1       11      2       59      2       0       79964.62  90      54754.0  ms
success		1       12      1       77      1       0       77796.57  89      54754.0  ms
success		1       13      1       69      1       0       77678.76  88      54754.0  ms
success		1       14      1       17      1       0       77619.72  87      54754.0  ms
success		1       15      1       27      1       0       77496.45  86      54754.0  ms
success		1       16      1       17      1       0       77396.76  85      54754.0  ms
success		1       17      1       14      1       0       77247.55  84      54754.0  ms
success		1       18      1       27      1       0       77128.07  83      54754.0  ms
success		1       19      1       81      1       0       77285.49  82      54754.0  ms
success		1       20      1       66      1       0       76930.19  81      54754.0  ms
success		1       21      2       6       2       0       76593.74  80      54754.0  ms
success		1       22      1       63      1       0       76211.26  79      54754.0  ms
success		1       23      1       24      1       0       75991.99  78      54754.0  ms
success		1       24      1       67      1       0       76098.55  77      54754.0  ms
success		1       25      1       43      1       0       75870.14  76      54754.0  ms
success		1       26      1       66      1       0       75582.24  75      54754.0  ms
success		1       27      1       0       1       0       75436.32  74      54754.0  ms
success		1       28      1       66      1       0       75338.07  73      54754.0  ms
success		1       29      2       72      2       0       75486.79  72      54754.0  ms
success		1       30      3       16      3       0       75377.89  71      54754.0  ms
success		1       31      1       27      1       0       72401.55  70      54754.0  ms
success		1       32      3       25      3       0       71953.15  69      54770.0  ms
success		1       33      1       34      1       0       71710.75  68      54770.0  ms
success		1       34      1       52      1       0       71408.16  67      54770.0  ms
success		1       35      1       41      1       0       68975.65  66      54770.0  ms
success		1       36      2       17      2       0       68588.83  65      54770.0  ms
success		1       37      2       24      2       0       68402.07  64      54770.0  ms
success		1       38      6       45      6       0       70500.18  63      54770.0  ms
success		1       39      1       2       1       0       67555.86  62      54770.0  ms
success		1       40      1       49      1       0       67490.83  61      54770.0  ms
success		1       41      1       4       1       0       67494.68  60      54770.0  ms
success		1       42      2       47      2       0       67536.54  59      54770.0  ms
success		1       43      4       22      4       0       67249.37  58      54770.0  ms
success		1       44      3       11      3       0       67261.30  57      54770.0  ms
success		1       45      2       29      2       0       65652.86  56      54770.0  ms
success		1       46      2       31      2       0       65231.15  55      54770.0  ms
success		1       47      1       46      1       0       65166.06  54      54770.0  ms
success		1       48      3       0       3       0       64467.72  53      54770.0  ms
success		1       49      2       1       2       0       64309.15  52      54770.0  ms
success		1       50      3       45      3       0       64257.78  51      54770.0  ms
success		1       51      1       29      1       0       63654.48  50      54770.0  ms
success		1       52      3       39      3       0       63606.57  49      54770.0  ms
success		1       53      2       35      2       0       63509.02  48      54770.0  ms
success		1       54      1       18      1       0       63467.83  47      54770.0  ms
success		1       55      3       32      3       0       63133.90  46      54770.0  ms
success		1       56      2       30      2       0       60082.91  45      54770.0  ms
success		1       57      4       4       4       0       58142.70  44      54770.0  ms
success		1       58      2       2       2       0       57597.92  43      54770.0  ms
success		1       59      2       16      2       0       57896.15  42      54770.0  ms
success		1       60      2       39      2       0       57551.35  41      54770.0  ms
success		1       61      1       37      1       0       57275.96  40      54770.0  ms
success		1       62      4       3       4       0       56729.42  39      54770.0  ms
success		1       63      3       5       3       0       56519.19  38      54770.0  ms
success		1       64      3       20      3       0       55179.45  37      54770.0  ms
success		1       65      4       25      4       0       55299.89  36      54770.0  ms
success		1       66      6       28      6       0       55691.09  35      54770.0  ms
success		1       67      7       19      7       0       56379.98  34      54770.0  ms
success		1       68      4       25      4       0       55708.19  33      54770.0  ms
success		1       69      3       12      3       0       53018.13  32      54770.0  ms
success		1       70      2       11      2       0       53132.28  31      54770.0  ms
success		1       71      1       1       1       0       53009.33  30      54770.0  ms
success		1       72      2       27      2       0       52920.03  29      54770.0  ms
success		1       73      6       20      6       0       52627.68  28      54770.0  ms
success		1       74      3       16      3       0       49935.19  27      54770.0  ms
success		1       75      7       6       7       0       48305.07  26      54770.0  ms
success		1       76      5       9       5       0       46891.52  25      54770.0  ms
success		1       77      3       11      3       0       45450.52  24      54770.0  ms
success		1       78      5       11      5       0       44094.73  23      54770.0  ms
success		1       79      4       20      4       0       43015.74  22      54770.0  ms
success		1       80      2       2       2       0       42275.77  21      54770.0  ms
success		1       81      3       10      3       0       39177.55  20      54770.0  ms
success		1       82      4       3       4       0       37129.62  19      54770.0  ms
success		1       83      4       9       4       0       35631.34  18      54786.0  ms
success		1       84      2       5       2       0       34275.81  17      54786.0  ms
success		1       85      4       14      4       0       32988.40  16      54786.0  ms
success		1       86      9       13      9       0       30904.49  15      54786.0  ms
success		1       87      3       12      3       0       27828.56  14      54786.0  ms
success		1       88      8       11      8       0       24959.34  13      54786.0  ms
success		1       89      8       1       8       0       22204.47  12      54786.0  ms
success		1       90      7       10      6       0       19812.84  11      54786.0  ms
success		1       91      10      5       10      0       15820.80  10      54786.0  ms
success		1       92      9       8       8       0       12922.66  9       54801.0  ms
success		1       93      22      8       10      0       9650.36   8       54926.0  ms
success		1       94      307     7       14      0       6843.72   7       56689.0  ms
cross iterater0
bad   	rand   	success		6789.83   6782.75   7       79059.0  ms cross
bad   	success		6749.85   6680.49   7       83270.0  ms cross
rand   	ab
ab7	4
ab6	2
cross iterater1
bad   	success		6578.73   6864.78   7       93083.0  ms cross
rand   	bad   	success		6840.49   7017.07   7       104065.0 ms cross
rand   	ab
ab7	0
cross iterater2
bad   	success		6791.99   6719.20   7       113814.0 ms cross
rand   	bad   	success		6571.05   6809.41   7       125233.0 ms cross
rand   	ab
ab6	2
ab7	4
cross iterater3
bad   	success		6839.51   6987.95   7       135623.0 ms cross
rand   	bad   	success		6740.65   7077.29   7       147120.0 ms cross
rand   	ab
ab6	2
ab7	4
fail		6578.90   7009.73   7       166697.0 ms
fail		6751.99   6983.01   7       176540.0 ms
fail		6572.08   7003.32   7       186368.0 ms
fail		6749.85   6775.09   7       195946.0 ms
cross iterater4
ab
ab7	0
fail		6836.26   6881.10   7       205446.0 ms
fail		6749.85   6775.09   7       215337.0 ms
fail		6578.73   6833.30   7       224977.0 ms
cross iterater5
bad   	success		6499.98   6620.47   7       227348.0 ms cross
rand   	bad   	success		6796.12   6946.37   7       239532.0 ms cross
rand   	ab
ab7	2
fail		6796.12   6905.77   7       259702.0 ms
fail		6578.73   6833.30   7       269342.0 ms
cross iterater6
bad   	success		6963.15   6790.35   7       269592.0 ms cross
rand   	bad   	success		6818.12   6965.52   7       280325.0 ms cross
rand   	ab
ab7	2
cross iterater7
bad   	success		6741.54   6877.04   7       291650.0 ms cross
rand   	bad   	success		6847.25   6650.13   7       304629.0 ms cross
rand   	ab
ab7	1
fail		6695.85   6770.06   7       323863.0 ms
cross iterater8
bad   	success		6942.05   6768.81   7       324986.0 ms cross
rand   	bad   	success		6812.86   6649.20   7       338339.0 ms cross
rand   	ab
ab7	3
ab6	5
fail		6847.25   6931.16   7       357777.0 ms
cross iterater9
bad   	success		6921.82   7012.61   7       359243.0 ms cross
rand   	bad   	success		6610.74   6838.67   7       372300.0 ms cross
rand   	ab
ab7	1
ab6	0
fail		6812.86   6940.82   7       391581.0 ms
cross iterater10
bad   	success		6726.56   7077.30   7       396588.0 ms cross
rand   	bad   	success		6876.83   6825.70   7       410285.0 ms cross
rand   	ab
ab7	1
ab6	4
fail		6727.23   7024.57   7       430034.0 ms
fail		6847.25   6931.16   7       439019.0 ms
cross iterater11
bad   	success		6952.85   6804.54   7       441219.0 ms cross
rand   	bad   	success		6486.27   6856.20   7       455430.0 ms cross
rand   	ab
ab6	2
fail		6773.94   6973.45   7       475663.0 ms
cross iterater12
ab
ab6	1
fail		6725.38   7006.33   7       486286.0 ms
cross iterater13
bad   	success		6593.09   6758.10   7       488298.0 ms cross
rand   	bad   	success		6827.86   6870.29   7       500123.0 ms cross
rand   	ab
ab6	3
ab7	4
fail		6609.56   6824.48   7       520184.0 ms
fail		6636.08   6926.33   7       529949.0 ms
cross iterater14
ab
ab6	4
fail		6806.33   7115.16   7       539637.0 ms
fail		6827.86   6932.81   7       548560.0 ms
cross iterater15
ab
ab6	1
fail		6618.78   6947.86   7       558419.0 ms
fail		6827.86   6932.81   7       568480.0 ms
cross iterater16
bad   	success		6870.06   6896.82   7       569838.0 ms cross
rand   	bad   	success		6901.01   6951.34   7       580336.0 ms cross
rand   	ab
ab7	0
ab6	1
fail		6706.73   6992.07   7       600382.0 ms
cross iterater17
bad   	success		6809.60   6896.02   7       605732.0 ms cross
rand   	bad   	success		6487.47   6793.26   7       616543.0 ms cross
rand   	ab
ab7	3
cross iterater18
bad   	success		6764.41   6693.89   7       626605.0 ms cross
rand   	bad   	success		6987.28   7000.48   7       637368.0 ms cross
rand   	ab
ab7	5
ab6	0
fail		6827.86   6932.81   7       658053.0 ms
cross iterater19
bad   	success		6829.90   6757.03   7       658724.0 ms cross
rand   	bad   	success		6882.43   6794.88   7       668973.0 ms cross
rand   	ab
ab7	1
fail		6827.86   6932.81   7       689642.0 ms
fail		6648.52   6977.27   7       700203.0 ms
cross iterater20
bad   	success		6666.10   6863.20   7       703355.0 ms cross
rand   	bad   	success		6617.45   6880.50   7       713432.0 ms cross
rand   	ab
ab7	4
ab6	5
fail		7032.35   7123.02   7       733165.0 ms
cross iterater21
bad   	success		6927.50   6909.95   7       734304.0 ms cross
rand   	bad   	success		6804.61   6813.21   7       745037.0 ms cross
rand   	ab
ab7	0
fail		6804.61   7051.85   7       766720.0 ms
cross iterater22
ab
ab6	4
ab7	5
fail		6502.44   6921.47   7       776517.0 ms
cross iterater23
ab
ab6	5
cross iterater24
ab
ab6	4
fail		6618.78   6947.86   7       785954.0 ms
fail		6502.44   6921.47   7       795954.0 ms
cross iterater25
bad   	success		6809.89   6820.36   7       797935.0 ms cross
rand   	bad   	success		6854.40   6992.33   7       808277.0 ms cross
rand   	ab
ab6	4
ab7	5
cross iterater26
bad   	success		6690.91   6711.47   7       819338.0 ms cross
rand   	bad   	success		6642.29   6889.62   7       830944.0 ms cross
rand   	ab
ab6	1
fail		6847.50   6961.31   7       850740.0 ms
fail		6863.23   7044.00   7       860333.0 ms
cross iterater27
bad   	success		6730.97   6479.18   7       861066.0 ms cross
rand   	bad   	success		6894.28   7026.67   7       871315.0 ms cross
rand   	ab
ab6	2
fail		6847.50   6961.31   7       892078.0 ms
cross iterater28
bad   	success		6725.32   6843.50   7       894481.0 ms cross
rand   	bad   	success		6788.49   7076.23   7       909207.0 ms cross
rand   	ab
ab7	3
ab6	2
fail		6730.97   6819.63   7       929330.0 ms
cross iterater29
bad   	success		6875.74   6926.30   7       937988.0 ms cross
rand   	bad   	success		6535.15   6970.41   7       950546.0 ms cross
rand   	ab
ab7	4
ab6	5
cross iterater30
ab
ab7	5
cross iterater31
bad   	success		6852.77   6957.63   7       963603.0 ms cross
rand   	bad   	success		6959.52   6926.24   7       979545.0 ms cross
rand   	ab
ab7	0
ab6	1
fail		6691.26   6845.25   7       999981.0 ms
cross iterater32
bad   	success		6757.33   6757.02   7       1005113.0 ms cross
rand   	bad   	success		7033.55   6871.17   7       1017468.0 ms cross
rand   	ab
ab6	3
fail		6997.25   7053.64   7       1034409.0 ms
cross iterater33
bad   	success		6769.52   7056.55   7       1036562.0 ms cross
rand   	bad   	success		6752.54   6636.88   7       1043972.0 ms cross
rand   	ab
ab6	1
fail		6764.65   6939.37   7       1062317.0 ms
cross iterater34
bad   	success		6685.86   6665.32   7       1065764.0 ms cross
rand   	bad   	success		6838.86   6811.28   7       1080615.0 ms cross
rand   	ab
ab6	3
ab7	5
fail		6752.54   6944.50   7       1100520.0 ms
fail		6921.48   7049.16   7       1110925.0 ms
fail		6736.64   7008.18   7       1121190.0 ms
fail		6757.33   6882.95   7       1132656.0 ms
cross iterater35
bad   	success		6550.30   6777.05   7       1138521.0 ms cross
rand   	bad   	success		6903.60   6935.96   7       1148084.0 ms cross
rand   	ab
ab6	2
ab7	3
cross iterater36
bad   	success		6781.33   6461.40   7       1154760.0 ms cross
rand   	bad   	success		6903.45   6658.13   7       1163886.0 ms cross
rand   	ab
ab6	0
ab7	4
fail		6711.13   6964.79   7       1176054.0 ms
cross iterater37
bad   	success		6557.74   6916.24   7       1176490.0 ms cross
rand   	bad   	success		6949.77   6782.27   7       1183994.0 ms cross
rand   	ab
ab7	4
fail		6755.94   6929.82   7       1195647.0 ms
cross iterater38
ab
ab7	0
fail		6910.20   7102.44   7       1201871.0 ms
fail		6755.94   6929.82   7       1207518.0 ms
cross iterater39
bad   	success		6825.85   6775.44   7       1208579.0 ms cross
rand   	bad   	success		6803.37   6496.52   7       1215255.0 ms cross
rand   	ab
ab6	5
ab7	3
fail		6557.74   6833.39   7       1235332.0 ms
fail		6755.94   6929.82   7       1245331.0 ms
cross iterater40
bad   	success		6863.47   6839.61   7       1246065.0 ms cross
rand   	bad   	success		6764.72   6495.83   7       1258763.0 ms cross
rand   	ab
ab6	1
ab7	2
fail		6759.03   6896.12   7       1277701.0 ms
cross iterater41
bad   	success		6679.25   6797.05   7       1280446.0 ms cross
rand   	bad   	success		6819.29   6891.71   7       1294579.0 ms cross
rand   	ab
ab6	4
fail		6825.13   6974.25   7       1314500.0 ms
fail		6779.71   6943.32   7       1323797.0 ms
cross iterater42
ab
ab6	4
ab7	3
fail		6692.94   6825.87   7       1333703.0 ms
fail		6679.25   6791.19   7       1344498.0 ms
cross iterater43
bad   	success		6810.64   6966.21   7       1348788.0 ms cross
rand   	bad   	success		6778.21   7055.39   7       1359942.0 ms cross
rand   	ab
ab7	2
ab6	0
cross iterater44
bad   	success		6518.92   6883.31   7       1366681.0 ms cross
rand   	bad   	success		6891.60   6957.90   7       1372811.0 ms cross
rand   	ab
ab7	3
ab6	5
cross iterater45
bad   	success		6528.14   6558.80   7       1380377.0 ms cross
rand   	bad   	success		6956.70   6896.21   7       1387116.0 ms cross
rand   	ab
ab7	3
ab6	5
fail		6740.25   6915.35   7       1399268.0 ms
cross iterater46
bad   	success		6787.00   6879.45   7       1399705.0 ms cross
rand   	bad   	success		6740.31   6752.18   7       1406366.0 ms cross
rand   	ab
ab7	4
fail		6738.59   6941.60   7       1418003.0 ms
fail		6792.07   7014.85   7       1423884.0 ms
cross iterater47
bad   	success		6875.95   7015.97   7       1425086.0 ms cross
rand   	bad   	success		6794.18   6767.25   7       1431887.0 ms cross
rand   	ab
ab6	5
ab7	4
cross iterater48
ab
ab6	4
fail		6851.52   7012.96   7       1446426.0 ms
fail		6692.94   6825.87   7       1455739.0 ms
fail		6814.81   6965.97   7       1467314.0 ms
cross iterater49
bad   	success		6846.39   7072.76   7       1468936.0 ms cross
rand   	bad   	success		6615.13   6833.42   7       1476159.0 ms cross
rand   	ab
ab7	0
ab6	2
fail		6672.11   6977.00   7       1491712.0 ms
fail		6851.52   7012.96   7       1501414.0 ms
cross iterater50
bad   	success		6601.99   6701.89   7       1502709.0 ms cross
rand   	bad   	success		6705.43   6772.61   7       1514487.0 ms cross
rand   	ab
ab7	2
ab6	5
fail		6726.61   6940.87   7       1535203.0 ms
fail		6719.76   6920.10   7       1542020.0 ms
cross iterater51
bad   	success		6726.45   6894.25   7       1543861.0 ms cross
rand   	bad   	success		6685.31   6776.70   7       1550460.0 ms cross
rand   	ab
ab7	0
fail		6685.31   6951.76   7       1562783.0 ms
fail		6705.43   6947.79   7       1569101.0 ms
cross iterater52
ab
ab6	1
fail		6801.69   6992.55   7       1575185.0 ms
fail		6719.76   6920.10   7       1581394.0 ms
cross iterater53
bad   	success		6578.00   6970.17   7       1582127.0 ms cross
rand   	bad   	success		6716.28   6970.49   7       1589349.0 ms cross
rand   	ab
ab6	2
ab7	4
fail		6840.82   6961.37   7       1604216.0 ms
cross iterater54
ab
ab6	2
ab7	3
fail		6819.59   6963.07   7       1614714.0 ms
cross iterater55
bad   	success		6920.11   7014.24   7       1616290.0 ms cross
rand   	bad   	success		6807.03   7052.52   7       1629596.0 ms cross
rand   	ab
ab7	1
ab6	5
fail		6572.88   6879.71   7       1645305.0 ms
fail		6726.61   6940.87   7       1651514.0 ms
cross iterater56
ab
ab7	5
fail		6726.61   6940.87   7       1657395.0 ms
cross iterater57
ab
ab7	0
cross iterater58
bad   	success		6806.52   7220.93   7       1659797.0 ms cross
rand   	bad   	success		6690.47   7034.50   7       1665912.0 ms cross
rand   	ab
ab6	1
ab7	0
cross iterater59
bad   	success		6591.44   6898.26   7       1675896.0 ms cross
rand   	bad   	success		6931.91   7023.40   7       1683540.0 ms cross
rand   	ab
ab6	1
ab7	5
cross iterater60
bad   	success		6829.15   6865.35   7       1691745.0 ms cross
rand   	bad   	success		6921.88   6593.97   7       1699155.0 ms cross
rand   	ab
ab6	5
ab7	2
cross iterater61
bad   	success		6918.50   6979.87   7       1705426.0 ms cross
rand   	bad   	rand   	success		6836.27   7032.76   7       1717329.0 ms cross
ab
ab6	3
ab7	0
cross iterater62
bad   	success		6901.18   7111.83   7       1717703.0 ms cross
rand   	bad   	success		6735.93   6746.64   7       1723990.0 ms cross
rand   	ab
ab6	4
ab7	1
fail		6777.99   6947.57   7       1736001.0 ms
cross iterater63
bad   	success		6706.92   6914.36   7       1736454.0 ms cross
rand   	bad   	success		6685.67   6708.05   7       1743161.0 ms cross
rand   	ab
ab6	0
ab7	2
cross iterater64
bad   	success		6804.59   6807.23   7       1750649.0 ms cross
rand   	bad   	success		6669.57   6954.59   7       1759432.0 ms cross
rand   	ab
ab6	5
ab7	0
fail		6877.67   7055.03   7       1770913.0 ms
fail		6877.75   7055.11   7       1776607.0 ms
cross iterater65
bad   	success		6934.96   7059.32   7       1778198.0 ms cross
rand   	bad   	success		6791.83   6888.41   7       1785904.0 ms cross
rand   	ab
ab7	2
fail		6882.18   6954.81   7       1798181.0 ms
cross iterater66
ab
ab7	4
ab6	3
cross iterater67
bad   	success		6964.17   6784.91   7       1800552.0 ms cross
rand   	bad   	success		6759.13   6860.06   7       1808009.0 ms cross
rand   	ab
ab7	4
ab6	2
cross iterater68
bad   	success		6895.57   6918.69   7       1816698.0 ms cross
rand   	bad   	success		6884.65   6930.19   7       1823562.0 ms cross
rand   	ab
ab7	3
ab6	5
cross iterater69
bad   	success		6688.90   6910.15   7       1830660.0 ms cross
rand   	bad   	success		6668.32   6999.21   7       1838428.0 ms cross
rand   	ab
ab7	1
ab6	5
fail		6800.63   7029.10   7       1851017.0 ms
fail		6878.32   6974.01   7       1857117.0 ms
cross iterater70
bad   	success		6983.89   6776.70   7       1857553.0 ms cross
rand   	bad   	success		6960.70   6943.57   7       1866133.0 ms cross
rand   	ab
ab7	5
fail		6954.95   7077.62   7       1877646.0 ms
cross iterater71
bad   	success		6749.36   6815.03   7       1877802.0 ms cross
rand   	bad   	success		6601.87   7048.44   7       1885055.0 ms cross
rand   	ab
ab6	1
fail		6856.05   7004.39   7       1897348.0 ms
cross iterater72
bad   	success		6830.69   6819.84   7       1898799.0 ms cross
rand   	bad   	success		6758.17   6768.42   7       1905616.0 ms cross
rand   	ab
ab6	5
cross iterater73
ab
ab6	5
fail		6817.24   6968.54   7       1917846.0 ms
fail		6856.05   7004.39   7       1924101.0 ms
cross iterater74
bad   	success		6515.64   6918.96   7       1925505.0 ms cross
rand   	bad   	success		6890.64   7016.20   7       1933321.0 ms cross
rand   	ab
ab6	3
ab7	5
fail		6720.98   6892.90   7       1945753.0 ms
fail		6817.24   6968.54   7       1951619.0 ms
cross iterater75
bad   	success		6898.15   7025.27   7       1953928.0 ms cross
rand   	bad   	success		6729.10   6939.39   7       1961322.0 ms cross
rand   	ab
ab6	4
ab7	2
cross iterater76
ab
ab6	3
fail		6515.64   6948.91   7       1973630.0 ms
cross iterater77
bad   	success		6667.57   7290.90   7       1974394.0 ms cross
rand   	bad   	success		6721.73   6860.68   7       1982974.0 ms cross
rand   	ab
ab6	4
cross iterater78
bad   	success		6767.70   6790.47   7       1990275.0 ms cross
rand   	bad   	rand   	success		6749.53   6666.90   7       2002583.0 ms cross
ab
ab6	1
fail		6716.45   7047.59   7       2008245.0 ms
fail		6749.53   6966.02   7       2013924.0 ms
fail		6767.70   6856.59   7       2019259.0 ms
cross iterater79
bad   	success		6794.94   6953.33   7       2019306.0 ms cross
rand   	bad   	success		6950.58   6762.17   7       2027792.0 ms cross
rand   	ab
ab7	1
cross iterater80
bad   	success		6856.75   6945.76   7       2033876.0 ms cross
rand   	bad   	success		6898.87   7012.75   7       2041270.0 ms cross
rand   	ab
ab7	0
fail		6767.70   6856.59   7       2053157.0 ms
cross iterater81
bad   	success		6764.97   6796.19   7       2054186.0 ms cross
rand   	bad   	success		6797.99   7032.10   7       2062080.0 ms cross
rand   	ab
ab6	2
ab7	1
fail		6856.75   7022.51   7       2074637.0 ms
cross iterater82
bad   	success		6794.41   6655.63   7       2075698.0 ms cross
rand   	bad   	success		6643.81   6875.39   7       2083888.0 ms cross
rand   	ab
ab6	1
cross iterater83
ab
ab6	3
fail		6572.56   6843.90   7       2095775.0 ms
cross iterater84
bad   	success		6839.05   6957.34   7       2097803.0 ms cross
rand   	bad   	success		6959.65   6969.67   7       2105478.0 ms cross
rand   	ab
ab6	2
ab7	0
fail		6499.49   6900.85   7       2117708.0 ms
fail		6656.75   6926.52   7       2124010.0 ms
fail		6572.56   6843.90   7       2130032.0 ms
fail		6684.68   6924.93   7       2136817.0 ms
cross iterater85
bad   	success		6687.78   6948.11   7       2140218.0 ms cross
rand   	bad   	success		6605.93   6819.40   7       2147862.0 ms cross
rand   	ab
ab6	3
ab7	1
cross iterater86
bad   	success		6639.13   6660.73   7       2156270.0 ms cross
rand   	bad   	success		6842.16   6828.04   7       2162947.0 ms cross
rand   	ab
ab6	2
fail		6639.13   6897.91   7       2174334.0 ms
fail		6767.70   6856.59   7       2180215.0 ms
cross iterater87
bad   	success		6722.30   6965.69   7       2183039.0 ms cross
rand   	bad   	success		6851.75   6844.12   7       2191073.0 ms cross
rand   	ab
ab6	3
ab7	0
cross iterater88
bad   	success		6737.04   6772.00   7       2198077.0 ms cross
rand   	bad   	success		6642.25   6708.10   7       2204754.0 ms cross
rand   	ab
ab6	4
ab7	3
fail		6558.18   6872.31   7       2215829.0 ms
fail		6639.13   6897.91   7       2221601.0 ms
cross iterater89
bad   	success		6885.98   6744.57   7       2222225.0 ms cross
rand   	bad   	success		6701.21   6877.51   7       2229120.0 ms cross
rand   	ab
ab7	4
ab6	5
cross iterater90
ab
ab7	5
cross iterater91
ab
ab7	0
fail		6641.49   7002.30   7       2241210.0 ms
fail		6605.93   6861.07   7       2246607.0 ms
cross iterater92
ab
ab7	0
fail		6642.25   6861.03   7       2252816.0 ms
cross iterater93
bad   	success		6826.30   6792.14   7       2252925.0 ms cross
rand   	bad   	success		6448.19   6904.06   7       2259524.0 ms cross
rand   	ab
ab6	4
ab7	2
fail		6508.98   6991.02   7       2271473.0 ms
fail		6558.18   6872.31   7       2277744.0 ms
cross iterater94
bad   	success		6972.28   6841.16   7       2279445.0 ms cross
rand   	bad   	success		6818.41   7052.45   7       2285232.0 ms cross
rand   	ab
ab7	4
ab6	2
fail		6566.82   6824.89   7       2297134.0 ms
fail		6566.98   6983.57   7       2302891.0 ms
cross iterater95
bad   	success		6726.04   6730.76   7       2303577.0 ms cross
rand   	bad   	success		6836.91   6903.25   7       2310425.0 ms cross
rand   	ab
ab6	4
ab7	2
cross iterater96
bad   	success		6673.65   6722.75   7       2316431.0 ms cross
rand   	bad   	success		6618.17   6575.34   7       2322889.0 ms cross
rand   	ab
ab7	3
fail		6880.18   6981.39   7       2334542.0 ms
fail		6566.82   6824.89   7       2340221.0 ms
cross iterater97
bad   	success		6797.92   6722.44   7       2340735.0 ms cross
rand   	bad   	success		6870.38   7021.13   7       2346819.0 ms cross
rand   	ab
ab7	0
cross iterater98
bad   	success		6806.60   6676.31   7       2353636.0 ms cross
rand   	bad   	success		6416.86   6810.86   7       2359517.0 ms cross
rand   	ab
ab6	3
ab7	1
fail		6794.71   6908.03   7       2371170.0 ms
cross iterater99
bad   	success		6731.70   6863.52   7       2373042.0 ms cross
rand   	bad   	success		6852.44   6816.22   7       2378798.0 ms cross
rand   	ab
ab6	4
ab7	2
fail		6845.97   7023.88   7       2390982.0 ms
fail		6618.17   6907.77   7       2396551.0 ms

R.size:7

1		61	110	48	80	126	90	2	143	122	97	177	66	187	111	26	140	185	176	123	98	69	168	75	88	1	104	82	129	99	178	
2		87	204	167	63	107	151	102	51	147	148	128	17	166	150	195	4	31	181	172	117	46	124	85	202	165	154	162	115	55	40	
3		146	19	184	145	138	11	179	116	57	113	131	169	37	84	137	30	50	96	103	81	54	89	27	121	135	38	43	200	41	68	
4		160	67	153	10	182	100	203	105	18	174	34	16	12	132	173	133	33	141	20	127	71	91	101	144	170	58	95	112	65	183	
5		5	42	136	188	70	157	93	45	77	35	9	74	59	118	139	194	190	86	130	120	125	109	14	29	193	158	106	159	
6		21	171	53	56	114	119	191	8	78	134	64	73	149	152	94	60	72	24	175	47	199	189	156	44	186	6	36	28	196	15	
7		164	198	180	192	39	76	22	163	13	32	108	155	161	25	62	92	49	142	197	79	3	83	23	52	201	7	

data1/pdp200/LC2_2_4.txt
total_cost 6416.856553

