success		1       0       1       0       1       0       20386.18  106     78.0     ms
success		1       1       1       54      1       0       20336.29  105     93.0     ms
success		1       2       1       66      1       0       20222.91  104     93.0     ms
success		1       3       1       39      1       0       20316.92  103     93.0     ms
success		1       4       1       26      1       0       20418.91  102     93.0     ms
success		1       5       1       82      1       0       20420.41  101     93.0     ms
success		1       6       1       66      1       0       20560.96  100     93.0     ms
success		1       7       1       1       1       0       20665.45  99      93.0     ms
success		1       8       1       38      1       0       20460.81  98      93.0     ms
success		1       9       1       61      1       0       20332.00  97      93.0     ms
success		1       10      1       65      1       0       20325.74  96      93.0     ms
success		1       11      2       46      2       0       20109.06  95      93.0     ms
success		1       12      2       62      2       0       19956.51  94      93.0     ms
success		1       13      1       65      1       0       20109.67  93      93.0     ms
success		1       14      1       42      1       0       20228.43  92      93.0     ms
success		1       15      1       6       1       0       20371.63  91      93.0     ms
success		1       16      1       36      1       0       20135.16  90      93.0     ms
success		1       17      1       39      1       0       19828.51  89      93.0     ms
success		1       18      1       52      1       0       19843.56  88      93.0     ms
success		1       19      1       11      1       0       19645.91  87      93.0     ms
success		1       20      1       16      1       0       19258.93  86      93.0     ms
success		1       21      1       8       1       0       19338.77  85      93.0     ms
success		1       22      1       7       1       0       19012.00  84      93.0     ms
success		1       23      2       30      2       0       18812.00  83      93.0     ms
success		1       24      1       47      1       0       18553.22  82      93.0     ms
success		1       25      2       67      2       0       18460.68  81      93.0     ms
success		1       26      1       80      1       0       18431.91  80      93.0     ms
success		1       27      2       4       2       0       18692.42  79      93.0     ms
success		1       28      1       23      1       0       18763.16  78      93.0     ms
success		1       29      1       39      1       0       18689.62  77      93.0     ms
success		1       30      2       54      2       0       19000.37  76      93.0     ms
success		1       31      2       34      2       0       18763.14  75      93.0     ms
success		1       32      2       67      2       0       18811.15  74      93.0     ms
success		1       33      1       67      1       0       18673.63  73      93.0     ms
success		1       34      2       1       2       0       18466.06  72      93.0     ms
success		1       35      1       67      1       0       18384.11  71      93.0     ms
success		1       36      2       20      2       0       18089.84  70      93.0     ms
success		1       37      1       12      1       0       17899.28  69      93.0     ms
success		1       38      2       10      2       0       17614.90  68      93.0     ms
success		1       39      1       45      1       0       17218.10  67      93.0     ms
success		1       40      2       23      2       0       17177.65  66      93.0     ms
success		1       41      2       54      2       0       17246.99  65      93.0     ms
success		1       42      1       53      1       0       16916.99  64      93.0     ms
success		1       43      2       46      2       0       16820.79  63      93.0     ms
success		1       44      2       14      2       0       16791.40  62      93.0     ms
success		1       45      3       46      3       0       16825.77  61      109.0    ms
success		1       46      2       30      2       0       16852.27  60      109.0    ms
success		1       47      3       22      3       0       16811.51  59      109.0    ms
success		1       48      1       43      1       0       16611.27  58      109.0    ms
success		1       49      2       41      2       0       16406.80  57      109.0    ms
success		1       50      2       3       2       0       16064.24  56      109.0    ms
success		1       51      2       53      2       0       16048.66  55      109.0    ms
success		1       52      1       50      1       0       15967.68  54      109.0    ms
success		1       53      2       21      2       0       15817.98  53      109.0    ms
success		1       54      2       10      2       0       15889.32  52      109.0    ms
success		1       55      3       28      3       0       15838.59  51      109.0    ms
success		1       56      3       17      3       0       15364.88  50      109.0    ms
success		1       57      1       46      1       0       15240.85  49      109.0    ms
success		1       58      1       34      1       0       15045.77  48      109.0    ms
success		1       59      4       11      4       0       14800.25  47      109.0    ms
success		1       60      3       42      3       0       14658.08  46      109.0    ms
success		1       61      3       3       3       0       14723.09  45      109.0    ms
success		1       62      3       14      3       0       14539.60  44      109.0    ms
success		1       63      2       24      2       0       14440.05  43      109.0    ms
success		1       64      2       6       2       0       14284.10  42      109.0    ms
success		1       65      4       22      4       0       14299.13  41      109.0    ms
success		1       66      2       38      2       0       14360.20  40      109.0    ms
success		1       67      3       20      3       0       14001.91  39      109.0    ms
success		1       68      2       0       2       0       13582.71  38      109.0    ms
success		1       69      2       27      2       0       13319.58  37      109.0    ms
success		1       70      2       33      2       0       13135.07  36      109.0    ms
success		1       71      2       21      2       0       13215.55  35      109.0    ms
success		1       72      1       11      1       0       13180.98  34      109.0    ms
success		1       73      4       14      3       0       14013.58  33      109.0    ms
success		1       74      2       28      2       0       13581.52  32      109.0    ms
success		1       75      3       10      3       0       13346.19  31      109.0    ms
success		1       76      3       2       3       0       12658.53  30      125.0    ms
success		1       77      6       25      3       0       13338.32  29      125.0    ms
success		1       78      5       18      5       0       12091.64  28      125.0    ms
success		1       79      4       10      4       0       11482.82  27      125.0    ms
success		1       80      10      15      5       0       12287.89  26      140.0    ms
success		1       81      4       10      4       0       11162.36  25      140.0    ms
success		1       82      38      1       4       0       11200.79  24      234.0    ms
success		1       83      39      11      5       0       10408.24  23      296.0    ms
success		1       84      12      14      5       0       10079.22  22      312.0    ms
success		1       85      77      12      3       0       9965.07   21      468.0    ms
success		1       86      14      19      6       0       8523.47   20      483.0    ms
success		1       87      124     4       5       0       8633.80   19      749.0    ms
success		1       0       1       53      1       0       34326.25  106     2246.0   ms
success		1       1       1       68      1       0       34097.43  105     2246.0   ms
success		1       2       1       31      1       0       33786.44  104     2246.0   ms
success		1       3       1       39      1       0       33613.93  103     2246.0   ms
success		1       4       1       57      1       0       33334.96  102     2246.0   ms
success		1       5       1       44      1       0       33113.20  101     2262.0   ms
success		1       6       1       3       1       0       32937.16  100     2262.0   ms
success		1       7       1       70      1       0       32841.05  99      2262.0   ms
success		1       8       1       74      1       0       32443.25  98      2262.0   ms
success		1       9       1       74      1       0       32196.98  97      2262.0   ms
success		1       10      2       29      2       0       31660.33  96      2262.0   ms
success		1       11      1       93      1       0       31515.26  95      2262.0   ms
success		1       12      1       47      1       0       30963.07  94      2262.0   ms
success		1       13      1       1       1       0       30816.01  93      2262.0   ms
success		1       14      2       41      2       0       30681.89  92      2262.0   ms
success		1       15      1       14      1       0       30445.75  91      2262.0   ms
success		1       16      1       76      1       0       30028.26  90      2262.0   ms
success		1       17      1       57      1       0       29883.60  89      2262.0   ms
success		1       18      2       69      2       0       29758.06  88      2262.0   ms
success		1       19      1       72      1       0       29606.70  87      2262.0   ms
success		1       20      1       14      1       0       29229.61  86      2262.0   ms
success		1       21      1       24      1       0       29124.20  85      2262.0   ms
success		1       22      1       37      1       0       28650.57  84      2262.0   ms
success		1       23      1       57      1       0       28382.83  83      2262.0   ms
success		1       24      1       67      1       0       27859.93  82      2262.0   ms
success		1       25      1       79      1       0       27741.16  81      2262.0   ms
success		1       26      2       67      2       0       27586.84  80      2262.0   ms
success		1       27      3       56      3       0       26879.57  79      2262.0   ms
success		1       28      1       69      1       0       26653.28  78      2262.0   ms
success		1       29      1       71      1       0       26297.51  77      2262.0   ms
success		1       30      1       7       1       0       26087.44  76      2262.0   ms
success		1       31      1       32      1       0       25841.33  75      2262.0   ms
success		1       32      1       56      1       0       25352.54  74      2262.0   ms
success		1       33      1       15      1       0       25093.85  73      2262.0   ms
success		1       34      2       19      2       0       24745.03  72      2262.0   ms
success		1       35      2       13      2       0       24382.42  71      2262.0   ms
success		1       36      2       66      2       0       23677.86  70      2262.0   ms
success		1       37      2       52      2       0       23485.40  69      2262.0   ms
success		1       38      1       21      1       0       23095.82  68      2262.0   ms
success		1       39      3       31      3       0       22843.71  67      2262.0   ms
success		1       40      1       57      1       0       22551.02  66      2262.0   ms
success		1       41      3       29      3       0       22513.73  65      2262.0   ms
success		1       42      1       24      1       0       21931.43  64      2262.0   ms
success		1       43      1       13      1       0       21489.30  63      2262.0   ms
success		1       44      2       51      2       0       21519.17  62      2262.0   ms
success		1       45      3       48      3       0       21294.83  61      2262.0   ms
success		1       46      1       23      1       0       20851.89  60      2262.0   ms
success		1       47      3       24      3       0       20382.54  59      2262.0   ms
success		1       48      3       37      3       0       19971.37  58      2262.0   ms
success		1       49      3       46      3       0       19505.00  57      2262.0   ms
success		1       50      2       44      2       0       19450.76  56      2262.0   ms
success		1       51      2       28      2       0       18880.02  55      2262.0   ms
success		1       52      2       49      2       0       18466.25  54      2262.0   ms
success		1       53      2       18      2       0       18381.81  53      2262.0   ms
success		1       54      3       2       3       0       18190.21  52      2262.0   ms
success		1       55      1       0       1       0       17604.43  51      2262.0   ms
success		1       56      2       36      2       0       17403.81  50      2262.0   ms
success		1       57      3       21      3       0       17206.70  49      2262.0   ms
success		1       58      2       3       2       0       17164.42  48      2262.0   ms
success		1       59      4       31      4       0       16719.18  47      2262.0   ms
success		1       60      1       0       1       0       16370.20  46      2262.0   ms
success		1       61      4       14      4       0       16107.42  45      2262.0   ms
success		1       62      5       13      3       0       16777.08  42      2262.0   ms
success		1       63      4       33      4       0       16124.06  41      2262.0   ms
success		1       64      3       24      3       0       15423.72  40      2262.0   ms
success		1       65      2       13      2       0       15062.15  39      2262.0   ms
success		1       66      3       11      3       0       14825.45  38      2262.0   ms
success		1       67      2       15      2       0       14442.15  37      2262.0   ms
success		1       68      4       31      4       0       14149.71  36      2262.0   ms
success		1       69      3       23      3       0       13459.12  35      2262.0   ms
success		1       70      7       16      4       0       14934.57  33      2262.0   ms
success		1       71      3       8       3       0       14593.28  32      2262.0   ms
success		1       72      3       15      3       0       14035.82  31      2262.0   ms
success		1       73      3       3       2       0       13738.93  30      2262.0   ms
success		1       74      9       29      4       0       12353.50  28      2277.0   ms
success		1       75      8       7       4       0       12636.33  27      2277.0   ms
success		1       76      6       15      3       0       11713.80  26      2277.0   ms
success		1       77      13      8       4       0       11621.54  25      2293.0   ms
success		1       78      12      11      5       0       10476.98  24      2293.0   ms
success		1       79      11      23      2       0       10657.12  23      2293.0   ms
success		1       80      62      15      4       0       9415.85   22      2387.0   ms
success		1       81      55      15      5       0       9609.44   21      2465.0   ms
success		1       82      64      8       4       0       9059.63   20      2558.0   ms
success		1       83      14      4       5       0       8662.43   19      2574.0   ms
success		1       0       1       15      1       0       34406.33  106     3931.0   ms
success		1       1       1       90      1       0       33847.72  105     3931.0   ms
success		1       2       1       2       1       0       33371.71  104     3931.0   ms
success		1       3       1       51      1       0       33201.86  103     3931.0   ms
success		1       4       1       27      1       0       32954.63  102     3931.0   ms
success		1       5       1       65      1       0       32774.73  101     3931.0   ms
success		1       6       1       99      1       0       32579.78  100     3931.0   ms
success		1       7       1       55      1       0       32179.36  99      3931.0   ms
success		1       8       1       4       1       0       32011.38  98      3931.0   ms
success		1       9       1       7       1       0       31803.54  97      3931.0   ms
success		1       10      1       21      1       0       31599.88  96      3931.0   ms
success		1       11      1       67      1       0       31461.95  95      3931.0   ms
success		1       12      1       84      1       0       31346.31  94      3931.0   ms
success		1       13      1       15      1       0       31111.12  93      3931.0   ms
success		1       14      1       78      1       0       30674.11  92      3931.0   ms
success		1       15      1       81      1       0       30480.32  91      3931.0   ms
success		1       16      1       13      1       0       30158.57  90      3931.0   ms
success		1       17      1       49      1       0       29867.57  89      3931.0   ms
success		1       18      1       9       1       0       29463.63  88      3931.0   ms
success		1       19      1       32      1       0       29123.83  87      3931.0   ms
success		1       20      1       82      1       0       28755.03  86      3931.0   ms
success		1       21      1       28      1       0       28411.87  85      3931.0   ms
success		1       22      1       25      1       0       28137.61  84      3931.0   ms
success		1       23      1       79      1       0       27704.60  83      3931.0   ms
success		1       24      3       48      3       0       27525.99  82      3931.0   ms
success		1       25      2       17      2       0       27241.11  81      3931.0   ms
success		1       26      1       40      1       0       26935.54  80      3931.0   ms
success		1       27      1       62      1       0       26643.20  79      3931.0   ms
success		1       28      1       69      1       0       26216.15  78      3931.0   ms
success		1       29      1       67      1       0       25636.13  77      3931.0   ms
success		1       30      2       20      2       0       25504.12  76      3931.0   ms
success		1       31      1       71      1       0       25198.28  75      3931.0   ms
success		1       32      1       49      1       0       25053.62  74      3931.0   ms
success		1       33      1       36      1       0       24652.18  73      3947.0   ms
success		1       34      1       63      1       0       24217.91  72      3947.0   ms
success		1       35      1       42      1       0       23915.09  71      3947.0   ms
success		1       36      1       14      1       0       23679.37  70      3947.0   ms
success		1       37      2       48      2       0       23399.48  69      3947.0   ms
success		1       38      2       1       2       0       23291.21  68      3947.0   ms
success		1       39      1       47      1       0       22753.80  67      3947.0   ms
success		1       40      2       11      2       0       22289.23  66      3947.0   ms
success		1       41      1       26      1       0       21850.93  65      3947.0   ms
success		1       42      3       26      3       0       21520.29  64      3947.0   ms
success		1       43      1       53      1       0       21272.24  63      3947.0   ms
success		1       44      1       10      1       0       20925.81  62      3947.0   ms
success		1       45      2       28      2       0       20712.87  61      3947.0   ms
success		1       46      3       13      3       0       20695.19  60      3947.0   ms
success		1       47      2       45      2       0       20328.94  59      3947.0   ms
success		1       48      1       41      1       0       20253.99  58      3947.0   ms
success		1       49      2       47      2       0       20187.42  57      3947.0   ms
success		1       50      1       35      1       0       19935.64  56      3947.0   ms
success		1       51      1       19      1       0       19401.74  55      3947.0   ms
success		1       52      3       53      3       0       18536.44  54      3947.0   ms
success		1       53      3       24      3       0       18515.29  53      3947.0   ms
success		1       54      3       32      3       0       18597.26  52      3947.0   ms
success		1       55      1       26      1       0       18058.76  51      3947.0   ms
success		1       56      2       24      2       0       17727.84  50      3947.0   ms
success		1       57      3       12      3       0       17106.76  49      3947.0   ms
success		1       58      2       25      2       0       16788.84  48      3947.0   ms
success		1       59      1       18      1       0       16322.85  47      3947.0   ms
success		1       60      3       26      3       0       16349.64  46      3947.0   ms
success		1       61      2       14      2       0       16162.75  45      3947.0   ms
success		1       62      2       24      2       0       15965.69  44      3947.0   ms
success		1       63      1       21      1       0       15809.10  43      3947.0   ms
success		1       64      3       7       3       0       15544.71  42      3947.0   ms
success		1       65      2       10      2       0       15168.94  41      3947.0   ms
success		1       66      2       13      2       0       14926.79  40      3947.0   ms
success		1       67      3       2       3       0       14616.06  39      3947.0   ms
success		1       68      2       16      2       0       14314.73  38      3947.0   ms
success		1       69      2       37      2       0       14072.17  37      3947.0   ms
success		1       70      3       10      3       0       13674.85  36      3947.0   ms
success		1       71      5       25      3       0       13687.08  33      3947.0   ms
success		1       72      2       15      2       0       12751.56  32      3947.0   ms
success		1       73      4       21      4       0       12246.35  31      3947.0   ms
success		1       74      4       4       2       0       13356.57  30      3947.0   ms
success		1       75      3       0       3       0       13118.75  29      3947.0   ms
success		1       76      8       20      6       0       12171.93  28      3947.0   ms
success		1       77      15      7       5       0       11821.86  26      3962.0   ms
success		1       78      5       22      3       0       10763.59  25      3962.0   ms
success		1       79      11      15      5       0       10395.36  24      3962.0   ms
success		1       80      58      7       4       0       10629.31  23      4056.0   ms
success		1       81      5       11      4       0       9626.07   22      4056.0   ms
success		1       82      39      16      3       0       9915.95   21      4103.0   ms
success		1       83      106     19      4       0       9098.88   20      4290.0   ms
success		1       84      175     17      5       0       8651.70   19      4617.0   ms
success		1       85      27      0       4       0       8224.92   18      4649.0   ms
success		1       0       1       20      1       0       34196.01  106     6287.0   ms
success		1       1       1       71      1       0       33906.86  105     6287.0   ms
success		1       2       1       100     1       0       33350.73  104     6287.0   ms
success		1       3       1       26      1       0       33142.76  103     6287.0   ms
success		1       4       1       78      1       0       32680.90  102     6287.0   ms
success		1       5       1       93      1       0       32546.42  101     6287.0   ms
success		1       6       1       56      1       0       32371.36  100     6287.0   ms
success		1       7       1       94      1       0       32180.77  99      6287.0   ms
success		1       8       1       61      1       0       31772.75  98      6287.0   ms
success		1       9       1       87      1       0       31201.70  97      6287.0   ms
success		1       10      1       28      1       0       30951.23  96      6287.0   ms
success		1       11      1       51      1       0       30729.45  95      6287.0   ms
success		1       12      1       43      1       0       30577.76  94      6287.0   ms
success		1       13      1       1       1       0       30394.61  93      6287.0   ms
success		1       14      1       21      1       0       30101.80  92      6287.0   ms
success		1       15      1       41      1       0       29795.10  91      6287.0   ms
success		1       16      1       89      1       0       29390.51  90      6287.0   ms
success		1       17      1       55      1       0       29080.55  89      6287.0   ms
success		1       18      1       11      1       0       28694.98  88      6287.0   ms
success		1       19      1       3       1       0       28372.86  87      6287.0   ms
success		1       20      1       78      1       0       28000.82  86      6287.0   ms
success		1       21      1       71      1       0       27645.18  85      6287.0   ms
success		1       22      1       77      1       0       27406.48  84      6287.0   ms
success		1       23      1       9       1       0       26858.29  83      6287.0   ms
success		1       24      1       0       1       0       26684.77  82      6287.0   ms
success		1       25      1       32      1       0       26572.82  81      6287.0   ms
success		1       26      2       69      2       0       26490.22  80      6287.0   ms
success		1       27      2       66      2       0       26031.50  79      6287.0   ms
success		1       28      1       52      1       0       25766.28  78      6287.0   ms
success		1       29      2       21      2       0       25766.58  77      6287.0   ms
success		1       30      2       42      2       0       25460.48  76      6287.0   ms
success		1       31      1       46      1       0       25058.97  75      6287.0   ms
success		1       32      1       1       1       0       24746.15  74      6287.0   ms
success		1       33      1       44      1       0       24441.87  73      6287.0   ms
success		1       34      1       60      1       0       24158.51  72      6287.0   ms
success		1       35      1       0       1       0       23742.41  71      6287.0   ms
success		1       36      1       41      1       0       23278.94  70      6287.0   ms
success		1       37      1       57      1       0       23130.42  69      6287.0   ms
success		1       38      2       7       2       0       22797.07  68      6287.0   ms
success		1       39      1       50      1       0       22267.23  67      6287.0   ms
success		1       40      2       60      2       0       21930.95  66      6287.0   ms
success		1       41      1       53      1       0       21793.27  65      6287.0   ms
success		1       42      3       19      3       0       21872.98  64      6287.0   ms
success		1       43      2       40      2       0       21176.96  63      6287.0   ms
success		1       44      2       22      2       0       20941.46  62      6287.0   ms
success		1       45      1       46      1       0       20790.14  61      6287.0   ms
success		1       46      3       54      3       0       20584.91  60      6287.0   ms
success		1       47      1       45      1       0       20433.65  59      6287.0   ms
success		1       48      3       5       3       0       19995.15  58      6287.0   ms
success		1       49      1       41      1       0       19926.67  57      6287.0   ms
success		1       50      3       43      3       0       19680.28  56      6287.0   ms
success		1       51      1       15      1       0       19482.20  55      6287.0   ms
success		1       52      4       42      4       0       19351.48  54      6287.0   ms
success		1       53      1       43      1       0       18967.66  53      6287.0   ms
success		1       54      1       48      1       0       18476.70  52      6287.0   ms
success		1       55      4       28      4       0       18466.14  51      6287.0   ms
success		1       56      2       19      2       0       18019.77  50      6287.0   ms
success		1       57      3       40      3       0       17557.54  49      6287.0   ms
success		1       58      3       17      3       0       17157.70  48      6287.0   ms
success		1       59      3       14      3       0       16990.98  47      6287.0   ms
success		1       60      2       26      2       0       16660.54  46      6287.0   ms
success		1       61      4       19      4       0       16409.78  45      6287.0   ms
success		1       62      3       27      3       0       16111.11  44      6287.0   ms
success		1       63      3       1       3       0       15667.29  43      6287.0   ms
success		1       64      3       40      3       0       15501.59  42      6287.0   ms
success		1       65      3       11      3       0       15039.58  41      6287.0   ms
success		1       66      3       22      3       0       14764.58  40      6287.0   ms
success		1       67      2       31      2       0       14503.90  39      6287.0   ms
success		1       68      4       20      4       0       14142.93  38      6287.0   ms
success		1       69      2       1       2       0       13992.39  37      6287.0   ms
success		1       70      2       24      2       0       13592.58  36      6287.0   ms
success		1       71      6       15      4       0       15004.79  34      6287.0   ms
success		1       72      5       22      2       0       14784.14  33      6302.0   ms
success		1       73      6       27      6       0       14258.08  32      6302.0   ms
success		1       74      4       20      4       0       13558.72  31      6302.0   ms
success		1       75      2       5       2       0       13020.37  30      6302.0   ms
success		1       76      7       18      2       0       14000.95  29      6302.0   ms
success		1       77      7       19      3       0       12394.52  28      6302.0   ms
success		1       78      8       0       3       0       12634.84  27      6302.0   ms
success		1       79      7       25      4       0       12576.95  26      6318.0   ms
success		1       80      6       9       4       0       11259.47  25      6318.0   ms
success		1       81      14      15      5       0       11079.60  24      6318.0   ms
success		1       82      12      11      4       0       10121.42  23      6318.0   ms
success		1       83      20      19      4       0       10400.06  22      6333.0   ms
success		1       84      78      4       4       0       9585.75   21      6474.0   ms
success		1       85      56      1       4       0       9024.12   20      6552.0   ms
success		1       86      151     0       5       0       8814.74   19      6833.0   ms
success		1       0       1       48      1       0       34497.31  106     8034.0   ms
success		1       1       1       97      1       0       34313.95  105     8034.0   ms
success		1       2       1       42      1       0       33911.81  104     8034.0   ms
success		1       3       1       86      1       0       33573.96  103     8034.0   ms
success		1       4       1       32      1       0       33297.31  102     8034.0   ms
success		1       5       1       33      1       0       32826.53  101     8034.0   ms
success		1       6       2       50      2       0       32388.89  100     8034.0   ms
success		1       7       1       81      1       0       31933.45  99      8034.0   ms
success		1       8       1       34      1       0       31766.51  98      8034.0   ms
success		1       9       1       84      1       0       31336.43  97      8034.0   ms
success		1       10      2       7       2       0       30998.04  96      8034.0   ms
success		1       11      1       71      1       0       30908.04  95      8034.0   ms
success		1       12      1       52      1       0       30444.57  94      8034.0   ms
success		1       13      1       24      1       0       30264.55  93      8034.0   ms
success		1       14      1       51      1       0       29881.02  92      8034.0   ms
success		1       15      1       54      1       0       29515.32  91      8034.0   ms
success		1       16      1       3       1       0       29395.99  90      8034.0   ms
success		1       17      1       53      1       0       29179.21  89      8034.0   ms
success		1       18      1       0       1       0       28778.22  88      8034.0   ms
success		1       19      1       80      1       0       28554.89  87      8034.0   ms
success		1       20      1       10      1       0       28327.16  86      8034.0   ms
success		1       21      3       9       3       0       27914.90  85      8034.0   ms
success		1       22      2       50      2       0       27765.95  84      8034.0   ms
success		1       23      2       10      2       0       27352.61  83      8034.0   ms
success		1       24      2       54      2       0       27269.95  82      8034.0   ms
success		1       25      1       6       1       0       26636.25  81      8049.0   ms
success		1       26      2       16      2       0       26407.01  80      8049.0   ms
success		1       27      2       34      2       0       26097.95  79      8049.0   ms
success		1       28      1       0       1       0       25939.60  78      8049.0   ms
success		1       29      2       3       2       0       25686.33  77      8049.0   ms
success		1       30      1       58      1       0       25389.07  76      8049.0   ms
success		1       31      2       64      2       0       25127.18  75      8049.0   ms
success		1       32      2       18      2       0       24983.98  74      8049.0   ms
success		1       33      1       45      1       0       24347.00  73      8049.0   ms
success		1       34      1       22      1       0       23939.46  72      8049.0   ms
success		1       35      2       44      2       0       23930.04  71      8049.0   ms
success		1       36      1       56      1       0       23724.24  70      8049.0   ms
success		1       37      2       18      2       0       23451.14  69      8049.0   ms
success		1       38      1       30      1       0       23066.85  68      8049.0   ms
success		1       39      1       53      1       0       22899.17  67      8049.0   ms
success		1       40      1       55      1       0       22346.87  66      8049.0   ms
success		1       41      2       48      2       0       22132.00  65      8049.0   ms
success		1       42      1       57      1       0       21658.52  64      8049.0   ms
success		1       43      2       44      2       0       21632.18  63      8049.0   ms
success		1       44      1       17      1       0       21481.69  62      8049.0   ms
success		1       45      2       26      2       0       21106.71  61      8049.0   ms
success		1       46      3       57      3       0       20670.08  60      8049.0   ms
success		1       47      1       13      1       0       20321.12  59      8049.0   ms
success		1       48      1       50      1       0       19807.55  58      8049.0   ms
success		1       49      1       21      1       0       19301.58  57      8049.0   ms
success		1       50      1       1       1       0       19095.85  56      8049.0   ms
success		1       51      3       5       3       0       18838.53  55      8049.0   ms
success		1       52      1       45      1       0       18535.32  54      8049.0   ms
success		1       53      3       18      3       0       17954.27  53      8049.0   ms
success		1       54      1       33      1       0       17725.60  52      8049.0   ms
success		1       55      2       36      2       0       17568.77  51      8049.0   ms
success		1       56      2       17      2       0       17286.19  50      8049.0   ms
success		1       57      4       30      4       0       17095.97  49      8049.0   ms
success		1       58      4       45      4       0       16598.56  48      8049.0   ms
success		1       59      2       39      2       0       16543.27  47      8049.0   ms
success		1       60      1       12      1       0       16414.82  46      8049.0   ms
success		1       61      2       24      2       0       15828.12  45      8049.0   ms
success		1       62      2       43      2       0       15537.77  44      8049.0   ms
success		1       63      1       36      1       0       15354.64  43      8049.0   ms
success		1       64      2       4       2       0       15048.62  42      8049.0   ms
success		1       65      3       29      3       0       14918.22  41      8049.0   ms
success		1       66      2       12      2       0       14508.35  40      8049.0   ms
success		1       67      2       5       2       0       14287.88  39      8049.0   ms
success		1       68      3       1       3       0       14030.75  38      8049.0   ms
success		1       69      3       12      3       0       13963.73  37      8049.0   ms
success		1       70      3       2       3       0       13653.29  36      8049.0   ms
success		1       71      3       6       3       0       13276.29  35      8049.0   ms
success		1       72      3       15      3       0       13048.03  34      8049.0   ms
success		1       73      6       24      4       0       14342.43  33      8049.0   ms
success		1       74      5       17      5       0       13878.37  32      8049.0   ms
success		1       75      1       0       1       0       13484.09  31      8049.0   ms
success		1       76      4       14      2       0       12528.16  30      8049.0   ms
success		1       77      4       16      4       0       12292.96  29      8049.0   ms
success		1       78      7       0       5       0       12820.56  28      8049.0   ms
success		1       79      6       26      4       0       12492.37  27      8049.0   ms
success		1       80      5       13      3       0       11517.58  26      8049.0   ms
success		1       81      10      11      2       0       11238.72  25      8065.0   ms
success		1       82      21      14      5       0       10355.66  24      8081.0   ms
success		1       83      20      18      4       0       10303.28  23      8096.0   ms
success		1       84      12      20      6       0       9792.76   22      8096.0   ms
success		1       85      57      20      4       0       9765.25   21      8174.0   ms
success		1       86      193     11      5       0       9048.22   20      8502.0   ms
success		1       87      183     7       4       0       8372.72   19      8845.0   ms
success		1       0       1       4       1       0       34467.16  106     10265.0  ms
success		1       1       1       47      1       0       34345.92  105     10265.0  ms
success		1       2       1       81      1       0       34243.92  104     10265.0  ms
success		1       3       1       82      1       0       34115.52  103     10265.0  ms
success		1       4       1       49      1       0       33829.81  102     10265.0  ms
success		1       5       1       19      1       0       33407.25  101     10265.0  ms
success		1       6       1       47      1       0       33244.83  100     10265.0  ms
success		1       7       1       88      1       0       32833.39  99      10265.0  ms
success		1       8       1       2       1       0       32364.67  98      10265.0  ms
success		1       9       1       42      1       0       31862.98  97      10265.0  ms
success		1       10      2       53      2       0       31809.59  96      10265.0  ms
success		1       11      1       84      1       0       31548.29  95      10265.0  ms
success		1       12      1       65      1       0       31319.00  94      10265.0  ms
success		1       13      1       89      1       0       30876.49  93      10265.0  ms
success		1       14      1       86      1       0       30680.58  92      10265.0  ms
success		1       15      1       77      1       0       30447.63  91      10265.0  ms
success		1       16      1       17      1       0       30165.44  90      10265.0  ms
success		1       17      1       23      1       0       30066.30  89      10265.0  ms
success		1       18      1       15      1       0       29955.54  88      10265.0  ms
success		1       19      1       26      1       0       29677.28  87      10265.0  ms
success		1       20      1       73      1       0       29492.60  86      10265.0  ms
success		1       21      1       76      1       0       29034.77  85      10265.0  ms
success		1       22      1       80      1       0       28564.17  84      10265.0  ms
success		1       23      1       44      1       0       28370.74  83      10265.0  ms
success		1       24      1       81      1       0       27959.11  82      10265.0  ms
success		1       25      1       30      1       0       27861.55  81      10265.0  ms
success		1       26      1       41      1       0       27711.58  80      10265.0  ms
success		1       27      2       55      2       0       27483.97  79      10265.0  ms
success		1       28      1       13      1       0       27090.97  78      10265.0  ms
success		1       29      2       17      2       0       26560.53  77      10265.0  ms
success		1       30      1       36      1       0       26450.76  76      10265.0  ms
success		1       31      2       61      2       0       26111.84  75      10265.0  ms
success		1       32      1       43      1       0       25926.55  74      10265.0  ms
success		1       33      1       28      1       0       25469.43  73      10265.0  ms
success		1       34      2       70      2       0       25025.85  72      10265.0  ms
success		1       35      2       46      2       0       24627.48  71      10265.0  ms
success		1       36      1       63      1       0       24271.19  70      10265.0  ms
success		1       37      2       68      2       0       24230.94  69      10280.0  ms
success		1       38      2       54      2       0       24070.47  68      10280.0  ms
success		1       39      1       58      1       0       23758.30  67      10280.0  ms
success		1       40      3       51      3       0       23562.26  66      10280.0  ms
success		1       41      1       3       1       0       23079.40  65      10280.0  ms
success		1       42      1       34      1       0       22739.06  64      10280.0  ms
success		1       43      1       5       1       0       22217.36  63      10280.0  ms
success		1       44      1       2       1       0       21841.95  62      10280.0  ms
success		1       45      1       34      1       0       21577.76  61      10280.0  ms
success		1       46      1       12      1       0       21119.48  60      10280.0  ms
success		1       47      3       22      3       0       20576.83  59      10280.0  ms
success		1       48      3       43      3       0       20176.14  58      10280.0  ms
success		1       49      3       21      3       0       19842.83  57      10280.0  ms
success		1       50      2       42      2       0       19615.67  56      10280.0  ms
success		1       51      2       28      2       0       19379.09  55      10280.0  ms
success		1       52      2       31      2       0       18987.01  54      10280.0  ms
success		1       53      2       41      2       0       18863.45  53      10280.0  ms
success		1       54      1       1       1       0       18716.33  52      10280.0  ms
success		1       55      2       46      2       0       18533.60  51      10280.0  ms
success		1       56      3       32      3       0       18362.32  50      10280.0  ms
success		1       57      3       45      3       0       17783.71  49      10280.0  ms
success		1       58      1       18      1       0       17679.07  48      10280.0  ms
success		1       59      2       14      2       0       17194.50  47      10280.0  ms
success		1       60      2       6       2       0       16996.54  46      10280.0  ms
success		1       61      3       27      3       0       16691.06  45      10280.0  ms
success		1       62      3       39      2       0       17591.05  40      10280.0  ms
success		1       63      2       9       2       0       17163.85  39      10280.0  ms
success		1       64      3       33      3       0       16753.02  38      10280.0  ms
success		1       65      3       33      3       0       16197.02  37      10280.0  ms
success		1       66      3       8       3       0       15833.33  36      10280.0  ms
success		1       67      4       9       4       0       15135.56  35      10280.0  ms
success		1       68      2       33      2       0       14367.14  34      10280.0  ms
success		1       69      2       22      2       0       13810.85  33      10280.0  ms
success		1       70      4       11      4       0       13536.63  32      10280.0  ms
success		1       71      4       24      2       0       12964.94  29      10280.0  ms
success		1       72      6       22      6       0       12316.51  28      10280.0  ms
success		1       73      5       2       4       0       12444.05  27      10280.0  ms
success		1       74      6       3       6       0       11620.43  26      10280.0  ms
success		1       75      8       20      3       0       11224.05  25      10296.0  ms
success		1       76      9       9       3       0       11349.05  24      10296.0  ms
success		1       77      8       9       4       0       10754.07  23      10296.0  ms
success		1       78      30      1       6       0       10141.62  22      10327.0  ms
success		1       79      29      2       5       0       9897.49   21      10374.0  ms
success		1       80      45      16      6       0       9417.18   20      10452.0  ms
success		1       81      89      15      4       0       8590.14   19      10592.0  ms
cross iterater0
ab
ab6	1
fail		6601.81   8518.92   18      13306.0  ms
success		6795.68   8511.68   18      14227.0  ms
cross iterater1
bad   	success		6601.14   8723.28   19      14242.0  ms cross
rand   	success		6880.02   8061.11   18      15288.0  ms cross
bad   	success		7611.86   8519.98   19      15288.0  ms cross
rand   	success		6887.81   7894.14   18      15787.0  ms cross
ab
ab6	5
success		7084.50   8184.62   18      16504.0  ms
fail		6795.68   8452.08   18      18002.0  ms
cross iterater2
bad   	success		7000.30   8317.41   19      18220.0  ms cross
rand   	success		6701.33   8217.60   18      19266.0  ms cross
bad   	success		6673.79   8122.11   18      19266.0  ms cross
rand   	ab
ab7	3
ab6	2
fail		7138.16   8523.02   18      22354.0  ms
fail		7084.50   8309.14   18      23774.0  ms
cross iterater3
ab
ab7	0
fail		6880.02   8339.56   18      25209.0  ms
cross iterater4
bad   	success		6817.09   8272.98   18      25209.0  ms cross
rand   	bad   	success		6773.11   8389.38   18      27424.0  ms cross
rand   	ab
ab6	3
ab7	5
fail		7011.99   8539.56   18      30404.0  ms
fail		7084.50   8309.14   18      31979.0  ms
fail		6673.79   8225.12   18      33664.0  ms
cross iterater5
ab
ab7	0
cross iterater6
bad   	success		7082.59   8102.51   18      35162.0  ms cross
rand   	bad   	rand   	success		6836.48   7801.23   18      38828.0  ms cross
ab
ab6	4
ab7	2
cross iterater7
bad   	rand   	bad   	rand   	ab
ab6	4
ab7	5
fail		6694.85   8338.08   18      46768.0  ms
cross iterater8
bad   	rand   	bad   	success		6776.38   8387.35   18      50309.0  ms cross
rand   	ab
ab6	4
ab7	5
fail		6945.84   8362.15   18      53476.0  ms
cross iterater9
bad   	success		6770.88   8371.60   18      53507.0  ms cross
rand   	bad   	success		6805.98   8117.27   18      55551.0  ms cross
rand   	ab
ab7	0
ab6	3
fail		6735.55   8511.49   18      58593.0  ms
cross iterater10
bad   	rand   	success		6743.11   8042.86   18      61026.0  ms cross
bad   	success		6956.88   8414.61   18      61619.0  ms cross
rand   	ab
ab6	3
ab7	2
fail		6706.15   8317.23   18      64599.0  ms
cross iterater11
ab
ab7	2
fail		6672.63   8410.36   18      66205.0  ms
cross iterater12
bad   	rand   	bad   	rand   	success		7059.25   7843.49   18      71837.0  ms cross
ab
ab7	2
cross iterater13
ab
ab7	0
fail		6698.75   8425.74   18      73381.0  ms
fail		6667.55   8469.41   18      74972.0  ms
fail		6986.42   8437.04   18      76330.0  ms
fail		7059.25   8269.04   18      77734.0  ms
cross iterater14
bad   	rand   	success		6962.46   8345.17   18      79777.0  ms cross
bad   	success		6718.54   8065.50   18      80089.0  ms cross
rand   	ab
ab6	1
cross iterater15
bad   	success		7156.85   7783.10   18      81618.0  ms cross
rand   	bad   	rand   	success		6672.33   8099.81   18      84254.0  ms cross
ab
ab6	4
ab7	0
fail		6698.75   8425.74   18      85955.0  ms
fail		6672.33   8228.50   18      87515.0  ms
fail		6677.61   8585.17   18      89059.0  ms
cross iterater16
bad   	rand   	success		7216.40   8241.75   18      90479.0  ms cross
bad   	success		6719.99   8051.63   18      90479.0  ms cross
rand   	ab
ab7	2
fail		6962.46   8487.98   18      93489.0  ms
cross iterater17
bad   	success		6880.83   8299.44   18      94223.0  ms cross
rand   	bad   	success		6315.88   8293.64   18      95736.0  ms cross
rand   	ab
ab7	3
ab6	4
cross iterater18
bad   	success		6735.15   8374.40   18      97452.0  ms cross
rand   	bad   	rand   	success		6795.65   8069.10   18      100353.0 ms cross
ab
ab7	5
ab6	3
fail		6579.83   8302.54   18      102210.0 ms
cross iterater19
ab
ab6	1
fail		6814.21   8314.92   18      103879.0 ms
fail		6795.65   8138.32   18      105283.0 ms
fail		6734.54   8312.07   18      106609.0 ms
cross iterater20
bad   	success		6311.56   7996.94   18      106609.0 ms cross
rand   	bad   	success		6718.42   7812.10   18      108216.0 ms cross
rand   	ab
ab7	0
cross iterater21
bad   	success		6408.49   8138.04   18      109682.0 ms cross
rand   	bad   	rand   	success		6775.51   8251.83   18      113332.0 ms cross
ab
ab6	3
ab7	5
fail		6796.79   8264.36   18      114986.0 ms
cross iterater22
bad   	rand   	bad   	success		6696.80   8072.84   18      117997.0 ms cross
rand   	ab
ab6	4
fail		6775.51   8554.08   18      121288.0 ms
cross iterater23
bad   	rand   	bad   	rand   	ab
ab6	3
ab7	2
fail		6743.61   8050.10   18      128558.0 ms
fail		6696.80   8102.37   18      130149.0 ms
cross iterater24
ab
ab6	2
fail		6743.61   8050.10   18      131647.0 ms
cross iterater25
bad   	success		6706.57   8014.52   18      131647.0 ms cross
rand   	bad   	success		6560.01   7962.12   18      133129.0 ms cross
rand   	ab
ab6	1
cross iterater26
bad   	success		6911.35   8427.94   18      135375.0 ms cross
rand   	bad   	success		6893.19   8178.04   18      137231.0 ms cross
rand   	ab
ab6	2
ab7	0
cross iterater27
bad   	success		6729.62   8008.59   18      138869.0 ms cross
rand   	bad   	rand   	ab
ab6	1
fail		6803.53   8244.58   18      144922.0 ms
cross iterater28
ab
ab6	2
fail		7140.85   8409.22   18      146544.0 ms
fail		6729.62   8029.09   18      147824.0 ms
fail		6560.01   8105.08   18      149321.0 ms
cross iterater29
bad   	success		6971.25   7876.81   18      150803.0 ms cross
rand   	bad   	rand   	ab
ab6	3
ab7	1
fail		7218.87   8574.98   18      157511.0 ms
fail		6933.99   8346.21   18      159461.0 ms
fail		6729.62   8029.09   18      161005.0 ms
cross iterater30
bad   	success		6587.18   7740.15   18      161037.0 ms cross
rand   	bad   	rand   	ab
ab6	0
fail		7003.20   8288.76   18      166512.0 ms
cross iterater31
bad   	rand   	bad   	success		6857.19   8181.50   18      169601.0 ms cross
rand   	ab
ab7	3
fail		6943.82   8367.14   18      172627.0 ms
fail		7046.46   8540.41   18      174281.0 ms
fail		6560.01   8105.08   18      175810.0 ms
cross iterater32
bad   	success		6826.15   8244.23   18      175810.0 ms cross
rand   	bad   	success		6681.01   8182.51   18      177401.0 ms cross
rand   	ab
ab7	4
ab6	2
fail		6992.21   8401.44   18      180505.0 ms
fail		6943.82   8367.14   18      182018.0 ms
cross iterater33
ab
ab6	5
fail		7057.95   8322.14   18      183812.0 ms
cross iterater34
bad   	success		6798.21   7942.63   18      183812.0 ms cross
rand   	bad   	success		6839.27   8314.34   18      185871.0 ms cross
rand   	ab
ab6	4
cross iterater35
ab
ab6	1
fail		6924.22   8486.57   18      188820.0 ms
cross iterater36
bad   	success		6874.26   8395.95   18      188820.0 ms cross
rand   	bad   	success		6807.61   8483.92   18      190208.0 ms cross
rand   	ab
ab7	0
fail		6874.26   8413.86   18      193094.0 ms
fail		6698.39   8330.78   18      194576.0 ms
cross iterater37
bad   	success		6774.14   8186.12   18      194576.0 ms cross
rand   	bad   	success		6991.36   8214.83   18      196994.0 ms cross
rand   	ab
ab6	0
ab7	3
cross iterater38
bad   	success		6816.52   8355.12   18      199802.0 ms cross
rand   	bad   	success		6653.88   8243.32   18      201128.0 ms cross
rand   	ab
ab6	2
fail		6653.88   8337.61   18      204030.0 ms
cross iterater39
ab
ab7	3
fail		6698.39   8330.78   18      205418.0 ms
cross iterater40
bad   	success		6649.62   7900.59   18      205902.0 ms cross
rand   	bad   	success		6766.13   8450.66   18      207384.0 ms cross
rand   	ab
ab7	5
fail		6681.89   8315.16   18      210192.0 ms
cross iterater41
ab
ab7	4
ab6	2
fail		6649.62   8237.56   18      211658.0 ms
fail		6549.58   8424.64   18      213202.0 ms
cross iterater42
bad   	success		6503.47   7819.22   18      213202.0 ms cross
rand   	bad   	success		6536.26   8226.43   18      214684.0 ms cross
rand   	ab
ab7	3
ab6	5
cross iterater43
bad   	success		6877.60   8105.44   18      216353.0 ms cross
rand   	bad   	success		7023.08   8552.45   18      217991.0 ms cross
rand   	ab
ab7	0
ab6	4
fail		6425.03   8292.87   18      221205.0 ms
fail		6536.26   8294.88   18      222625.0 ms
fail		6660.64   8161.16   18      224107.0 ms
cross iterater44
bad   	rand   	bad   	success		6536.26   8284.12   18      227164.0 ms cross
rand   	ab
ab6	4
ab7	5
fail		6605.49   8309.46   18      229925.0 ms
fail		6425.03   8292.87   18      231470.0 ms
cross iterater45
bad   	success		7012.94   8398.32   18      231470.0 ms cross
rand   	bad   	rand   	ab
ab6	1
ab7	5
fail		6933.11   8507.35   18      237132.0 ms
cross iterater46
bad   	success		7015.47   7970.95   18      237148.0 ms cross
rand   	bad   	success		6292.80   7894.43   18      238646.0 ms cross
rand   	ab
ab6	4
ab7	5
success		6503.91   8038.81   17      241173.0 ms
cross iterater47
bad   	success		6341.59   8175.76   18      241173.0 ms cross
rand   	bad   	success		6514.37   8224.49   18      242655.0 ms cross
rand   	ab
ab6	2
cross iterater48
ab
ab6	5
cross iterater49
bad   	success		6560.41   8141.88   18      244168.0 ms cross
rand   	bad   	rand   	ab
ab6	0
cross iterater50
bad   	rand   	bad   	success		6883.58   7982.26   18      251703.0 ms cross
rand   	ab
ab6	3
ab7	4
fail		6509.90   8133.64   18      254776.0 ms
fail		6360.96   8228.47   18      256414.0 ms
fail		6673.12   8451.19   18      257849.0 ms
cross iterater51
ab
ab6	4
cross iterater52
ab
ab6	1
fail		6509.90   8133.64   18      259425.0 ms
cross iterater53
bad   	success		6582.68   8311.87   18      259425.0 ms cross
rand   	bad   	success		6607.73   7979.65   18      261109.0 ms cross
rand   	ab
ab6	3
ab7	0
cross iterater54
bad   	success		6525.31   8304.50   18      262685.0 ms cross
rand   	bad   	success		6818.00   8582.98   18      264151.0 ms cross
rand   	ab
ab6	0
ab7	1
fail		6482.64   8203.42   18      266912.0 ms
cross iterater55
ab
ab7	0
fail		6600.10   8323.31   18      268457.0 ms
fail		6607.73   8002.57   18      269986.0 ms
fail		6341.59   8195.32   18      271546.0 ms
cross iterater56
ab
ab7	0
fail		6749.40   8059.57   18      273028.0 ms
cross iterater57
bad   	success		6592.95   7944.48   18      273028.0 ms cross
rand   	bad   	success		6893.17   7795.25   18      275321.0 ms cross
rand   	ab
ab7	2
ab6	5
fail		6776.94   8378.14   18      278300.0 ms
cross iterater58
bad   	success		6642.39   8285.25   18      278300.0 ms cross
rand   	bad   	success		6739.24   8169.50   18      279704.0 ms cross
rand   	ab
ab7	1
ab6	0
fail		6615.55   8580.25   18      282637.0 ms
cross iterater59
bad   	success		6781.92   8389.62   18      282637.0 ms cross
rand   	bad   	success		6726.93   8062.58   18      284088.0 ms cross
rand   	ab
ab6	1
fail		6942.06   8494.49   18      287130.0 ms
cross iterater60
bad   	success		6997.73   8460.35   18      287925.0 ms cross
rand   	bad   	success		6798.01   8123.03   18      289470.0 ms cross
rand   	ab
ab7	0
fail		6726.93   8062.66   18      292512.0 ms
fail		6592.95   7994.87   18      294072.0 ms
cross iterater61
bad   	rand   	bad   	success		6695.73   8171.25   18      297270.0 ms cross
rand   	ab
ab6	1
ab7	3
fail		6930.67   8594.74   18      300436.0 ms
cross iterater62
bad   	success		6562.96   7916.81   18      300436.0 ms cross
rand   	bad   	success		6716.78   8480.08   18      301950.0 ms cross
rand   	ab
ab7	0
fail		6716.78   8578.82   18      305272.0 ms
cross iterater63
ab
ab6	1
cross iterater64
bad   	rand   	bad   	success		7044.44   8039.38   18      308517.0 ms cross
rand   	ab
ab6	1
ab7	3
fail		6765.08   8436.92   18      311762.0 ms
fail		6562.96   7927.90   18      313353.0 ms
cross iterater65
bad   	success		6637.93   7902.50   18      313353.0 ms cross
rand   	bad   	success		6869.29   8408.17   18      314882.0 ms cross
rand   	ab
ab7	0
fail		6651.43   8304.57   18      317877.0 ms
cross iterater66
bad   	rand   	bad   	rand   	ab
ab6	3
fail		6761.11   8267.47   18      325006.0 ms
success		6732.01   7750.73   17      326176.0 ms
cross iterater67
bad   	success		6643.26   8222.24   18      326192.0 ms cross
rand   	bad   	success		6746.63   8093.52   18      327767.0 ms cross
rand   	ab
ab6	3
fail		6746.63   8126.77   18      330856.0 ms
fail		6832.27   8639.81   18      332494.0 ms
fail		6637.93   7997.50   18      333945.0 ms
cross iterater68
bad   	success		6636.37   8697.75   18      334070.0 ms cross
rand   	bad   	rand   	ab
ab6	3
ab7	1
fail		6979.72   8579.16   18      339997.0 ms
fail		6790.94   8491.43   18      341511.0 ms
cross iterater69
bad   	rand   	bad   	success		6955.35   8411.80   18      344459.0 ms cross
rand   	ab
ab7	0
fail		6792.18   8481.37   18      347423.0 ms
cross iterater70
ab
ab6	5
ab7	3
fail		6783.03   8249.85   18      348921.0 ms
cross iterater71
bad   	success		6597.00   8012.85   18      349451.0 ms cross
rand   	bad   	rand   	ab
ab6	5
fail		6677.86   8307.46   18      355691.0 ms
cross iterater72
bad   	success		6843.43   8346.97   18      355691.0 ms cross
rand   	bad   	success		6905.33   8215.92   18      357079.0 ms cross
rand   	ab
ab7	5
ab6	1
fail		6677.86   8307.46   18      359981.0 ms
cross iterater73
bad   	success		6849.66   8021.56   18      359996.0 ms cross
rand   	bad   	rand   	ab
ab6	3
ab7	5
fail		6499.85   8078.11   18      366049.0 ms
cross iterater74
bad   	rand   	bad   	rand   	ab
ab6	3
fail		6733.07   8280.47   18      372461.0 ms
cross iterater75
bad   	success		6779.02   8375.67   18      372461.0 ms cross
rand   	bad   	rand   	ab
ab7	3
ab6	5
fail		6578.31   8330.90   18      376345.0 ms
fail		6778.78   8537.44   18      377312.0 ms
cross iterater76
bad   	success		6480.71   7942.09   18      377312.0 ms cross
rand   	bad   	success		6993.91   7919.29   18      378233.0 ms cross
rand   	ab
ab6	1
fail		6578.31   8330.90   18      380105.0 ms
cross iterater77
bad   	success		6379.05   7958.38   18      380105.0 ms cross
rand   	bad   	success		6497.34   7934.34   18      381103.0 ms cross
rand   	ab
fail		6379.05   7975.33   18      383162.0 ms
cross iterater78
bad   	success		6580.40   7868.72   18      383178.0 ms cross
rand   	bad   	success		6597.31   8076.07   18      384114.0 ms cross
rand   	ab
ab7	0
fail		6597.31   8166.01   18      386001.0 ms
cross iterater79
bad   	success		6186.55   7655.76   18      386157.0 ms cross
rand   	bad   	success		6337.72   8096.77   18      387078.0 ms cross
rand   	ab
ab6	1
ab7	5
fail		6202.36   7917.48   18      389059.0 ms
fail		6746.63   8126.77   18      390026.0 ms
fail		6663.94   8226.97   18      390978.0 ms
cross iterater80
bad   	success		6663.74   8273.41   18      390978.0 ms cross
rand   	bad   	success		6909.14   8142.45   18      392101.0 ms cross
rand   	ab
ab6	5
ab7	0
fail		6604.06   8339.62   18      393879.0 ms
fail		6746.63   8126.77   18      394862.0 ms
cross iterater81
bad   	success		6967.55   8341.71   18      395330.0 ms cross
rand   	bad   	success		6950.82   8187.81   18      396718.0 ms cross
rand   	ab
ab6	2
ab7	0
cross iterater82
bad   	success		6583.92   8216.32   18      398091.0 ms cross
rand   	bad   	success		6579.93   7862.84   18      399027.0 ms cross
rand   	ab
ab6	3
fail		6644.80   8304.24   18      400821.0 ms
fail		6641.46   8262.45   18      401788.0 ms
cross iterater83
bad   	success		6543.66   8046.80   18      401804.0 ms cross
rand   	bad   	rand   	ab
ab7	4
ab6	1
fail		6579.93   8091.75   18      405704.0 ms
cross iterater84
bad   	success		6510.46   8046.54   18      405704.0 ms cross
rand   	bad   	rand   	ab
ab6	1
ab7	3
cross iterater85
bad   	success		6562.54   8181.82   18      408449.0 ms cross
rand   	bad   	rand   	ab
ab6	1
cross iterater86
bad   	success		6545.18   8214.61   18      411476.0 ms cross
rand   	bad   	success		6679.72   8100.92   18      412427.0 ms cross
rand   	ab
ab6	3
ab7	4
fail		6510.46   8193.97   18      414455.0 ms
cross iterater87
bad   	success		6210.35   7879.78   18      414455.0 ms cross
rand   	bad   	success		6509.61   8205.92   18      415313.0 ms cross
rand   	ab
ab7	1
fail		6584.24   8091.75   18      417201.0 ms
cross iterater88
bad   	success		7023.56   8320.57   18      417419.0 ms cross
rand   	bad   	success		6522.69   8098.39   18      418230.0 ms cross
rand   	ab
ab7	2
fail		6210.35   7927.55   18      419946.0 ms
cross iterater89
bad   	rand   	bad   	success		6737.82   8081.28   18      421959.0 ms cross
rand   	success		6567.74   7729.02   17      422396.0 ms cross
ab
ab7	0
fail		6522.69   8137.33   18      423378.0 ms
cross iterater90
ab
fail		6567.74   7906.19   17      424392.0 ms
cross iterater91
bad   	rand   	bad   	rand   	success		6834.66   8197.15   18      427216.0 ms cross
ab
ab6	1
ab7	2
cross iterater92
ab
fail		6776.84   8293.16   18      428121.0 ms
fail		6628.73   8259.79   18      428963.0 ms
cross iterater93
bad   	rand   	bad   	success		7049.35   8464.93   18      431225.0 ms cross
rand   	ab
ab7	3
ab6	0
fail		6776.84   8293.16   18      432957.0 ms
fail		6846.00   8343.49   18      433830.0 ms
fail		6628.73   8259.79   18      434782.0 ms
cross iterater94
bad   	rand   	bad   	success		6518.09   8116.26   18      436576.0 ms cross
rand   	ab
ab6	1
cross iterater95
bad   	success		6564.48   8266.46   18      437512.0 ms cross
rand   	bad   	success		6623.07   8223.80   18      438526.0 ms cross
rand   	ab
ab6	0
fail		6765.38   8347.42   18      440367.0 ms
fail		6207.54   7931.45   18      441287.0 ms
cross iterater96
bad   	success		6778.08   8340.31   18      441287.0 ms cross
rand   	bad   	rand   	ab
ab6	1
ab7	2
cross iterater97
bad   	rand   	bad   	rand   	ab
ab6	0
fail		6711.66   8221.89   18      448744.0 ms
cross iterater98
bad   	success		7169.52   8409.04   18      448853.0 ms cross
rand   	bad   	success		6843.00   8306.22   18      449695.0 ms cross
rand   	ab
ab7	0
ab6	2
cross iterater99
bad   	rand   	bad   	success		6925.65   8330.69   18      452378.0 ms cross
rand   	ab
ab6	3
ab7	2
fail		6342.00   8012.70   18      454282.0 ms

R.size:17

1		157	199	93	135	49	195	109	28	180	116	9	80	91	61	
2		106	85	94	12	213	19	95	178	22	82	47	191	58	114	
3		73	196	57	35	76	84	138	159	32	74	83	45	
4		67	41	166	141	89	125	23	174	37	24	205	75	
5		15	153	54	202	193	175	39	29	43	129	70	72	211	110	
6		168	115	171	187	170	111	77	127	
7		87	139	92	122	16	162	165	185	169	81	101	154	119	105	
8		145	60	143	207	48	176	134	103	78	148	56	7	
9		20	104	203	136	6	177	96	65	208	164	
10		146	2	8	38	99	181	17	204	200	97	198	108	
11		46	36	5	131	206	64	79	147	209	167	150	27	
12		120	51	26	123	21	69	124	212	113	126	156	172	210	1	52	201	90	173	
13		155	63	3	137	68	66	130	160	25	182	14	117	107	197	
14		4	188	184	71	186	151	33	144	179	190	
15		149	18	158	112	163	59	152	118	88	183	189	102	194	100	
16		132	55	44	86	133	31	192	53	161	42	50	11	
17		140	128	30	34	98	62	214	142	121	40	10	13	

data1/pdp200/LR1_2_6.txt
total_cost 6503.907180

