success		1       0       1       47      1       0       68315.02  100     0.0      ms
success		1       1       1       20      1       0       68079.25  99      16.0     ms
success		1       2       1       32      1       0       68059.89  98      16.0     ms
success		1       3       1       2       1       0       68176.70  97      16.0     ms
success		1       4       1       73      1       0       68216.95  96      16.0     ms
success		1       5       1       10      1       0       68391.76  95      16.0     ms
success		1       6       1       67      1       0       68525.21  94      16.0     ms
success		1       7       1       76      1       0       67369.57  93      16.0     ms
success		1       8       1       59      1       0       67171.39  92      16.0     ms
success		1       9       1       60      1       0       66945.24  91      16.0     ms
success		1       10      3       39      3       0       67033.16  90      16.0     ms
success		1       11      1       44      1       0       66771.12  89      16.0     ms
success		1       12      1       20      1       0       66118.57  88      16.0     ms
success		1       13      2       23      2       0       66609.88  87      16.0     ms
success		1       14      1       16      1       0       65596.66  86      16.0     ms
success		1       15      1       30      1       0       65692.20  85      16.0     ms
success		1       16      2       74      2       0       65127.37  84      16.0     ms
success		1       17      2       63      2       0       65871.64  83      16.0     ms
success		1       18      1       72      1       0       65833.62  82      16.0     ms
success		1       19      1       19      1       0       65809.06  81      16.0     ms
success		1       20      1       52      1       0       65804.21  80      16.0     ms
success		1       21      1       20      1       0       64957.83  79      16.0     ms
success		1       22      1       67      1       0       65057.88  78      16.0     ms
success		1       23      1       2       1       0       64808.30  77      16.0     ms
success		1       24      1       21      1       0       64688.16  76      16.0     ms
success		1       25      1       15      1       0       64769.26  75      16.0     ms
success		1       26      3       73      3       0       64132.71  74      16.0     ms
success		1       27      1       43      1       0       64238.38  73      16.0     ms
success		1       28      3       25      3       0       64437.71  72      16.0     ms
success		1       29      1       30      1       0       63686.86  71      16.0     ms
success		1       30      1       51      1       0       62801.35  70      16.0     ms
success		1       31      2       53      2       0       62364.85  69      16.0     ms
success		1       32      1       25      1       0       62338.73  68      16.0     ms
success		1       33      1       16      1       0       62588.94  67      16.0     ms
success		1       34      1       25      1       0       62639.43  66      16.0     ms
success		1       35      2       43      2       0       63401.32  65      16.0     ms
success		1       36      2       29      2       0       63173.43  64      16.0     ms
success		1       37      1       43      1       0       62524.01  63      16.0     ms
success		1       38      3       44      3       0       62100.62  62      16.0     ms
success		1       39      2       7       2       0       61992.27  61      16.0     ms
success		1       40      2       3       2       0       61634.35  60      16.0     ms
success		1       41      2       29      2       0       61571.93  59      16.0     ms
success		1       42      1       33      1       0       61194.88  58      16.0     ms
success		1       43      2       25      2       0       61392.17  57      16.0     ms
success		1       44      1       17      1       0       60342.02  56      16.0     ms
success		1       45      3       13      3       0       59614.93  55      16.0     ms
success		1       46      1       34      1       0       58335.11  54      16.0     ms
success		1       47      1       11      1       0       58225.43  53      16.0     ms
success		1       48      3       8       3       0       57657.16  52      31.0     ms
success		1       49      3       11      3       0       56995.65  51      31.0     ms
success		1       50      4       21      4       0       55413.02  50      31.0     ms
success		1       51      2       35      2       0       54601.10  49      31.0     ms
success		1       52      2       21      2       0       53488.87  48      31.0     ms
success		1       53      1       40      1       0       53460.98  47      31.0     ms
success		1       54      1       4       1       0       52961.57  46      31.0     ms
success		1       55      3       24      3       0       52894.84  45      31.0     ms
success		1       56      1       14      1       0       51613.87  44      31.0     ms
success		1       57      2       11      2       0       51719.66  43      31.0     ms
success		1       58      2       5       2       0       50839.49  42      31.0     ms
success		1       59      3       12      3       0       50797.99  41      31.0     ms
success		1       60      1       19      1       0       50092.28  40      31.0     ms
success		1       61      1       5       1       0       50016.85  39      31.0     ms
success		1       62      1       14      1       0       48368.84  38      31.0     ms
success		1       63      3       21      3       0       48005.31  37      31.0     ms
success		1       64      2       21      2       0       47883.62  36      31.0     ms
success		1       65      2       35      2       0       46535.95  35      31.0     ms
success		1       66      1       5       1       0       45457.58  34      31.0     ms
success		1       67      5       27      5       0       45043.48  33      31.0     ms
success		1       68      2       19      2       0       44556.73  32      31.0     ms
success		1       69      7       24      7       0       43111.39  31      31.0     ms
success		1       70      3       29      3       0       42023.19  30      31.0     ms
success		1       71      3       11      3       0       41042.19  29      31.0     ms
success		1       72      5       5       5       0       40650.46  28      31.0     ms
success		1       73      4       27      4       0       39403.94  27      31.0     ms
success		1       74      2       5       2       0       38148.24  26      31.0     ms
success		1       75      1       14      1       0       37293.01  25      31.0     ms
success		1       76      4       3       4       0       36332.09  24      31.0     ms
success		1       77      1       12      1       0       35288.52  23      31.0     ms
success		1       78      9       17      9       0       34287.92  22      47.0     ms
success		1       79      4       0       4       0       32310.22  21      47.0     ms
success		1       80      6       18      6       0       30781.12  20      47.0     ms
success		1       81      8       19      8       0       29014.27  19      47.0     ms
success		1       82      6       6       6       0       27519.36  18      47.0     ms
success		1       83      2       3       2       0       26087.81  17      47.0     ms
success		1       84      11      16      11      0       24240.04  16      47.0     ms
success		1       85      8       1       8       0       23119.60  15      47.0     ms
success		1       86      9       4       9       0       21290.93  14      47.0     ms
success		1       87      5       6       5       0       20372.28  13      47.0     ms
success		1       88      11      12      11      0       19502.55  12      47.0     ms
success		1       89      6       3       6       0       18411.10  11      47.0     ms
success		1       90      9       1       8       0       18164.79  10      63.0     ms
success		1       91      11      6       11      0       16398.92  9       63.0     ms
success		1       92      13      7       10      0       15310.51  8       109.0    ms
success		1       93      21      3       11      0       13900.86  7       250.0    ms
success		1       94      27      1       18      0       11910.65  6       359.0    ms
success		1       95      700     3       16      0       10423.49  5       15304.0  ms
success		1       0       1       57      1       0       84021.25  100     76502.0  ms
success		1       1       1       31      1       0       82707.06  99      76502.0  ms
success		1       2       1       93      1       0       81071.40  98      76502.0  ms
success		1       3       1       28      1       0       80944.89  97      76502.0  ms
success		1       4       1       81      1       0       80350.32  96      76502.0  ms
success		1       5       1       21      1       0       80216.87  95      76502.0  ms
success		1       6       1       33      1       0       80047.99  94      76502.0  ms
success		1       7       1       52      1       0       79876.09  93      76502.0  ms
success		1       8       1       17      1       0       79785.60  92      76502.0  ms
success		1       9       1       65      1       0       79001.14  91      76502.0  ms
success		1       10      1       72      1       0       78143.91  90      76502.0  ms
success		1       11      1       60      1       0       76725.52  89      76502.0  ms
success		1       12      1       80      1       0       75596.28  88      76502.0  ms
success		1       13      1       50      1       0       75281.03  87      76502.0  ms
success		1       14      1       53      1       0       75011.74  86      76502.0  ms
success		1       15      1       73      1       0       74482.71  85      76502.0  ms
success		1       16      1       69      1       0       74337.83  84      76502.0  ms
success		1       17      1       28      1       0       74180.04  83      76502.0  ms
success		1       18      1       81      1       0       74028.66  82      76502.0  ms
success		1       19      2       40      2       0       73965.51  81      76502.0  ms
success		1       20      1       67      1       0       73516.46  80      76502.0  ms
success		1       21      1       66      1       0       73199.59  79      76502.0  ms
success		1       22      2       58      2       0       72951.97  78      76502.0  ms
success		1       23      1       62      1       0       72725.72  77      76502.0  ms
success		1       24      1       68      1       0       72309.40  76      76502.0  ms
success		1       25      3       13      3       0       71009.27  75      76502.0  ms
success		1       26      1       19      1       0       70994.94  74      76502.0  ms
success		1       27      1       29      1       0       71014.98  73      76502.0  ms
success		1       28      2       44      2       0       70109.04  72      76502.0  ms
success		1       29      2       4       2       0       70633.92  71      76502.0  ms
success		1       30      1       12      1       0       70004.14  70      76502.0  ms
success		1       31      2       52      2       0       69632.77  69      76502.0  ms
success		1       32      2       37      2       0       69456.58  68      76502.0  ms
success		1       33      1       29      1       0       69417.81  67      76502.0  ms
success		1       34      1       57      1       0       69103.71  66      76502.0  ms
success		1       35      1       9       1       0       68818.00  65      76502.0  ms
success		1       36      1       7       1       0       68569.77  64      76502.0  ms
success		1       37      3       59      3       0       68173.40  63      76502.0  ms
success		1       38      1       56      1       0       67425.88  62      76502.0  ms
success		1       39      3       44      3       0       67191.35  61      76502.0  ms
success		1       40      1       1       1       0       65566.16  60      76502.0  ms
success		1       41      2       34      2       0       65546.22  59      76502.0  ms
success		1       42      2       37      2       0       65055.77  58      76502.0  ms
success		1       43      1       11      1       0       64133.38  57      76502.0  ms
success		1       44      5       54      5       0       64515.51  56      76502.0  ms
success		1       45      1       55      1       0       62804.24  55      76517.0  ms
success		1       46      1       28      1       0       62610.11  54      76517.0  ms
success		1       47      1       26      1       0       61242.88  53      76517.0  ms
success		1       48      1       28      1       0       59762.74  52      76517.0  ms
success		1       49      2       20      2       0       58492.77  51      76517.0  ms
success		1       50      2       16      2       0       58267.39  50      76517.0  ms
success		1       51      1       29      1       0       57426.61  49      76517.0  ms
success		1       52      4       40      4       0       57518.60  48      76517.0  ms
success		1       53      3       24      3       0       57339.28  47      76517.0  ms
success		1       54      1       18      1       0       57256.69  46      76517.0  ms
success		1       55      3       4       3       0       56341.21  45      76517.0  ms
success		1       56      1       8       1       0       55397.92  44      76517.0  ms
success		1       57      3       8       3       0       54592.60  43      76517.0  ms
success		1       58      4       26      4       0       54037.61  42      76517.0  ms
success		1       59      3       31      3       0       52712.65  41      76517.0  ms
success		1       60      2       0       2       0       51410.84  40      76517.0  ms
success		1       61      2       17      2       0       50380.18  39      76517.0  ms
success		1       62      3       29      3       0       49434.54  38      76517.0  ms
success		1       63      1       3       1       0       48889.16  37      76517.0  ms
success		1       64      1       28      1       0       48548.84  36      76517.0  ms
success		1       65      2       26      2       0       48315.87  35      76517.0  ms
success		1       66      5       4       5       0       48020.16  34      76517.0  ms
success		1       67      4       22      4       0       46282.59  33      76517.0  ms
success		1       68      2       25      2       0       45578.71  32      76517.0  ms
success		1       69      2       8       2       0       45398.22  31      76517.0  ms
success		1       70      8       28      8       0       43920.40  30      76517.0  ms
success		1       71      2       18      2       0       42432.02  29      76517.0  ms
success		1       72      2       16      2       0       41230.87  28      76517.0  ms
success		1       73      4       27      4       0       40211.49  27      76517.0  ms
success		1       74      2       6       2       0       39910.44  26      76517.0  ms
success		1       75      6       21      6       0       38490.60  25      76517.0  ms
success		1       76      1       9       1       0       37011.99  24      76517.0  ms
success		1       77      2       2       2       0       36502.96  23      76517.0  ms
success		1       78      4       17      4       0       35460.50  22      76517.0  ms
success		1       79      6       0       6       0       34006.43  21      76517.0  ms
success		1       80      1       8       1       0       32583.73  20      76517.0  ms
success		1       81      8       6       8       0       30074.27  19      76517.0  ms
success		1       82      2       2       2       0       28474.18  18      76517.0  ms
success		1       83      8       7       8       0       27160.12  17      76517.0  ms
success		1       84      6       0       6       0       25815.38  16      76517.0  ms
success		1       85      8       6       8       0       23803.68  15      76517.0  ms
success		1       86      7       10      7       0       22610.83  14      76517.0  ms
success		1       87      4       2       4       0       20673.43  13      76517.0  ms
success		1       88      7       1       7       0       20053.07  12      76517.0  ms
success		1       89      11      1       11      0       18820.07  11      76517.0  ms
success		1       90      13      6       13      0       17085.78  10      76517.0  ms
success		1       91      6       6       6       0       16223.15  9       76517.0  ms
success		1       92      15      8       11      0       15757.26  8       76533.0  ms
success		1       93      22      1       13      0       13725.84  7       76595.0  ms
success		1       94      68      5       14      0       11794.34  6       77157.0  ms
success		1       95      325     3       15      0       10334.36  5       82773.0  ms
success		1       0       1       51      1       0       84497.72  100     163143.0 ms
success		1       1       1       10      1       0       84317.44  99      163143.0 ms
success		1       2       1       24      1       0       84108.86  98      163143.0 ms
success		1       3       1       34      1       0       83817.98  97      163143.0 ms
success		1       4       1       43      1       0       83538.12  96      163143.0 ms
success		1       5       1       83      1       0       83463.25  95      163143.0 ms
success		1       6       1       75      1       0       82893.07  94      163143.0 ms
success		1       7       1       25      1       0       82512.34  93      163143.0 ms
success		1       8       1       67      1       0       82351.23  92      163143.0 ms
success		1       9       1       86      1       0       82298.58  91      163143.0 ms
success		1       10      1       89      1       0       82032.13  90      163158.0 ms
success		1       11      1       6       1       0       81790.79  89      163158.0 ms
success		1       12      1       10      1       0       81569.40  88      163158.0 ms
success		1       13      1       34      1       0       81527.99  87      163158.0 ms
success		1       14      1       67      1       0       81352.40  86      163158.0 ms
success		1       15      2       78      2       0       81044.88  85      163158.0 ms
success		1       16      1       27      1       0       80887.10  84      163158.0 ms
success		1       17      1       69      1       0       80119.61  83      163158.0 ms
success		1       18      1       49      1       0       79847.67  82      163158.0 ms
success		1       19      2       76      2       0       79834.14  81      163158.0 ms
success		1       20      1       23      1       0       79920.76  80      163158.0 ms
success		1       21      1       62      1       0       79614.39  79      163158.0 ms
success		1       22      1       38      1       0       78257.31  78      163158.0 ms
success		1       23      2       9       2       0       77854.64  77      163158.0 ms
success		1       24      2       70      2       0       77819.81  76      163158.0 ms
success		1       25      1       23      1       0       77666.65  75      163158.0 ms
success		1       26      1       13      1       0       77586.38  74      163158.0 ms
success		1       27      3       46      3       0       76264.26  73      163158.0 ms
success		1       28      1       29      1       0       76098.30  72      163158.0 ms
success		1       29      2       19      2       0       75197.59  71      163158.0 ms
success		1       30      1       54      1       0       74430.85  70      163158.0 ms
success		1       31      1       64      1       0       74234.80  69      163158.0 ms
success		1       32      2       3       2       0       73935.19  68      163158.0 ms
success		1       33      1       21      1       0       73424.49  67      163158.0 ms
success		1       34      1       21      1       0       73306.83  66      163158.0 ms
success		1       35      1       36      1       0       72648.72  65      163158.0 ms
success		1       36      2       46      2       0       71597.57  64      163158.0 ms
success		1       37      1       24      1       0       70255.52  63      163158.0 ms
success		1       38      1       41      1       0       70076.52  62      163158.0 ms
success		1       39      1       50      1       0       68429.22  61      163158.0 ms
success		1       40      1       60      1       0       66773.75  60      163158.0 ms
success		1       41      1       15      1       0       66854.45  59      163158.0 ms
success		1       42      1       17      1       0       65243.85  58      163158.0 ms
success		1       43      1       26      1       0       63767.44  57      163158.0 ms
success		1       44      1       50      1       0       62268.53  56      163158.0 ms
success		1       45      2       39      2       0       60971.41  55      163158.0 ms
success		1       46      2       45      2       0       60396.65  54      163158.0 ms
success		1       47      1       34      1       0       60079.39  53      163158.0 ms
success		1       48      1       51      1       0       58885.45  52      163158.0 ms
success		1       49      1       13      1       0       57542.25  51      163158.0 ms
success		1       50      1       42      1       0       56389.43  50      163158.0 ms
success		1       51      1       28      1       0       56136.01  49      163158.0 ms
success		1       52      1       44      1       0       55482.72  48      163158.0 ms
success		1       53      5       2       5       0       55167.60  47      163158.0 ms
success		1       54      1       39      1       0       54741.89  46      163158.0 ms
success		1       55      1       9       1       0       53088.60  45      163158.0 ms
success		1       56      1       37      1       0       51773.90  44      163158.0 ms
success		1       57      2       29      2       0       51647.40  43      163158.0 ms
success		1       58      2       4       2       0       51157.82  42      163158.0 ms
success		1       59      1       27      1       0       50271.89  41      163158.0 ms
success		1       60      2       26      2       0       50237.23  40      163158.0 ms
success		1       61      2       25      2       0       49674.94  39      163158.0 ms
success		1       62      6       19      6       0       49518.40  38      163158.0 ms
success		1       63      2       13      2       0       49614.84  37      163158.0 ms
success		1       64      4       25      4       0       47692.91  36      163158.0 ms
success		1       65      6       34      6       0       46608.77  35      163158.0 ms
success		1       66      1       4       1       0       46407.83  34      163158.0 ms
success		1       67      4       30      4       0       45656.19  33      163158.0 ms
success		1       68      4       7       4       0       44227.84  32      163158.0 ms
success		1       69      2       16      2       0       43466.05  31      163158.0 ms
success		1       70      5       16      5       0       42717.83  30      163158.0 ms
success		1       71      9       24      9       0       41885.65  29      163158.0 ms
success		1       72      4       26      4       0       40583.40  28      163158.0 ms
success		1       73      6       5       6       0       38799.41  27      163158.0 ms
success		1       74      3       15      3       0       38389.75  26      163158.0 ms
success		1       75      4       0       4       0       36410.83  25      163158.0 ms
success		1       76      8       7       8       0       35593.83  24      163158.0 ms
success		1       77      5       5       5       0       34227.36  23      163158.0 ms
success		1       78      4       0       4       0       32856.23  22      163158.0 ms
success		1       79      3       12      3       0       32624.18  21      163158.0 ms
success		1       80      2       14      2       0       31353.36  20      163158.0 ms
success		1       81      2       2       2       0       29832.11  19      163158.0 ms
success		1       82      3       6       3       0       28674.91  18      163158.0 ms
success		1       83      6       1       6       0       27405.08  17      163158.0 ms
success		1       84      3       5       3       0       26032.32  16      163174.0 ms
success		1       85      6       13      6       0       24898.89  15      163174.0 ms
success		1       86      5       4       5       0       23508.51  14      163174.0 ms
success		1       87      7       10      7       0       22587.59  13      163174.0 ms
success		1       88      6       4       6       0       21063.20  12      163174.0 ms
success		1       89      6       6       6       0       19510.35  11      163174.0 ms
success		1       90      11      6       11      0       17808.18  10      163174.0 ms
success		1       91      14      3       8       0       16557.30  9       163190.0 ms
success		1       92      13      3       7       0       15374.09  8       163205.0 ms
success		1       93      15      6       11      0       12818.61  7       163252.0 ms
success		1       94      29      6       17      0       11798.94  6       163439.0 ms
success		1       95      225     2       14      0       10655.16  5       167183.0 ms
success		1       0       1       34      1       0       84548.78  100     225542.0 ms
success		1       1       1       81      1       0       83153.91  99      225542.0 ms
success		1       2       1       65      1       0       82788.19  98      225542.0 ms
success		1       3       1       47      1       0       81652.20  97      225542.0 ms
success		1       4       1       59      1       0       81321.40  96      225542.0 ms
success		1       5       1       94      1       0       81346.75  95      225542.0 ms
success		1       6       2       65      2       0       80930.01  94      225542.0 ms
success		1       7       2       28      2       0       80743.05  93      225542.0 ms
success		1       8       1       32      1       0       80268.72  92      225542.0 ms
success		1       9       1       46      1       0       79832.53  91      225542.0 ms
success		1       10      1       84      1       0       79644.73  90      225542.0 ms
success		1       11      1       69      1       0       79396.41  89      225542.0 ms
success		1       12      1       42      1       0       78773.45  88      225542.0 ms
success		1       13      1       53      1       0       78140.62  87      225542.0 ms
success		1       14      1       55      1       0       78122.69  86      225542.0 ms
success		1       15      1       33      1       0       77838.47  85      225542.0 ms
success		1       16      1       34      1       0       77641.46  84      225542.0 ms
success		1       17      1       60      1       0       77480.34  83      225542.0 ms
success		1       18      2       24      2       0       76183.27  82      225542.0 ms
success		1       19      1       62      1       0       75128.77  81      225542.0 ms
success		1       20      1       38      1       0       73674.97  80      225542.0 ms
success		1       21      1       71      1       0       73079.27  79      225542.0 ms
success		1       22      1       49      1       0       72680.08  78      225542.0 ms
success		1       23      2       69      2       0       71541.78  77      225542.0 ms
success		1       24      1       25      1       0       71163.57  76      225542.0 ms
success		1       25      1       19      1       0       70957.81  75      225542.0 ms
success		1       26      1       24      1       0       70873.19  74      225542.0 ms
success		1       27      1       3       1       0       70287.58  73      225542.0 ms
success		1       28      2       61      2       0       68565.24  72      225542.0 ms
success		1       29      2       5       2       0       68498.95  71      225542.0 ms
success		1       30      4       10      4       0       66804.21  70      225542.0 ms
success		1       31      1       14      1       0       66446.00  69      225542.0 ms
success		1       32      1       57      1       0       65270.91  68      225542.0 ms
success		1       33      4       28      4       0       65760.56  67      225542.0 ms
success		1       34      2       5       2       0       65424.27  66      225542.0 ms
success		1       35      1       45      1       0       64549.81  65      225542.0 ms
success		1       36      2       60      2       0       64460.54  64      225542.0 ms
success		1       37      3       15      3       0       64123.93  63      225542.0 ms
success		1       38      2       58      2       0       62627.91  62      225542.0 ms
success		1       39      1       30      1       0       61416.94  61      225542.0 ms
success		1       40      2       34      2       0       61854.00  60      225542.0 ms
success		1       41      1       23      1       0       61654.11  59      225542.0 ms
success		1       42      2       14      2       0       61522.79  58      225542.0 ms
success		1       43      1       45      1       0       61282.55  57      225542.0 ms
success		1       44      2       52      2       0       60397.81  56      225542.0 ms
success		1       45      1       40      1       0       60115.74  55      225542.0 ms
success		1       46      1       33      1       0       58725.45  54      225542.0 ms
success		1       47      2       33      2       0       58138.44  53      225542.0 ms
success		1       48      1       9       1       0       57849.67  52      225542.0 ms
success		1       49      4       36      4       0       58194.48  51      225542.0 ms
success		1       50      2       8       2       0       58954.76  50      225542.0 ms
success		1       51      2       32      2       0       58188.42  49      225542.0 ms
success		1       52      1       26      1       0       58121.55  48      225542.0 ms
success		1       53      1       5       1       0       57971.39  47      225542.0 ms
success		1       54      1       8       1       0       56549.70  46      225542.0 ms
success		1       55      5       23      5       0       54848.21  45      225542.0 ms
success		1       56      1       3       1       0       53452.77  44      225542.0 ms
success		1       57      1       17      1       0       53446.09  43      225542.0 ms
success		1       58      2       38      2       0       52606.64  42      225542.0 ms
success		1       59      3       3       3       0       51899.18  41      225542.0 ms
success		1       60      3       17      3       0       51454.89  40      225542.0 ms
success		1       61      3       30      3       0       50803.53  39      225542.0 ms
success		1       62      1       20      1       0       50071.06  38      225542.0 ms
success		1       63      1       28      1       0       49678.30  37      225542.0 ms
success		1       64      4       2       4       0       48277.87  36      225542.0 ms
success		1       65      3       8       3       0       46536.84  35      225542.0 ms
success		1       66      1       6       1       0       45090.01  34      225542.0 ms
success		1       67      2       5       2       0       44793.82  33      225542.0 ms
success		1       68      2       24      2       0       44020.33  32      225542.0 ms
success		1       69      1       4       1       0       42712.28  31      225542.0 ms
success		1       70      2       6       2       0       41327.91  30      225558.0 ms
success		1       71      2       23      2       0       41187.59  29      225558.0 ms
success		1       72      3       0       3       0       40060.18  28      225558.0 ms
success		1       73      1       12      1       0       39729.87  27      225558.0 ms
success		1       74      7       15      7       0       39835.77  26      225558.0 ms
success		1       75      2       16      2       0       39363.12  25      225558.0 ms
success		1       76      3       14      3       0       38169.29  24      225558.0 ms
success		1       77      4       9       4       0       36521.20  23      225558.0 ms
success		1       78      4       21      4       0       34963.23  22      225558.0 ms
success		1       79      4       9       4       0       33466.70  21      225558.0 ms
success		1       80      3       2       3       0       31381.21  20      225558.0 ms
success		1       81      6       18      6       0       30137.44  19      225558.0 ms
success		1       82      4       18      4       0       29225.62  18      225558.0 ms
success		1       83      5       2       5       0       27868.84  17      225558.0 ms
success		1       84      6       15      6       0       26516.21  16      225558.0 ms
success		1       85      8       15      8       0       24724.07  15      225558.0 ms
success		1       86      9       12      9       0       24110.09  14      225558.0 ms
success		1       87      5       8       5       0       22257.31  13      225558.0 ms
success		1       88      8       9       8       0       20637.37  12      225558.0 ms
success		1       89      6       0       6       0       18814.10  11      225558.0 ms
success		1       90      9       9       8       0       19530.99  10      225558.0 ms
success		1       91      11      3       11      0       17226.72  9       225558.0 ms
success		1       92      16      6       11      0       14630.66  8       225573.0 ms
success		1       93      27      1       12      0       13865.32  7       225682.0 ms
success		1       94      29      2       16      0       12217.35  6       225823.0 ms
success		1       95      494     3       16      0       10160.48  5       236633.0 ms
success		1       0       1       86      1       0       83928.11  100     313182.0 ms
success		1       1       1       92      1       0       83791.44  99      313182.0 ms
success		1       2       1       73      1       0       83426.28  98      313182.0 ms
success		1       3       1       31      1       0       83081.84  97      313182.0 ms
success		1       4       1       31      1       0       82421.04  96      313182.0 ms
success		1       5       1       2       1       0       82329.02  95      313182.0 ms
success		1       6       1       60      1       0       82032.43  94      313182.0 ms
success		1       7       2       42      2       0       82692.68  93      313182.0 ms
success		1       8       1       52      1       0       82134.08  92      313182.0 ms
success		1       9       1       54      1       0       81671.12  91      313182.0 ms
success		1       10      1       43      1       0       79963.95  90      313182.0 ms
success		1       11      1       52      1       0       79778.15  89      313182.0 ms
success		1       12      1       68      1       0       78883.14  88      313182.0 ms
success		1       13      1       36      1       0       78570.91  87      313182.0 ms
success		1       14      1       12      1       0       78257.23  86      313182.0 ms
success		1       15      1       24      1       0       77845.16  85      313182.0 ms
success		1       16      1       21      1       0       77605.52  84      313182.0 ms
success		1       17      1       14      1       0       77394.74  83      313182.0 ms
success		1       18      3       11      3       0       77680.60  82      313182.0 ms
success		1       19      1       38      1       0       76963.49  81      313182.0 ms
success		1       20      1       17      1       0       76840.49  80      313182.0 ms
success		1       21      1       70      1       0       76271.55  79      313182.0 ms
success		1       22      1       38      1       0       75941.84  78      313182.0 ms
success		1       23      1       12      1       0       75630.91  77      313182.0 ms
success		1       24      2       4       2       0       74981.78  76      313182.0 ms
success		1       25      1       66      1       0       74139.25  75      313182.0 ms
success		1       26      2       27      2       0       73615.14  74      313182.0 ms
success		1       27      3       7       3       0       71939.29  73      313182.0 ms
success		1       28      1       48      1       0       71688.82  72      313182.0 ms
success		1       29      1       41      1       0       71250.54  71      313182.0 ms
success		1       30      1       56      1       0       70542.80  70      313182.0 ms
success		1       31      1       68      1       0       70310.57  69      313182.0 ms
success		1       32      2       11      2       0       70029.27  68      313182.0 ms
success		1       33      1       18      1       0       69665.36  67      313182.0 ms
success		1       34      2       13      2       0       69159.49  66      313182.0 ms
success		1       35      2       43      2       0       69258.04  65      313182.0 ms
success		1       36      2       39      2       0       69077.55  64      313182.0 ms
success		1       37      1       5       1       0       68543.70  63      313182.0 ms
success		1       38      2       1       2       0       68391.35  62      313182.0 ms
success		1       39      1       53      1       0       68351.52  61      313182.0 ms
success		1       40      1       56      1       0       66829.77  60      313197.0 ms
success		1       41      1       38      1       0       66420.10  59      313197.0 ms
success		1       42      1       16      1       0       66089.93  58      313197.0 ms
success		1       43      2       20      2       0       65974.74  57      313197.0 ms
success		1       44      1       46      1       0       64424.37  56      313197.0 ms
success		1       45      1       7       1       0       63165.57  55      313197.0 ms
success		1       46      1       43      1       0       62408.07  54      313197.0 ms
success		1       47      1       39      1       0       62093.94  53      313197.0 ms
success		1       48      2       45      2       0       61953.03  52      313197.0 ms
success		1       49      1       26      1       0       61495.16  51      313197.0 ms
success		1       50      2       2       2       0       60341.29  50      313197.0 ms
success		1       51      3       8       3       0       60014.22  49      313197.0 ms
success		1       52      4       13      4       0       59233.83  48      313197.0 ms
success		1       53      3       41      3       0       58364.08  47      313197.0 ms
success		1       54      2       33      2       0       57246.68  46      313197.0 ms
success		1       55      2       14      2       0       56479.68  45      313197.0 ms
success		1       56      1       38      1       0       56608.68  44      313197.0 ms
success		1       57      1       10      1       0       55332.65  43      313197.0 ms
success		1       58      1       23      1       0       54230.62  42      313197.0 ms
success		1       59      4       17      4       0       53568.66  41      313197.0 ms
success		1       60      3       17      3       0       52744.69  40      313197.0 ms
success		1       61      2       34      2       0       51503.58  39      313197.0 ms
success		1       62      3       18      3       0       51385.56  38      313197.0 ms
success		1       63      2       20      2       0       49929.28  37      313197.0 ms
success		1       64      3       25      3       0       49484.10  36      313197.0 ms
success		1       65      3       2       3       0       48313.99  35      313197.0 ms
success		1       66      2       20      2       0       46801.75  34      313197.0 ms
success		1       67      3       2       3       0       45028.25  33      313197.0 ms
success		1       68      3       8       3       0       43913.96  32      313197.0 ms
success		1       69      2       8       2       0       43858.05  31      313197.0 ms
success		1       70      3       13      3       0       42622.45  30      313197.0 ms
success		1       71      2       24      2       0       41377.56  29      313197.0 ms
success		1       72      2       20      2       0       41336.91  28      313197.0 ms
success		1       73      4       22      4       0       39399.35  27      313197.0 ms
success		1       74      5       5       5       0       39050.01  26      313197.0 ms
success		1       75      5       14      5       0       37468.41  25      313197.0 ms
success		1       76      7       12      7       0       36960.47  24      313197.0 ms
success		1       77      4       17      4       0       35580.37  23      313197.0 ms
success		1       78      6       11      6       0       33515.59  22      313197.0 ms
success		1       79      4       17      4       0       32646.74  21      313197.0 ms
success		1       80      4       4       4       0       31296.41  20      313197.0 ms
success		1       81      5       10      5       0       29881.81  19      313197.0 ms
success		1       82      4       6       4       0       28847.85  18      313197.0 ms
success		1       83      5       2       5       0       28043.15  17      313197.0 ms
success		1       84      4       5       4       0       26755.20  16      313197.0 ms
success		1       85      6       8       6       0       25431.45  15      313197.0 ms
success		1       86      6       0       6       0       24358.30  14      313197.0 ms
success		1       87      6       9       6       0       23265.66  13      313197.0 ms
success		1       88      5       5       5       0       21137.43  12      313197.0 ms
success		1       89      8       1       8       0       19770.73  11      313197.0 ms
success		1       90      8       10      8       0       18100.00  10      313197.0 ms
success		1       91      12      8       11      0       16190.15  9       313213.0 ms
success		1       92      12      0       11      0       14844.93  8       313229.0 ms
success		1       93      18      6       12      0       13449.17  7       313291.0 ms
success		1       94      59      4       13      0       12654.15  6       313759.0 ms
success		1       95      295     2       14      0       9997.54   5       321216.0 ms
success		1       0       1       95      1       0       84687.51  100     380510.0 ms
success		1       1       1       25      1       0       84502.15  99      380510.0 ms
success		1       2       1       74      1       0       84386.48  98      380510.0 ms
success		1       3       1       78      1       0       84101.33  97      380510.0 ms
success		1       4       1       93      1       0       83829.42  96      380510.0 ms
success		1       5       1       34      1       0       82347.65  95      380510.0 ms
success		1       6       1       12      1       0       82074.86  94      380510.0 ms
success		1       7       1       5       1       0       81462.81  93      380510.0 ms
success		1       8       1       67      1       0       81128.19  92      380510.0 ms
success		1       9       1       56      1       0       80757.35  91      380510.0 ms
success		1       10      1       43      1       0       79575.01  90      380510.0 ms
success		1       11      1       58      1       0       79325.15  89      380510.0 ms
success		1       12      1       2       1       0       79218.95  88      380510.0 ms
success		1       13      1       6       1       0       79018.02  87      380510.0 ms
success		1       14      1       61      1       0       78150.24  86      380510.0 ms
success		1       15      2       70      2       0       78082.86  85      380510.0 ms
success		1       16      1       70      1       0       77016.23  84      380510.0 ms
success		1       17      2       81      2       0       76161.05  83      380510.0 ms
success		1       18      1       53      1       0       75605.70  82      380510.0 ms
success		1       19      2       32      2       0       75691.34  81      380510.0 ms
success		1       20      2       0       2       0       75651.99  80      380510.0 ms
success		1       21      1       26      1       0       75494.20  79      380510.0 ms
success		1       22      1       21      1       0       75090.33  78      380510.0 ms
success		1       23      2       26      2       0       73800.77  77      380510.0 ms
success		1       24      1       8       1       0       73359.65  76      380510.0 ms
success		1       25      1       26      1       0       73079.06  75      380510.0 ms
success		1       26      2       55      2       0       72683.02  74      380510.0 ms
success		1       27      1       31      1       0       71154.33  73      380510.0 ms
success		1       28      2       13      2       0       69960.69  72      380510.0 ms
success		1       29      1       35      1       0       69591.13  71      380510.0 ms
success		1       30      1       11      1       0       69379.93  70      380510.0 ms
success		1       31      3       18      3       0       68983.95  69      380510.0 ms
success		1       32      2       41      2       0       67521.90  68      380510.0 ms
success		1       33      1       30      1       0       66405.05  67      380510.0 ms
success		1       34      2       1       2       0       65794.27  66      380510.0 ms
success		1       35      1       34      1       0       64427.74  65      380510.0 ms
success		1       36      2       3       2       0       64637.84  64      380510.0 ms
success		1       37      1       61      1       0       64224.85  63      380510.0 ms
success		1       38      3       29      3       0       63846.51  62      380510.0 ms
success		1       39      4       24      4       0       64460.11  61      380510.0 ms
success		1       40      1       7       1       0       62568.17  60      380510.0 ms
success		1       41      1       26      1       0       61582.29  59      380510.0 ms
success		1       42      1       35      1       0       61173.71  58      380510.0 ms
success		1       43      2       53      2       0       60359.41  57      380510.0 ms
success		1       44      1       56      1       0       58703.95  56      380510.0 ms
success		1       45      1       31      1       0       58172.70  55      380510.0 ms
success		1       46      1       5       1       0       57764.38  54      380510.0 ms
success		1       47      4       34      4       0       58301.88  53      380510.0 ms
success		1       48      1       37      1       0       57683.68  52      380510.0 ms
success		1       49      2       23      2       0       57042.82  51      380510.0 ms
success		1       50      1       32      1       0       56913.24  50      380510.0 ms
success		1       51      2       31      2       0       56359.43  49      380510.0 ms
success		1       52      2       34      2       0       55275.18  48      380510.0 ms
success		1       53      1       8       1       0       54836.96  47      380510.0 ms
success		1       54      1       35      1       0       53272.14  46      380510.0 ms
success		1       55      2       37      2       0       51919.25  45      380526.0 ms
success		1       56      4       32      4       0       53000.19  44      380526.0 ms
success		1       57      1       40      1       0       52113.81  43      380526.0 ms
success		1       58      2       21      2       0       51784.14  42      380526.0 ms
success		1       59      3       18      3       0       50124.82  41      380526.0 ms
success		1       60      1       15      1       0       48895.19  40      380526.0 ms
success		1       61      2       22      2       0       47075.97  39      380526.0 ms
success		1       62      2       31      2       0       45721.36  38      380526.0 ms
success		1       63      2       11      2       0       45502.68  37      380526.0 ms
success		1       64      2       4       2       0       45234.67  36      380526.0 ms
success		1       65      1       27      1       0       45003.11  35      380526.0 ms
success		1       66      1       27      1       0       43975.86  34      380526.0 ms
success		1       67      4       5       4       0       42417.11  33      380526.0 ms
success		1       68      3       3       3       0       40799.20  32      380526.0 ms
success		1       69      2       31      2       0       39835.88  31      380526.0 ms
success		1       70      8       16      8       0       38489.93  30      380526.0 ms
success		1       71      3       17      3       0       37864.03  29      380526.0 ms
success		1       72      6       19      6       0       37221.31  28      380526.0 ms
success		1       73      7       8       7       0       36812.26  27      380526.0 ms
success		1       74      1       19      1       0       35477.38  26      380526.0 ms
success		1       75      7       9       7       0       35688.26  25      380526.0 ms
success		1       76      2       4       2       0       35017.38  24      380526.0 ms
success		1       77      2       13      2       0       34451.95  23      380526.0 ms
success		1       78      1       20      1       0       33587.55  22      380526.0 ms
success		1       79      7       0       7       0       32262.38  21      380526.0 ms
success		1       80      3       19      3       0       31189.60  20      380526.0 ms
success		1       81      8       9       8       0       30701.34  19      380526.0 ms
success		1       82      7       9       7       0       29673.70  18      380526.0 ms
success		1       83      9       3       9       0       28700.09  17      380526.0 ms
success		1       84      8       1       8       0       27717.73  16      380526.0 ms
success		1       85      6       15      6       0       26194.25  15      380526.0 ms
success		1       86      10      13      10      0       24676.67  14      380526.0 ms
success		1       87      8       9       8       0       22962.74  13      380526.0 ms
success		1       88      7       6       7       0       21784.61  12      380526.0 ms
success		1       89      12      2       12      0       19705.06  11      380526.0 ms
success		1       90      5       9       5       0       18166.87  10      380526.0 ms
success		1       91      14      0       14      0       15900.48  9       380526.0 ms
success		1       92      12      0       11      0       14992.76  8       380542.0 ms
success		1       93      15      0       10      0       13814.13  7       380573.0 ms
success		1       94      53      2       16      0       12044.97  6       381415.0 ms
success		1       95      104     0       17      0       10193.79  5       383194.0 ms
cross iterater0
bad   	success		8896.82   9932.97   5       441630.0 ms cross
rand   	bad   	success		9491.24   10479.09  5       501643.0 ms cross
rand   	ab
ab7	2
ab6	3
cross iterater1
bad   	success		9177.92   10326.21  5       596287.0 ms cross
rand   	bad   	success		8856.14   9854.70   5       669232.0 ms cross
rand   	ab
ab7	0
cross iterater2
ab
ab7	2
ab6	3
fail		8928.65   9983.26   5       819411.0 ms
fail		8896.82   10008.27  5       877536.0 ms
cross iterater3
ab
ab6	4
ab7	5
cross iterater4
ab
ab6	3
cross iterater5
bad   	success		9474.74   10342.14  5       903946.0 ms cross
rand   	bad   	success		9823.77   10135.95  5       971836.0 ms cross
rand   	ab
ab6	4
ab7	2
fail		9500.42   10467.84  5       1099989.0 ms
fail		9205.54   10093.24  5       1157568.0 ms
fail		8952.38   10106.14  5       1228828.0 ms
cross iterater6
ab
ab6	1
fail		9159.43   10431.62  5       1287545.0 ms
fail		9205.54   10093.24  5       1324798.0 ms
fail		8952.38   10106.14  5       1354734.0 ms
cross iterater7
ab
ab6	1
fail		8384.20   9794.79   5       1388819.0 ms
fail		9205.54   10093.24  5       1438707.0 ms
fail		8980.95   10002.08  5       1479641.0 ms
cross iterater8
ab
ab7	2
ab6	5
cross iterater9
bad   	success		8746.41   9937.47   5       1479657.0 ms cross
rand   	bad   	success		8990.55   9503.40   5       1551759.0 ms cross
rand   	ab
ab7	1
fail		9002.41   10043.04  5       1659476.0 ms
cross iterater10
bad   	success		9401.35   10300.38  5       1665560.0 ms cross
rand   	bad   	success		9075.07   9510.87   5       1728193.0 ms cross
rand   	ab
ab6	0
ab7	4
fail		8384.20   9794.79   5       1847609.0 ms
cross iterater11
bad   	success		8638.21   9718.19   5       1847625.0 ms cross
rand   	bad   	success		9189.12   10054.43  5       1887950.0 ms cross
rand   	ab
ab6	5
fail		9002.41   10043.04  5       2001002.0 ms
cross iterater12
bad   	success		8671.73   9831.91   5       2001018.0 ms cross
rand   	bad   	success		8649.64   9581.79   5       2106956.0 ms cross
rand   	ab
ab6	1
fail		8649.64   9795.48   5       2224360.0 ms
cross iterater13
bad   	success		9110.48   10041.95  5       2224376.0 ms cross
rand   	bad   	success		9227.84   10030.12  5       2309847.0 ms cross
rand   	ab
ab6	3
ab7	5
cross iterater14
ab
cross iterater15
ab
fail		9386.59   10283.47  5       2445721.0 ms
fail		8671.73   9973.45   5       2502130.0 ms
fail		8638.21   10033.29  5       2553344.0 ms
cross iterater16
bad   	success		9098.98   10195.13  5       2553656.0 ms cross
rand   	bad   	success		9512.85   10270.15  5       2600034.0 ms cross
rand   	ab
ab7	1
ab6	0
fail		8671.73   9973.45   5       2685880.0 ms
cross iterater17
bad   	success		9309.95   10050.38  5       2686130.0 ms cross
rand   	bad   	success		9266.20   10146.39  5       2731494.0 ms cross
rand   	ab
ab7	3
fail		9309.95   10241.76  5       2871565.0 ms
cross iterater18
bad   	success		9647.16   10359.08  5       2872734.0 ms cross
rand   	bad   	success		8613.13   9631.11   5       2931842.0 ms cross
rand   	ab
ab7	4
cross iterater19
bad   	success		9174.26   10024.00  5       2992057.0 ms cross
rand   	bad   	rand   	success		9045.32   9949.77   5       3058918.0 ms cross
ab
ab6	1
fail		9077.26   10282.03  5       3103596.0 ms
fail		8638.21   10033.29  5       3157337.0 ms
cross iterater20
bad   	success		9470.10   10195.62  5       3176463.0 ms cross
rand   	bad   	success		9605.39   10216.05  5       3237489.0 ms cross
rand   	ab
ab7	3
ab6	4
fail		8705.95   10212.01  5       3315394.0 ms
fail		9307.16   10455.53  5       3366827.0 ms
fail		8671.73   9973.45   5       3424047.0 ms
fail		9077.26   10282.03  5       3476525.0 ms
cross iterater21
bad   	success		9297.13   10289.38  5       3477118.0 ms cross
rand   	bad   	success		9546.31   10279.82  5       3535196.0 ms cross
rand   	ab
ab6	1
fail		9546.31   10355.11  5       3607345.0 ms
cross iterater22

R.size:5

1		41	92	143	119	61	139	152	91	125	103	71	122	27	200	146	197	38	70	87	190	158	138	96	67	187	173	7	193	109	112	1	51	77	60	49	56	
2		45	5	99	26	8	47	19	65	201	129	118	42	194	21	78	181	135	90	157	64	50	133	25	69	37	140	147	160	48	101	168	55	156	68	24	175	148	196	154	53	105	136	57	126	14	186	
3		23	80	132	116	199	95	114	6	40	167	102	162	32	159	172	178	124	176	130	198	17	84	189	93	166	28	110	20	10	142	113	169	128	13	183	86	83	153	
4		144	111	63	74	34	165	179	36	192	137	177	35	59	88	134	94	79	107	123	202	66	141	11	89	43	195	81	120	22	121	30	188	54	182	104	3	52	39	85	46	180	72	75	15	31	155	
5		164	163	174	4	62	131	100	149	117	115	184	151	171	18	150	44	191	170	29	9	16	161	58	73	98	82	106	108	76	2	127	145	185	33	97	12	

data1/pdp200/LR2_2_3.txt
total_cost 8613.125306

