success		1       0       1       57      1       0       11523.24  104     32.0     ms
success		1       1       1       55      1       0       11527.52  103     32.0     ms
success		1       2       1       19      1       0       11456.46  102     32.0     ms
success		1       3       1       80      1       0       11590.74  101     32.0     ms
success		1       4       1       8       1       0       11613.39  100     32.0     ms
success		1       5       1       3       1       0       11586.84  99      32.0     ms
success		1       6       1       89      1       0       11718.51  98      32.0     ms
success		1       7       1       40      1       0       11747.09  97      32.0     ms
success		1       8       1       45      1       0       11907.53  96      32.0     ms
success		1       9       1       36      1       0       11797.69  95      32.0     ms
success		1       10      1       75      1       0       11740.44  94      32.0     ms
success		1       11      1       13      1       0       11723.43  93      32.0     ms
success		1       12      1       19      1       0       11818.41  92      32.0     ms
success		1       13      1       28      1       0       12015.90  91      32.0     ms
success		1       14      1       70      1       0       11816.96  90      32.0     ms
success		1       15      1       22      1       0       11876.29  89      32.0     ms
success		1       16      1       85      1       0       11902.10  88      32.0     ms
success		1       17      1       85      1       0       11906.42  87      32.0     ms
success		1       18      1       75      1       0       11827.38  86      32.0     ms
success		1       19      1       24      1       0       11620.20  85      32.0     ms
success		1       20      1       36      1       0       11612.06  84      32.0     ms
success		1       21      1       80      1       0       11671.91  83      32.0     ms
success		1       22      1       48      1       0       11710.87  82      32.0     ms
success		1       23      1       23      1       0       11749.79  81      32.0     ms
success		1       24      1       24      1       0       11698.57  80      32.0     ms
success		1       25      1       42      1       0       11524.46  79      32.0     ms
success		1       26      1       64      1       0       11598.18  78      32.0     ms
success		1       27      2       50      2       0       11693.22  77      32.0     ms
success		1       28      1       50      1       0       11560.49  76      32.0     ms
success		1       29      1       48      1       0       11416.66  75      32.0     ms
success		1       30      2       74      2       0       11244.48  74      32.0     ms
success		1       31      1       29      1       0       11202.04  73      32.0     ms
success		1       32      2       49      2       0       11263.68  72      32.0     ms
success		1       33      1       68      1       0       11275.63  71      32.0     ms
success		1       34      1       30      1       0       10891.88  70      32.0     ms
success		1       35      1       21      1       0       11022.74  69      32.0     ms
success		1       36      1       30      1       0       10915.08  68      32.0     ms
success		1       37      2       12      2       0       10802.30  67      32.0     ms
success		1       38      3       9       3       0       10812.98  66      32.0     ms
success		1       39      1       54      1       0       10770.80  65      32.0     ms
success		1       40      1       19      1       0       10861.57  64      32.0     ms
success		1       41      1       46      1       0       10918.45  63      32.0     ms
success		1       42      1       48      1       0       10900.07  62      32.0     ms
success		1       43      1       38      1       0       10769.87  61      32.0     ms
success		1       44      2       21      2       0       10757.10  60      32.0     ms
success		1       45      1       3       1       0       10716.25  59      32.0     ms
success		1       46      1       33      1       0       10643.09  58      32.0     ms
success		1       47      1       17      1       0       10575.90  57      47.0     ms
success		1       48      4       26      4       0       10867.32  56      47.0     ms
success		1       49      2       51      2       0       10994.69  55      47.0     ms
success		1       50      2       33      2       0       11230.14  54      47.0     ms
success		1       51      5       31      5       0       11341.45  53      47.0     ms
success		1       52      2       35      2       0       11354.48  52      47.0     ms
success		1       53      2       5       2       0       11205.52  51      47.0     ms
success		1       54      3       32      3       0       11088.31  50      47.0     ms
success		1       55      3       15      3       0       10587.20  49      47.0     ms
success		1       56      2       27      2       0       10758.53  48      47.0     ms
success		1       57      1       47      1       0       10552.22  47      47.0     ms
success		1       58      3       16      3       0       10630.88  46      47.0     ms
success		1       59      1       40      1       0       10715.52  45      47.0     ms
success		1       60      3       9       3       0       10575.89  44      47.0     ms
success		1       61      3       6       3       0       10340.28  43      47.0     ms
success		1       62      3       6       3       0       10314.89  42      47.0     ms
success		1       63      2       41      2       0       10086.23  41      47.0     ms
success		1       64      2       19      2       0       9739.03   40      47.0     ms
success		1       65      3       3       3       0       9515.50   39      47.0     ms
success		1       66      3       7       3       0       9564.76   38      47.0     ms
success		1       67      3       13      3       0       9277.84   37      47.0     ms
success		1       68      2       27      2       0       9020.13   36      47.0     ms
success		1       69      4       30      4       0       8675.91   35      47.0     ms
success		1       70      2       21      2       0       8824.96   34      47.0     ms
success		1       71      2       12      2       0       8849.32   33      47.0     ms
success		1       72      3       13      3       0       8703.52   32      47.0     ms
success		1       73      3       6       3       0       8455.49   31      47.0     ms
success		1       74      4       12      4       0       8347.82   30      47.0     ms
success		1       75      2       24      2       0       8216.38   29      47.0     ms
success		1       76      3       25      3       0       8041.79   28      47.0     ms
success		1       77      5       6       5       0       7706.30   27      47.0     ms
success		1       78      4       2       3       0       8146.07   26      47.0     ms
success		1       79      6       9       6       0       7873.71   25      47.0     ms
success		1       80      9       22      5       0       8235.49   24      63.0     ms
success		1       81      4       0       4       0       8015.33   23      63.0     ms
success		1       82      8       12      5       0       7478.55   22      78.0     ms
success		1       83      5       17      5       0       6850.11   21      78.0     ms
success		1       84      8       9       6       0       6820.74   20      78.0     ms
success		1       85      7       5       5       0       6743.11   19      78.0     ms
success		1       86      17      8       4       0       6375.27   18      141.0    ms
success		1       87      19      6       6       0       5982.13   17      172.0    ms
success		1       88      47      14      7       0       6127.60   16      250.0    ms
success		1       89      34      1       6       0       5439.39   15      312.0    ms
success		1       90      83      0       6       0       4994.48   14      484.0    ms
success		1       0       1       78      1       0       24769.33  104     2465.0   ms
success		1       1       1       91      1       0       24636.00  103     2465.0   ms
success		1       2       1       26      1       0       24310.25  102     2465.0   ms
success		1       3       1       9       1       0       23870.14  101     2465.0   ms
success		1       4       1       58      1       0       23566.14  100     2465.0   ms
success		1       5       1       10      1       0       23465.17  99      2465.0   ms
success		1       6       1       16      1       0       23163.14  98      2465.0   ms
success		1       7       1       96      1       0       22861.51  97      2465.0   ms
success		1       8       1       3       1       0       22622.85  96      2465.0   ms
success		1       9       1       20      1       0       22481.47  95      2465.0   ms
success		1       10      1       43      1       0       22267.50  94      2465.0   ms
success		1       11      1       60      1       0       22179.85  93      2465.0   ms
success		1       12      1       16      1       0       22092.85  92      2465.0   ms
success		1       13      2       39      2       0       21925.22  91      2465.0   ms
success		1       14      1       47      1       0       21745.81  90      2465.0   ms
success		1       15      1       59      1       0       21698.82  89      2465.0   ms
success		1       16      1       24      1       0       21477.66  88      2465.0   ms
success		1       17      1       16      1       0       21347.97  87      2465.0   ms
success		1       18      1       71      1       0       21167.57  86      2481.0   ms
success		1       19      1       80      1       0       20952.71  85      2481.0   ms
success		1       20      1       46      1       0       20494.06  84      2481.0   ms
success		1       21      1       14      1       0       20287.92  83      2481.0   ms
success		1       22      1       42      1       0       19736.02  82      2481.0   ms
success		1       23      1       78      1       0       19338.32  81      2481.0   ms
success		1       24      3       34      3       0       19133.45  80      2481.0   ms
success		1       25      1       14      1       0       18765.44  79      2481.0   ms
success		1       26      1       12      1       0       18601.98  78      2481.0   ms
success		1       27      2       76      2       0       18245.96  77      2481.0   ms
success		1       28      2       10      2       0       18033.27  76      2481.0   ms
success		1       29      1       36      1       0       17959.10  75      2481.0   ms
success		1       30      1       28      1       0       17632.04  74      2481.0   ms
success		1       31      3       68      3       0       17069.54  73      2481.0   ms
success		1       32      1       60      1       0       16807.76  72      2481.0   ms
success		1       33      1       20      1       0       16642.45  71      2481.0   ms
success		1       34      2       34      2       0       16520.15  70      2481.0   ms
success		1       35      2       22      2       0       16432.99  69      2481.0   ms
success		1       36      1       16      1       0       16234.51  68      2481.0   ms
success		1       37      1       67      1       0       15961.34  67      2481.0   ms
success		1       38      1       66      1       0       15766.85  66      2481.0   ms
success		1       39      1       25      1       0       15466.62  65      2481.0   ms
success		1       40      1       42      1       0       15103.29  64      2481.0   ms
success		1       41      1       23      1       0       14684.65  63      2481.0   ms
success		1       42      2       46      2       0       14509.06  62      2481.0   ms
success		1       43      1       38      1       0       14069.34  61      2481.0   ms
success		1       44      2       44      2       0       13701.07  60      2481.0   ms
success		1       45      2       16      2       0       13563.27  59      2481.0   ms
success		1       46      2       23      2       0       13457.52  58      2481.0   ms
success		1       47      1       44      1       0       13132.28  57      2481.0   ms
success		1       48      3       12      3       0       12889.63  56      2481.0   ms
success		1       49      3       18      3       0       12713.76  55      2481.0   ms
success		1       50      3       36      3       0       12453.83  54      2481.0   ms
success		1       51      1       19      1       0       12163.21  53      2481.0   ms
success		1       52      1       39      1       0       11884.44  52      2481.0   ms
success		1       53      1       41      1       0       11736.22  51      2481.0   ms
success		1       54      2       29      2       0       11571.47  50      2481.0   ms
success		1       55      1       46      1       0       11212.45  49      2481.0   ms
success		1       56      2       46      2       0       11041.52  48      2481.0   ms
success		1       57      3       4       3       0       10775.08  47      2481.0   ms
success		1       58      4       13      4       0       10798.39  46      2481.0   ms
success		1       59      3       28      3       0       10288.31  45      2481.0   ms
success		1       60      3       27      3       0       10022.67  44      2481.0   ms
success		1       61      3       15      3       0       9905.95   43      2481.0   ms
success		1       62      2       23      2       0       9863.31   42      2481.0   ms
success		1       63      2       39      2       0       9865.52   41      2481.0   ms
success		1       64      3       2       3       0       9863.17   40      2481.0   ms
success		1       65      3       35      3       0       9787.78   39      2481.0   ms
success		1       66      3       22      3       0       9579.43   38      2481.0   ms
success		1       67      2       0       2       0       9427.59   37      2481.0   ms
success		1       68      2       3       2       0       9390.34   36      2481.0   ms
success		1       69      3       5       3       0       9234.48   35      2481.0   ms
success		1       70      3       26      3       0       9031.22   34      2481.0   ms
success		1       71      4       16      4       0       8733.64   33      2481.0   ms
success		1       72      4       13      3       0       10130.58  32      2481.0   ms
success		1       73      2       30      2       0       9819.00   31      2481.0   ms
success		1       74      4       7       4       0       9283.38   30      2481.0   ms
success		1       75      3       16      3       0       8809.73   29      2481.0   ms
success		1       76      3       21      3       0       8344.39   28      2481.0   ms
success		1       77      4       6       4       0       8089.18   27      2481.0   ms
success		1       78      4       25      4       0       7943.09   26      2481.0   ms
success		1       79      5       16      4       0       8437.36   25      2481.0   ms
success		1       80      6       22      5       0       7583.06   24      2481.0   ms
success		1       81      6       1       6       0       6660.79   23      2481.0   ms
success		1       82      8       6       5       0       8011.49   22      2481.0   ms
success		1       83      10      1       5       0       7805.96   21      2481.0   ms
success		1       84      3       20      3       0       7418.79   20      2481.0   ms
success		1       85      7       16      4       0       7341.12   19      2496.0   ms
success		1       86      13      16      7       0       6417.31   18      2496.0   ms
success		1       87      21      6       6       0       5742.06   17      2512.0   ms
success		1       88      17      5       6       0       5958.71   16      2528.0   ms
success		1       89      38      2       5       0       5450.07   15      2559.0   ms
success		1       90      336     14      8       0       4632.04   14      3214.0   ms
success		1       91      649     6       7       0       4703.30   13      4446.0   ms
success		1       0       1       19      1       0       24550.15  104     7426.0   ms
success		1       1       1       43      1       0       24445.92  103     7426.0   ms
success		1       2       1       83      1       0       24120.86  102     7426.0   ms
success		1       3       1       42      1       0       23854.29  101     7426.0   ms
success		1       4       1       50      1       0       23615.63  100     7426.0   ms
success		1       5       1       36      1       0       23432.41  99      7426.0   ms
success		1       6       3       45      3       0       23172.45  98      7426.0   ms
success		1       7       1       81      1       0       22813.89  97      7426.0   ms
success		1       8       1       89      1       0       22716.22  96      7426.0   ms
success		1       9       1       82      1       0       22524.96  95      7426.0   ms
success		1       10      1       23      1       0       22451.24  94      7426.0   ms
success		1       11      1       22      1       0       22149.63  93      7426.0   ms
success		1       12      1       15      1       0       22062.20  92      7426.0   ms
success		1       13      1       66      1       0       22022.36  91      7426.0   ms
success		1       14      1       10      1       0       21873.68  90      7426.0   ms
success		1       15      1       84      1       0       21658.53  89      7426.0   ms
success		1       16      1       83      1       0       21524.04  88      7426.0   ms
success		1       17      1       28      1       0       21358.74  87      7426.0   ms
success		1       18      1       64      1       0       20798.67  86      7426.0   ms
success		1       19      1       33      1       0       20468.76  85      7426.0   ms
success		1       20      1       24      1       0       20313.07  84      7426.0   ms
success		1       21      1       42      1       0       20068.24  83      7426.0   ms
success		1       22      1       54      1       0       19947.39  82      7426.0   ms
success		1       23      2       42      2       0       19753.04  81      7426.0   ms
success		1       24      3       4       3       0       19272.11  80      7426.0   ms
success		1       25      1       34      1       0       19019.86  79      7426.0   ms
success		1       26      1       19      1       0       18662.76  78      7426.0   ms
success		1       27      1       53      1       0       18551.31  77      7426.0   ms
success		1       28      2       28      2       0       18250.11  76      7426.0   ms
success		1       29      1       49      1       0       17887.52  75      7426.0   ms
success		1       30      2       30      2       0       17674.44  74      7426.0   ms
success		1       31      1       20      1       0       17465.92  73      7426.0   ms
success		1       32      1       42      1       0       16975.12  72      7426.0   ms
success		1       33      1       12      1       0       16980.91  71      7426.0   ms
success		1       34      1       24      1       0       16726.71  70      7426.0   ms
success		1       35      1       9       1       0       16554.33  69      7426.0   ms
success		1       36      1       36      1       0       16340.34  68      7426.0   ms
success		1       37      1       22      1       0       16056.31  67      7426.0   ms
success		1       38      1       37      1       0       15707.53  66      7426.0   ms
success		1       39      1       55      1       0       15480.73  65      7426.0   ms
success		1       40      3       51      3       0       15046.82  64      7426.0   ms
success		1       41      1       12      1       0       14735.79  63      7426.0   ms
success		1       42      2       4       2       0       14647.53  62      7426.0   ms
success		1       43      1       21      1       0       14342.51  61      7426.0   ms
success		1       44      1       53      1       0       14201.29  60      7426.0   ms
success		1       45      2       22      2       0       14125.71  59      7426.0   ms
success		1       46      2       8       2       0       13982.95  58      7426.0   ms
success		1       47      2       16      2       0       13785.74  57      7426.0   ms
success		1       48      3       12      3       0       13661.24  56      7426.0   ms
success		1       49      3       8       3       0       13345.78  55      7426.0   ms
success		1       50      1       43      1       0       13008.65  54      7426.0   ms
success		1       51      2       8       2       0       12696.12  53      7426.0   ms
success		1       52      1       36      1       0       12463.73  52      7426.0   ms
success		1       53      2       18      2       0       12445.80  51      7426.0   ms
success		1       54      2       20      2       0       12175.52  50      7426.0   ms
success		1       55      3       10      3       0       11826.28  49      7426.0   ms
success		1       56      2       9       2       0       11429.14  48      7426.0   ms
success		1       57      2       14      2       0       11346.66  47      7426.0   ms
success		1       58      2       7       2       0       11169.36  46      7426.0   ms
success		1       59      2       19      2       0       11145.43  45      7426.0   ms
success		1       60      4       44      4       0       10868.08  44      7426.0   ms
success		1       61      2       40      2       0       10524.06  43      7426.0   ms
success		1       62      2       14      2       0       10548.68  42      7426.0   ms
success		1       63      3       16      3       0       10032.07  41      7426.0   ms
success		1       64      4       17      4       0       9858.42   40      7426.0   ms
success		1       65      2       12      2       0       9887.40   39      7426.0   ms
success		1       66      3       17      3       0       9761.39   38      7426.0   ms
success		1       67      6       1       6       0       9545.14   37      7426.0   ms
success		1       68      4       29      4       0       9175.97   36      7426.0   ms
success		1       69      3       34      3       0       8720.83   35      7426.0   ms
success		1       70      3       32      3       0       8625.59   34      7426.0   ms
success		1       71      2       26      2       0       8531.07   33      7426.0   ms
success		1       72      2       26      2       0       8541.37   32      7426.0   ms
success		1       73      3       6       3       0       8245.69   31      7426.0   ms
success		1       74      5       6       3       0       9792.40   30      7426.0   ms
success		1       75      4       1       3       0       9465.93   29      7441.0   ms
success		1       76      3       2       3       0       8980.01   28      7441.0   ms
success		1       77      5       18      5       0       8807.76   27      7441.0   ms
success		1       78      3       17      3       0       8512.88   26      7441.0   ms
success		1       79      3       18      3       0       8064.46   25      7441.0   ms
success		1       80      4       3       3       0       8310.05   24      7441.0   ms
success		1       81      5       18      4       0       8313.54   23      7441.0   ms
success		1       82      5       16      3       0       8002.79   22      7441.0   ms
success		1       83      11      11      5       0       7428.47   21      7441.0   ms
success		1       84      10      15      6       0       7106.65   20      7441.0   ms
success		1       85      6       0       4       0       6987.63   19      7457.0   ms
success		1       86      9       4       7       0       6154.73   18      7457.0   ms
success		1       87      43      4       7       0       5912.89   17      7488.0   ms
success		1       88      24      2       5       0       5775.91   16      7504.0   ms
success		1       89      77      13      6       0       5458.21   15      7629.0   ms
success		1       90      360     12      6       0       4904.51   14      8471.0   ms
success		1       0       1       43      1       0       24577.77  104     10343.0  ms
success		1       1       1       103     1       0       24283.13  103     10343.0  ms
success		1       2       1       71      1       0       24152.52  102     10343.0  ms
success		1       3       1       2       1       0       24046.36  101     10343.0  ms
success		1       4       1       36      1       0       23892.03  100     10343.0  ms
success		1       5       1       89      1       0       23376.85  99      10343.0  ms
success		1       6       1       95      1       0       23125.66  98      10343.0  ms
success		1       7       1       48      1       0       22905.32  97      10343.0  ms
success		1       8       1       23      1       0       22807.93  96      10343.0  ms
success		1       9       1       95      1       0       22409.41  95      10343.0  ms
success		1       10      1       34      1       0       22053.09  94      10343.0  ms
success		1       11      1       64      1       0       21743.91  93      10343.0  ms
success		1       12      1       66      1       0       21543.44  92      10343.0  ms
success		1       13      1       62      1       0       21443.93  91      10343.0  ms
success		1       14      1       42      1       0       21241.96  90      10343.0  ms
success		1       15      2       31      2       0       21092.66  89      10343.0  ms
success		1       16      1       66      1       0       20981.41  88      10343.0  ms
success		1       17      1       36      1       0       20662.09  87      10343.0  ms
success		1       18      2       54      2       0       20409.85  86      10343.0  ms
success		1       19      1       69      1       0       20029.98  85      10343.0  ms
success		1       20      1       7       1       0       19785.81  84      10343.0  ms
success		1       21      1       46      1       0       19647.78  83      10343.0  ms
success		1       22      1       79      1       0       19515.12  82      10343.0  ms
success		1       23      1       34      1       0       19113.12  81      10343.0  ms
success		1       24      2       39      2       0       18947.89  80      10343.0  ms
success		1       25      1       42      1       0       18518.05  79      10343.0  ms
success		1       26      2       3       2       0       18266.20  78      10343.0  ms
success		1       27      1       43      1       0       17930.48  77      10343.0  ms
success		1       28      2       30      2       0       17729.83  76      10343.0  ms
success		1       29      2       39      2       0       17575.99  75      10343.0  ms
success		1       30      1       43      1       0       17241.87  74      10343.0  ms
success		1       31      1       22      1       0       17059.60  73      10343.0  ms
success		1       32      1       46      1       0       16947.62  72      10343.0  ms
success		1       33      2       18      2       0       16697.92  71      10343.0  ms
success		1       34      1       37      1       0       16369.50  70      10343.0  ms
success		1       35      1       27      1       0       16216.74  69      10343.0  ms
success		1       36      2       8       2       0       16064.27  68      10343.0  ms
success		1       37      1       62      1       0       15569.70  67      10343.0  ms
success		1       38      2       60      2       0       15266.92  66      10343.0  ms
success		1       39      1       32      1       0       14890.68  65      10343.0  ms
success		1       40      2       64      2       0       14574.21  64      10343.0  ms
success		1       41      2       22      2       0       14442.96  63      10343.0  ms
success		1       42      1       30      1       0       14284.83  62      10343.0  ms
success		1       43      1       8       1       0       13828.77  61      10343.0  ms
success		1       44      2       8       2       0       13678.54  60      10343.0  ms
success		1       45      2       15      2       0       13554.07  59      10343.0  ms
success		1       46      2       7       2       0       13444.38  58      10343.0  ms
success		1       47      1       40      1       0       13237.80  57      10343.0  ms
success		1       48      3       5       3       0       13126.91  56      10343.0  ms
success		1       49      2       20      2       0       13002.96  55      10343.0  ms
success		1       50      2       17      2       0       12578.24  54      10343.0  ms
success		1       51      2       24      2       0       12547.50  53      10343.0  ms
success		1       52      3       7       3       0       12218.42  52      10343.0  ms
success		1       53      1       32      1       0       11934.91  51      10343.0  ms
success		1       54      2       48      2       0       12008.48  50      10343.0  ms
success		1       55      3       37      3       0       11714.52  49      10343.0  ms
success		1       56      2       33      2       0       11527.99  48      10343.0  ms
success		1       57      3       16      3       0       11616.70  47      10343.0  ms
success		1       58      2       9       2       0       11450.48  46      10343.0  ms
success		1       59      2       2       2       0       11321.77  45      10343.0  ms
success		1       60      3       39      3       0       10964.27  44      10343.0  ms
success		1       61      2       18      2       0       10892.64  43      10343.0  ms
success		1       62      3       16      3       0       10660.81  42      10343.0  ms
success		1       63      3       40      3       0       10487.23  41      10343.0  ms
success		1       64      2       2       2       0       10520.48  40      10343.0  ms
success		1       65      2       4       2       0       10290.20  39      10343.0  ms
success		1       66      3       30      3       0       10187.72  38      10359.0  ms
success		1       67      4       1       4       0       9534.12   37      10359.0  ms
success		1       68      4       17      4       0       9203.85   36      10359.0  ms
success		1       69      3       31      3       0       9005.59   35      10359.0  ms
success		1       70      3       21      3       0       8626.77   34      10359.0  ms
success		1       71      2       9       2       0       8683.37   33      10359.0  ms
success		1       72      2       27      2       0       8628.65   32      10359.0  ms
success		1       73      5       12      3       0       10422.73  31      10359.0  ms
success		1       74      1       20      1       0       10024.69  30      10359.0  ms
success		1       75      4       7       4       0       9532.91   29      10359.0  ms
success		1       76      5       10      3       0       9548.39   28      10359.0  ms
success		1       77      5       4       4       0       8680.82   27      10359.0  ms
success		1       78      6       24      4       0       8847.22   26      10359.0  ms
success		1       79      3       17      3       0       8516.45   25      10359.0  ms
success		1       80      6       12      4       0       8610.37   24      10359.0  ms
success		1       81      7       11      5       0       8139.01   23      10359.0  ms
success		1       82      8       22      6       0       7619.56   22      10359.0  ms
success		1       83      6       0       4       0       6824.61   21      10359.0  ms
success		1       84      8       4       6       0       7119.45   20      10359.0  ms
success		1       85      14      3       6       0       6556.31   19      10374.0  ms
success		1       86      20      9       4       0       6566.12   18      10390.0  ms
success		1       87      18      8       6       0       6020.19   17      10405.0  ms
success		1       88      23      11      5       0       5889.91   16      10437.0  ms
success		1       89      69      5       6       0       5237.50   15      10561.0  ms
success		1       90      220     10      6       0       4955.14   14      10858.0  ms
success		1       0       1       29      1       0       24661.42  104     12059.0  ms
success		1       1       1       65      1       0       24262.29  103     12059.0  ms
success		1       2       1       102     1       0       24076.10  102     12059.0  ms
success		1       3       1       54      1       0       23816.71  101     12059.0  ms
success		1       4       1       58      1       0       23392.02  100     12059.0  ms
success		1       5       1       64      1       0       23242.46  99      12059.0  ms
success		1       6       1       54      1       0       23104.43  98      12059.0  ms
success		1       7       1       72      1       0       22971.80  97      12059.0  ms
success		1       8       1       26      1       0       22777.32  96      12059.0  ms
success		1       9       1       8       1       0       22517.72  95      12059.0  ms
success		1       10      1       0       1       0       22358.32  94      12059.0  ms
success		1       11      1       2       1       0       22103.58  93      12059.0  ms
success		1       12      1       87      1       0       21984.81  92      12059.0  ms
success		1       13      1       52      1       0       21892.56  91      12059.0  ms
success		1       14      1       3       1       0       21809.10  90      12059.0  ms
success		1       15      1       84      1       0       21711.43  89      12059.0  ms
success		1       16      1       26      1       0       21662.83  88      12059.0  ms
success		1       17      1       76      1       0       21263.10  87      12059.0  ms
success		1       18      1       8       1       0       20996.99  86      12059.0  ms
success		1       19      1       17      1       0       20818.41  85      12059.0  ms
success		1       20      1       0       1       0       20422.17  84      12059.0  ms
success		1       21      1       10      1       0       20240.42  83      12059.0  ms
success		1       22      1       73      1       0       20001.51  82      12059.0  ms
success		1       23      1       37      1       0       19822.82  81      12059.0  ms
success		1       24      2       71      2       0       19606.77  80      12059.0  ms
success		1       25      2       34      2       0       19264.99  79      12059.0  ms
success		1       26      1       72      1       0       19041.20  78      12059.0  ms
success		1       27      1       61      1       0       18820.76  77      12059.0  ms
success		1       28      1       39      1       0       18666.11  76      12059.0  ms
success		1       29      1       48      1       0       18390.39  75      12059.0  ms
success		1       30      1       66      1       0       18177.58  74      12059.0  ms
success		1       31      2       0       2       0       17910.73  73      12059.0  ms
success		1       32      1       10      1       0       17744.51  72      12059.0  ms
success		1       33      1       5       1       0       17610.78  71      12059.0  ms
success		1       34      1       57      1       0       17390.72  70      12059.0  ms
success		1       35      4       8       4       0       17114.83  69      12059.0  ms
success		1       36      1       29      1       0       17061.14  68      12059.0  ms
success		1       37      2       10      2       0       16983.56  67      12059.0  ms
success		1       38      1       17      1       0       16818.25  66      12059.0  ms
success		1       39      3       37      3       0       16873.09  65      12059.0  ms
success		1       40      3       62      3       0       16562.99  64      12059.0  ms
success		1       41      1       4       1       0       16349.34  63      12059.0  ms
success		1       42      1       60      1       0       15926.59  62      12059.0  ms
success		1       43      1       38      1       0       15839.05  61      12059.0  ms
success		1       44      2       16      2       0       15472.54  60      12059.0  ms
success		1       45      1       59      1       0       15102.35  59      12059.0  ms
success		1       46      2       7       2       0       14889.13  58      12059.0  ms
success		1       47      1       0       1       0       14585.28  57      12059.0  ms
success		1       48      2       30      2       0       14357.82  56      12059.0  ms
success		1       49      1       33      1       0       13978.20  55      12059.0  ms
success		1       50      2       49      2       0       13514.24  54      12059.0  ms
success		1       51      1       3       1       0       13471.69  53      12059.0  ms
success		1       52      3       29      3       0       13142.08  52      12059.0  ms
success		1       53      2       24      2       0       12622.93  51      12059.0  ms
success		1       54      2       38      2       0       12586.53  50      12059.0  ms
success		1       55      2       0       2       0       12605.23  49      12059.0  ms
success		1       56      2       27      2       0       12523.65  48      12059.0  ms
success		1       57      2       1       2       0       12349.19  47      12059.0  ms
success		1       58      3       43      3       0       12209.46  46      12059.0  ms
success		1       59      1       24      1       0       11731.69  45      12059.0  ms
success		1       60      1       15      1       0       11338.71  44      12059.0  ms
success		1       61      2       18      2       0       11202.53  43      12059.0  ms
success		1       62      2       20      2       0       11079.05  42      12059.0  ms
success		1       63      2       12      2       0       10977.66  41      12059.0  ms
success		1       64      3       35      3       0       10719.99  40      12059.0  ms
success		1       65      2       24      2       0       10548.26  39      12059.0  ms
success		1       66      2       11      2       0       10353.61  38      12059.0  ms
success		1       67      3       30      3       0       10298.13  37      12059.0  ms
success		1       68      1       26      1       0       10129.10  36      12059.0  ms
success		1       69      3       33      3       0       9738.18   35      12059.0  ms
success		1       70      3       24      3       0       9260.67   34      12059.0  ms
success		1       71      3       31      3       0       9230.45   33      12059.0  ms
success		1       72      3       12      3       0       9037.30   32      12059.0  ms
success		1       73      2       20      2       0       8817.57   31      12059.0  ms
success		1       74      3       13      3       0       8645.50   30      12059.0  ms
success		1       75      3       12      2       0       9869.83   29      12059.0  ms
success		1       76      2       22      2       0       9548.33   28      12059.0  ms
success		1       77      4       24      4       0       9039.19   27      12059.0  ms
success		1       78      5       22      5       0       8904.46   26      12059.0  ms
success		1       79      6       1       5       0       8242.48   24      12059.0  ms
success		1       80      5       21      4       0       7576.69   23      12059.0  ms
success		1       81      4       19      3       0       7504.90   22      12059.0  ms
success		1       82      8       7       4       0       7060.24   21      12059.0  ms
success		1       83      10      9       5       0       6755.75   20      12075.0  ms
success		1       84      9       3       5       0       6851.84   19      12075.0  ms
success		1       85      17      12      4       0       6221.37   18      12075.0  ms
success		1       86      18      1       8       0       6116.39   17      12090.0  ms
success		1       87      43      10      8       0       6070.73   16      12121.0  ms
success		1       88      65      2       7       0       5207.65   15      12184.0  ms
success		1       89      132     3       6       0       5358.80   14      12340.0  ms
success		1       90      428     10      8       0       4743.95   13      12995.0  ms
success		1       0       1       45      1       0       24672.56  104     16505.0  ms
success		1       1       1       41      1       0       24352.14  103     16505.0  ms
success		1       2       1       77      1       0       24136.56  102     16505.0  ms
success		1       3       1       82      1       0       23927.92  101     16505.0  ms
success		1       4       1       92      1       0       23773.71  100     16505.0  ms
success		1       5       1       67      1       0       23352.60  99      16505.0  ms
success		1       6       2       82      2       0       23046.54  98      16505.0  ms
success		1       7       1       54      1       0       22908.51  97      16505.0  ms
success		1       8       1       56      1       0       22703.19  96      16505.0  ms
success		1       9       1       52      1       0       22425.88  95      16505.0  ms
success		1       10      1       45      1       0       22078.38  94      16505.0  ms
success		1       11      1       29      1       0       21815.12  93      16505.0  ms
success		1       12      1       64      1       0       21611.64  92      16505.0  ms
success		1       13      1       68      1       0       21324.09  91      16505.0  ms
success		1       14      1       45      1       0       21111.65  90      16505.0  ms
success		1       15      1       8       1       0       20960.56  89      16505.0  ms
success		1       16      1       72      1       0       20778.55  88      16505.0  ms
success		1       17      1       81      1       0       20626.49  87      16505.0  ms
success		1       18      2       39      2       0       20274.31  86      16505.0  ms
success		1       19      1       56      1       0       20109.65  85      16505.0  ms
success		1       20      1       8       1       0       19669.42  84      16505.0  ms
success		1       21      2       17      2       0       19707.48  83      16505.0  ms
success		1       22      1       48      1       0       19282.79  82      16505.0  ms
success		1       23      2       28      2       0       18936.27  81      16505.0  ms
success		1       24      1       60      1       0       18857.75  80      16505.0  ms
success		1       25      1       12      1       0       18775.35  79      16505.0  ms
success		1       26      1       61      1       0       18671.14  78      16505.0  ms
success		1       27      1       38      1       0       18458.73  77      16505.0  ms
success		1       28      1       69      1       0       18008.40  76      16505.0  ms
success		1       29      1       43      1       0       17628.05  75      16505.0  ms
success		1       30      1       64      1       0       17195.72  74      16505.0  ms
success		1       31      2       20      2       0       16959.79  73      16505.0  ms
success		1       32      3       6       3       0       16728.55  72      16505.0  ms
success		1       33      1       48      1       0       16496.96  71      16505.0  ms
success		1       34      2       32      2       0       16213.56  70      16505.0  ms
success		1       35      1       23      1       0       15937.33  69      16505.0  ms
success		1       36      3       2       3       0       15904.98  68      16505.0  ms
success		1       37      2       54      2       0       15678.88  67      16505.0  ms
success		1       38      1       27      1       0       15514.50  66      16505.0  ms
success		1       39      2       12      2       0       15271.68  65      16505.0  ms
success		1       40      2       29      2       0       15168.11  64      16505.0  ms
success		1       41      1       63      1       0       14809.95  63      16505.0  ms
success		1       42      4       43      4       0       14637.62  62      16505.0  ms
success		1       43      2       47      2       0       14414.81  61      16505.0  ms
success		1       44      1       26      1       0       14155.32  60      16505.0  ms
success		1       45      2       14      2       0       14132.72  59      16505.0  ms
success		1       46      1       36      1       0       13729.14  58      16505.0  ms
success		1       47      1       29      1       0       13379.75  57      16505.0  ms
success		1       48      2       33      2       0       13233.04  56      16505.0  ms
success		1       49      2       21      2       0       13118.74  55      16505.0  ms
success		1       50      1       6       1       0       12970.05  54      16505.0  ms
success		1       51      1       31      1       0       12685.84  53      16505.0  ms
success		1       52      2       28      2       0       12502.31  52      16505.0  ms
success		1       53      2       14      2       0       12159.54  51      16505.0  ms
success		1       54      3       46      3       0       11924.83  50      16505.0  ms
success		1       55      2       31      2       0       11594.03  49      16505.0  ms
success		1       56      2       42      2       0       11392.64  48      16505.0  ms
success		1       57      4       33      4       0       11434.09  47      16505.0  ms
success		1       58      1       37      1       0       11206.79  46      16505.0  ms
success		1       59      2       44      2       0       10860.01  45      16505.0  ms
success		1       60      3       18      3       0       10692.70  44      16505.0  ms
success		1       61      2       6       2       0       10664.60  43      16505.0  ms
success		1       62      1       20      1       0       10191.20  42      16521.0  ms
success		1       63      2       3       2       0       9881.07   41      16521.0  ms
success		1       64      4       38      4       0       9651.99   40      16521.0  ms
success		1       65      2       5       2       0       9518.38   39      16521.0  ms
success		1       66      3       22      3       0       9549.18   38      16521.0  ms
success		1       67      3       5       3       0       9360.74   37      16521.0  ms
success		1       68      3       0       3       0       9366.94   36      16521.0  ms
success		1       69      3       10      3       0       9318.29   35      16521.0  ms
success		1       70      2       22      2       0       9226.73   34      16521.0  ms
success		1       71      6       15      6       0       8903.89   33      16521.0  ms
success		1       72      3       24      3       0       8579.54   32      16521.0  ms
success		1       73      3       23      3       0       8399.73   31      16521.0  ms
success		1       74      4       6       4       0       8307.55   30      16521.0  ms
success		1       75      4       2       4       0       8111.32   29      16521.0  ms
success		1       76      6       27      5       0       9174.90   28      16521.0  ms
success		1       77      6       20      6       0       8808.93   27      16521.0  ms
success		1       78      5       1       4       0       9156.53   26      16521.0  ms
success		1       79      3       24      3       0       8398.27   25      16521.0  ms
success		1       80      5       18      5       0       8153.61   24      16521.0  ms
success		1       81      6       4       4       0       8271.94   23      16521.0  ms
success		1       82      5       2       5       0       7639.61   22      16521.0  ms
success		1       83      7       21      4       0       7546.61   21      16521.0  ms
success		1       84      9       15      5       0       7315.80   20      16521.0  ms
success		1       85      7       15      5       0       6586.31   19      16521.0  ms
success		1       86      9       15      4       0       6557.79   18      16536.0  ms
success		1       87      20      11      5       0       6645.28   17      16552.0  ms
success		1       88      18      6       5       0       5915.35   16      16583.0  ms
success		1       89      87      1       6       0       5499.25   15      16739.0  ms
success		1       90      213     14      8       0       5086.73   14      17238.0  ms
success		1       91      161     5       9       0       4572.18   13      17581.0  ms
cross iterater0
ab
ab7	2
cross iterater1
bad   	rand   	success		4497.32   4559.50   13      21247.0  ms cross
bad   	success		4317.35   4246.03   13      21263.0  ms cross
rand   	ab
ab7	0
fail		4685.37   4784.01   13      25194.0  ms
fail		4767.09   5040.50   14      27097.0  ms
fail		4317.35   4593.98   13      29359.0  ms
fail		4497.32   4703.37   13      31356.0  ms
cross iterater2
bad   	success		4486.11   4785.91   13      32027.0  ms cross
rand   	bad   	rand   	success		4599.23   4734.59   13      35786.0  ms cross
ab
ab7	3
cross iterater3
bad   	success		4390.99   4636.71   13      35802.0  ms cross
rand   	bad   	rand   	success		4640.89   4693.45   13      38532.0  ms cross
ab
ab7	0
fail		4486.11   4769.10   13      40731.0  ms
fail		4640.89   4919.56   13      42603.0  ms
cross iterater4
bad   	rand   	bad   	success		4705.69   4757.04   13      46753.0  ms cross
rand   	ab
ab6	0
ab7	4
fail		4524.28   4666.33   13      51339.0  ms
fail		4705.69   4791.32   13      53851.0  ms
fail		4390.99   4589.83   13      55676.0  ms
cross iterater5
ab
ab7	2
ab6	3
cross iterater6
bad   	rand   	bad   	rand   	ab
ab7	3
fail		4390.99   4589.83   13      66674.0  ms
cross iterater7
ab
ab7	4
fail		4524.28   4666.33   13      69029.0  ms
fail		4702.05   4928.30   13      71167.0  ms
cross iterater8
bad   	success		4349.45   4417.57   13      71182.0  ms cross
rand   	bad   	success		4659.56   4350.91   13      74474.0  ms cross
rand   	ab
ab7	4
ab6	1
cross iterater9
bad   	success		4567.99   4709.60   13      76564.0  ms cross
rand   	bad   	success		4684.39   4743.64   13      79653.0  ms cross
rand   	ab
ab6	0
fail		4567.99   4710.04   13      84177.0  ms
fail		4573.86   4638.02   13      85862.0  ms
cross iterater10
bad   	success		4453.50   4566.99   13      85862.0  ms cross
rand   	bad   	success		4656.94   4685.06   13      86876.0  ms cross
rand   	ab
ab6	4
fail		4567.99   4710.04   13      90916.0  ms
fail		4547.00   4703.17   13      92866.0  ms
cross iterater11
bad   	rand   	bad   	rand   	success		4823.32   4679.15   13      98794.0  ms cross
ab
ab7	0
fail		4453.50   4590.75   13      100182.0 ms
cross iterater12
bad   	rand   	bad   	rand   	ab
ab6	2
ab7	4
fail		4653.85   4767.14   13      107545.0 ms
fail		4302.00   4542.37   13      109402.0 ms
cross iterater13
ab
ab6	1
cross iterater14
ab
ab6	3
cross iterater15
bad   	success		4542.14   4565.48   13      109402.0 ms cross
rand   	bad   	success		4338.05   4466.12   13      110868.0 ms cross
rand   	ab
ab6	0
fail		4338.05   4475.30   13      113817.0 ms
cross iterater16
bad   	success		4459.87   4576.37   13      113817.0 ms cross
rand   	bad   	rand   	ab
ab6	4
ab7	3
fail		4588.77   4773.23   13      119573.0 ms
cross iterater17
bad   	success		4426.77   4527.42   13      119744.0 ms cross
rand   	bad   	rand   	ab
ab6	3
ab7	5
cross iterater18
bad   	success		4823.92   4869.66   13      123972.0 ms cross
rand   	bad   	success		4701.44   4778.83   13      125688.0 ms cross
rand   	ab
ab6	3
ab7	0
fail		4379.72   4588.61   13      128262.0 ms
fail		4338.05   4475.30   13      129338.0 ms
cross iterater19
bad   	rand   	bad   	success		4317.88   4405.56   13      132224.0 ms cross
rand   	ab
ab6	5
fail		4444.78   4639.56   13      135391.0 ms
fail		4690.42   4772.23   13      137045.0 ms
cross iterater20
bad   	rand   	bad   	success		4379.66   4405.56   13      140820.0 ms cross
rand   	ab
ab6	3
cross iterater21
bad   	success		4884.36   4772.30   13      142957.0 ms cross
rand   	bad   	rand   	ab
ab6	2
ab7	4
cross iterater22
ab
ab6	4
fail		4399.82   4619.67   13      149041.0 ms
cross iterater23
ab
ab6	1
fail		4552.87   4704.34   13      150554.0 ms
fail		4382.92   4591.80   13      151942.0 ms
cross iterater24
bad   	success		4437.46   4542.23   13      151942.0 ms cross
rand   	bad   	rand   	ab
ab6	1
fail		4437.46   4646.35   13      160788.0 ms
cross iterater25
ab
ab6	5
ab7	4
fail		4426.78   4565.25   13      164095.0 ms
cross iterater26
ab
ab7	3
fail		4688.55   4775.87   13      165998.0 ms
cross iterater27
bad   	success		4709.86   4714.17   13      165998.0 ms cross
rand   	bad   	success		4551.05   4628.27   13      168525.0 ms cross
rand   	ab
ab7	2
ab6	5
cross iterater28
bad   	success		4445.37   4569.45   13      170615.0 ms cross
rand   	bad   	success		4429.65   4598.14   13      172877.0 ms cross
rand   	ab
ab7	1
ab6	2
fail		4780.95   4903.99   13      176731.0 ms
cross iterater29
bad   	success		4502.57   4515.52   13      176731.0 ms cross
rand   	bad   	success		4632.02   4672.31   13      178134.0 ms cross
rand   	ab
ab7	5
ab6	2
fail		4581.25   4790.13   13      181925.0 ms
fail		4627.19   4783.39   13      184234.0 ms
fail		4502.57   4641.03   13      186668.0 ms
fail		4343.91   4526.82   13      189257.0 ms
cross iterater30
bad   	success		4629.28   4702.06   13      189273.0 ms cross
rand   	bad   	rand   	ab
ab7	2
cross iterater31
ab
ab7	0
fail		4637.61   4849.73   13      198009.0 ms
cross iterater32
bad   	success		4400.76   4500.97   13      198009.0 ms cross
rand   	bad   	success		4478.97   4656.00   13      200286.0 ms cross
rand   	ab
ab7	0
cross iterater33
bad   	rand   	bad   	success		4632.32   4693.60   13      204982.0 ms cross
rand   	ab
ab6	1
ab7	0
fail		4421.48   4630.36   13      207462.0 ms
fail		4343.91   4526.82   13      210254.0 ms
cross iterater34
bad   	rand   	bad   	success		4526.61   4626.64   13      214357.0 ms cross
rand   	ab
ab7	2
ab6	4
fail		4434.19   4646.30   13      218444.0 ms
fail		4248.98   4431.89   13      219739.0 ms
cross iterater35
bad   	rand   	bad   	success		4367.68   4532.31   13      222469.0 ms cross
rand   	ab
ab6	1
fail		4248.98   4431.89   13      226915.0 ms
cross iterater36
bad   	success		4216.10   4333.84   13      226915.0 ms cross
rand   	bad   	rand   	ab
ab6	2
fail		4435.62   4574.09   13      235838.0 ms
cross iterater37
bad   	success		4380.34   4417.67   13      235838.0 ms cross
rand   	bad   	success		4445.46   4516.17   13      237585.0 ms cross
rand   	ab
ab6	2
fail		4483.33   4751.06   13      240300.0 ms
cross iterater38
ab
ab7	0
cross iterater39
bad   	rand   	bad   	rand   	ab
ab6	1
fail		4480.84   4653.20   13      250736.0 ms
fail		4435.62   4574.09   13      252920.0 ms
cross iterater40
ab
ab6	1
fail		4501.44   4719.04   13      255244.0 ms
cross iterater41
bad   	success		4500.15   4685.83   13      255260.0 ms cross
rand   	bad   	rand   	ab
ab6	1
fail		4410.64   4619.52   13      261391.0 ms
cross iterater42
bad   	rand   	bad   	rand   	ab
ab6	2
fail		4435.62   4574.09   13      273886.0 ms
cross iterater43
ab
fail		4544.93   4756.24   13      275696.0 ms
fail		4216.10   4399.01   13      278067.0 ms
cross iterater44
ab
ab6	2
cross iterater45
bad   	success		4648.55   4391.51   13      278753.0 ms cross
rand   	bad   	success		4408.68   4579.77   13      281312.0 ms cross
rand   	ab
ab6	4
fail		4543.62   4754.93   13      285461.0 ms
fail		4435.62   4574.09   13      286943.0 ms
fail		4591.28   4758.62   13      288425.0 ms
cross iterater46
bad   	success		4226.74   4395.48   13      288425.0 ms cross
rand   	bad   	success		4440.42   4610.70   13      289969.0 ms cross
rand   	ab
ab6	4
ab7	2
fail		4570.88   4778.58   13      292980.0 ms
cross iterater47
bad   	rand   	bad   	rand   	ab
ab6	1
fail		4434.82   4664.87   13      300702.0 ms
fail		4226.74   4409.65   13      302122.0 ms
cross iterater48
bad   	rand   	bad   	success		4239.28   4395.11   13      305866.0 ms cross
rand   	ab
cross iterater49
bad   	success		4490.77   4652.35   13      307067.0 ms cross
rand   	bad   	success		4499.10   4638.50   13      308986.0 ms cross
rand   	ab
ab6	0
ab7	1
fail		4575.80   4744.24   13      312386.0 ms
fail		4435.62   4574.09   13      313900.0 ms
cross iterater50
bad   	rand   	bad   	success		4630.18   4769.32   13      317254.0 ms cross
rand   	ab
ab6	1
fail		4599.09   4807.97   13      320202.0 ms
fail		4435.62   4574.09   13      321777.0 ms
fail		4239.28   4422.19   13      323369.0 ms
cross iterater51
bad   	rand   	bad   	success		4402.45   4612.16   13      326629.0 ms cross
rand   	ab
ab6	1
cross iterater52
bad   	rand   	bad   	success		4396.15   4593.72   13      333087.0 ms cross
rand   	ab
ab6	2
fail		4254.53   4446.93   13      335739.0 ms
cross iterater53
bad   	rand   	bad   	success		4188.38   4363.30   13      338500.0 ms cross
rand   	ab
ab6	2
cross iterater54
ab
ab6	1
fail		4435.62   4574.09   13      342135.0 ms
cross iterater55
bad   	success		4378.38   4563.42   13      342135.0 ms cross
rand   	bad   	rand   	ab
ab6	4
ab7	3
cross iterater56
ab
ab6	5
ab7	2
fail		4384.79   4596.11   13      348625.0 ms
cross iterater57
ab
ab6	4
fail		4340.01   4489.62   13      350216.0 ms
fail		4188.38   4399.70   13      351620.0 ms
fail		4523.28   4754.97   13      352993.0 ms
cross iterater58
bad   	rand   	bad   	success		4342.38   4477.44   13      355691.0 ms cross
rand   	ab
ab6	4
ab7	5
cross iterater59
bad   	success		4371.57   4581.30   13      357236.0 ms cross
rand   	bad   	success		4291.59   4407.91   13      358655.0 ms cross
rand   	ab
ab6	3
ab7	4
cross iterater60
bad   	rand   	bad   	rand   	ab
ab6	5
ab7	4
fail		4542.74   4785.66   13      371338.0 ms
fail		4545.16   4755.71   13      374271.0 ms
cross iterater61
bad   	success		4367.25   4513.35   13      374286.0 ms cross
rand   	bad   	success		4398.90   4527.41   13      376642.0 ms cross
rand   	ab
ab7	0
fail		4398.90   4598.91   13      379684.0 ms
cross iterater62
bad   	success		4480.66   4573.12   13      379684.0 ms cross
rand   	bad   	success		4617.47   4692.13   13      381088.0 ms cross
rand   	ab
ab7	5
fail		4480.66   4699.59   13      383911.0 ms
cross iterater63
bad   	rand   	bad   	success		4384.35   4563.30   13      386735.0 ms cross
rand   	ab
ab7	0
fail		4379.54   4619.89   13      389215.0 ms
cross iterater64
bad   	success		4424.90   4622.42   13      389215.0 ms cross
rand   	bad   	success		4470.91   4491.30   13      391025.0 ms cross
rand   	ab
ab7	2
ab6	3
fail		4499.98   4692.38   13      393989.0 ms
fail		4673.37   4843.48   13      395253.0 ms
cross iterater65
bad   	success		4504.50   4693.39   13      395253.0 ms cross
rand   	bad   	success		4674.43   4843.16   13      396516.0 ms cross
rand   	ab
ab7	1
ab6	4
fail		4384.35   4584.36   13      399402.0 ms
cross iterater66
ab
ab7	2
fail		4425.24   4626.43   13      400478.0 ms
fail		4546.93   4756.87   13      401804.0 ms
cross iterater67
bad   	success		4387.81   4496.34   13      401804.0 ms cross
rand   	bad   	success		4489.39   4527.27   13      403349.0 ms cross
rand   	ab
ab6	1
cross iterater68
bad   	success		4395.89   4602.17   13      405190.0 ms cross
rand   	bad   	rand   	ab
ab7	0
fail		4586.15   4754.59   13      411804.0 ms
fail		4364.08   4604.43   13      413255.0 ms
cross iterater69
bad   	rand   	bad   	rand   	ab
ab6	1
fail		4477.08   4663.36   13      420025.0 ms
cross iterater70
ab
ab6	4
fail		4534.27   4735.47   13      421367.0 ms
cross iterater71
bad   	success		4368.29   4607.32   13      421367.0 ms cross
rand   	bad   	success		4466.31   4553.33   13      423207.0 ms cross
rand   	ab
fail		4723.93   4841.23   13      425781.0 ms
fail		4395.89   4621.05   13      427139.0 ms
cross iterater72
ab
ab7	0
fail		4368.29   4609.92   13      428558.0 ms
fail		4422.08   4616.15   13      429712.0 ms
cross iterater73
bad   	rand   	bad   	rand   	ab
fail		4395.89   4621.05   13      437076.0 ms
fail		4368.29   4609.92   13      438511.0 ms
fail		4422.08   4616.15   13      439993.0 ms
cross iterater74
bad   	success		4530.86   4571.39   13      440008.0 ms cross
rand   	bad   	success		4382.47   4511.78   13      441381.0 ms cross
rand   	ab
ab6	0
fail		4395.89   4621.05   13      444127.0 ms
cross iterater75
bad   	success		4434.89   4517.78   13      444127.0 ms cross
rand   	bad   	success		4571.07   4615.35   13      445593.0 ms cross
rand   	ab
ab6	5
ab7	0
fail		4494.05   4711.80   13      448744.0 ms
fail		4434.12   4583.73   13      449867.0 ms
cross iterater76
ab
ab7	0
fail		4618.96   4829.50   13      451459.0 ms
fail		4395.89   4621.05   13      452753.0 ms
cross iterater77
bad   	success		4333.03   4498.23   13      452753.0 ms cross
rand   	bad   	rand   	success		4273.29   4619.35   13      456326.0 ms cross
ab
fail		4273.29   4531.49   13      457745.0 ms
fail		4434.12   4583.73   13      459258.0 ms
cross iterater78
bad   	success		4292.03   4535.36   13      459258.0 ms cross
rand   	bad   	success		4389.36   4615.58   13      460647.0 ms cross
rand   	ab
ab7	4
fail		4292.03   4557.74   13      463346.0 ms
cross iterater79
bad   	success		4307.14   4422.99   13      463346.0 ms cross
rand   	bad   	rand   	success		4747.37   4727.35   13      466450.0 ms cross
ab
ab7	4
fail		4292.03   4557.74   13      467916.0 ms
fail		4434.12   4583.73   13      469305.0 ms
cross iterater80
bad   	success		4737.15   4264.75   13      470943.0 ms cross
rand   	bad   	rand   	success		4823.88   4460.91   13      475014.0 ms cross
ab
ab7	2
fail		4524.74   4672.20   13      476059.0 ms
fail		4823.88   4880.47   13      477869.0 ms
fail		4434.12   4583.73   13      479491.0 ms
cross iterater81
bad   	rand   	bad   	success		4463.32   4788.80   13      483267.0 ms cross
rand   	ab
ab7	3
ab6	5
fail		4546.57   4755.75   13      486340.0 ms
fail		4353.86   4657.52   13      487978.0 ms
cross iterater82
bad   	rand   	bad   	success		4473.59   4644.69   13      490895.0 ms cross
rand   	ab
ab7	2
fail		4524.74   4672.20   13      493469.0 ms
cross iterater83
bad   	rand   	bad   	success		4249.35   4418.48   13      495856.0 ms cross
rand   	ab
ab7	0
fail		4272.99   4531.19   13      498476.0 ms
cross iterater84
bad   	success		4410.48   4614.01   13      498476.0 ms cross
rand   	bad   	success		4485.46   4614.11   13      499834.0 ms cross
rand   	ab
ab6	1
ab7	0
fail		4503.11   4714.43   13      502969.0 ms
fail		4353.86   4657.52   13      504701.0 ms
cross iterater85
bad   	success		4265.34   4498.87   13      504701.0 ms cross
rand   	bad   	success		4294.18   4511.18   13      505933.0 ms cross
rand   	ab
ab6	1
fail		4294.18   4525.17   13      508991.0 ms
cross iterater86
bad   	success		4490.75   4661.10   13      509006.0 ms cross
rand   	bad   	success		4439.57   4488.61   13      510566.0 ms cross
rand   	ab
ab6	1
ab7	0
cross iterater87
bad   	rand   	bad   	rand   	success		4478.57   4720.27   13      516791.0 ms cross
ab
ab6	5
ab7	3
fail		4641.24   4789.56   13      518413.0 ms
cross iterater88
bad   	success		4494.01   4668.69   13      518413.0 ms cross
rand   	bad   	success		4580.58   4641.41   13      519489.0 ms cross
rand   	ab
ab7	0
fail		4494.01   4698.00   13      522016.0 ms
cross iterater89
ab
ab6	4
ab7	3
fail		4518.34   4767.49   13      523467.0 ms
cross iterater90
bad   	success		4422.79   4540.04   13      523467.0 ms cross
rand   	bad   	success		4650.36   4754.17   13      524637.0 ms cross
rand   	ab
ab6	3
ab7	1
fail		4294.18   4525.17   13      527086.0 ms
cross iterater91
bad   	success		4626.54   4565.33   13      527086.0 ms cross
rand   	bad   	success		4257.91   4424.09   13      528303.0 ms cross
rand   	ab
ab7	3
fail		4243.22   4563.55   13      531002.0 ms
fail		4257.91   4488.91   13      532141.0 ms
cross iterater92
bad   	success		4289.30   4520.20   13      532141.0 ms cross
rand   	bad   	rand   	ab
ab7	0
fail		4243.22   4563.55   13      538864.0 ms
cross iterater93
ab
fail		4434.61   4742.09   13      540518.0 ms
cross iterater94
bad   	rand   	bad   	success		4421.57   4596.47   13      542811.0 ms cross
rand   	ab
ab6	3
fail		4470.93   4645.76   13      545229.0 ms
fail		4563.67   4759.99   13      546524.0 ms
fail		4319.63   4512.22   13      548084.0 ms
cross iterater95
ab
ab6	4
cross iterater96
bad   	success		4630.04   4837.33   13      548084.0 ms cross
rand   	bad   	success		4540.43   4603.78   13      549566.0 ms cross
rand   	ab
ab6	1
ab7	4
fail		4513.03   4719.75   13      552077.0 ms
cross iterater97
bad   	success		4525.33   4600.66   13      552077.0 ms cross
rand   	bad   	success		4366.81   4539.80   13      553590.0 ms cross
rand   	ab
ab6	5
ab7	4
cross iterater98
ab
fail		4532.81   4849.11   13      556851.0 ms
cross iterater99
bad   	rand   	bad   	rand   	ab
ab6	1
ab7	4
fail		4509.27   4803.61   13      563808.0 ms
fail		4568.45   4839.35   13      565197.0 ms

R.size:13

1		47	200	63	46	5	26	35	164	25	10	77	193	73	93	19	39	
2		4	57	119	40	16	147	106	31	52	45	86	129	55	107	66	154	82	201	
3		163	162	42	172	197	62	159	138	181	104	170	141	185	135	60	175	64	67	
4		142	28	132	14	180	3	124	183	68	103	110	95	90	79	83	36	
5		173	23	117	38	108	56	114	85	160	94	99	112	50	101	192	33	157	204	
6		153	24	156	7	179	169	72	161	98	21	166	194	158	178	
7		105	118	127	199	134	84	69	58	176	113	191	137	71	17	13	1	202	34	208	97	
8		140	54	89	100	143	139	88	155	144	121	87	123	
9		182	133	152	184	207	167	27	51	198	61	22	126	210	91	
10		92	37	9	12	59	65	128	125	205	177	168	53	70	81	
11		195	29	188	74	32	165	109	151	189	41	115	11	75	209	30	203	
12		6	136	43	48	131	102	196	190	15	18	145	111	44	80	116	148	
13		49	171	78	187	130	150	149	20	186	122	8	174	2	76	96	120	206	146	

data1/pdp200/LRC1_2_10.txt
total_cost 4188.383443

