0  1  5   0.09      395            3166.3    2444.0    193.58    100 121       0         
0  2  4   59.14     388            2580.2    2365.2    231.78    100 105       5         
0  3  4   0.22      398            2672.6    2396.6    259.13    70  116       0         
0  4  3   0.55      358            1830.4    1736.1    59.73     43  70        0         
0  5  5   0.37      421            3412.1    2605.8    256.79    100 146       0         
0  6  4   0.81      394            2423.6    2225.3    122.19    81  111       1         
0  7  4   0.27      422            2338.3    2246.6    144.14    85  140       0         
0  8  3   19.72     312            1730.2    1723.2    150.65    31  24        7         
2  1  10  113.14    684            16941.8   7196.7    462.49    100 140       5         
2  2  7   33.65     683            11977.6   6934.2    2095.32   72  106       11        
2  3  5   2272.33   624            9330.5    7581.2    3545.41   30  52        1         
2  4  4   6.21      594            7898.6    7472.4    1810.50   9   12        0         
2  5  6   96.56     646            10258.0   6409.3    2167.92   52  77        3         
2  6  7   2.20      682            11754.8   6750.4    1884.69   78  118       0         
2  7  5   152.27    612            7961.4    5788.1    2486.41   27  39        1         
2  8  5   24.62     616            8067.1    6029.4    1665.70   33  41        0         
2  9  5   2.31      634            7817.7    5945.2    27.80     31  58        0         
2  10 4   48.52     608            5916.8    5085.7    2815.14   14  26        0         
4  1  19  1430.95   1197           41830.8   18435.3   3309.09   72  92        9         
4  2  14  162.68    1191           31493.0   18970.3   453.27    38  57        5         
4  3  12  32.40     1166           29591.8   22317.6   2608.47   22  34        0         
4  4  6   3773.81   1178           14067.6   13478.4   3773.81   1   1         0         
4  5  15  438.01    1176           31488.7   17735.1   4963.58   40  49        5         
4  6  13  16.54     1172           27279.7   15366.1   2451.15   20  31        1         
4  7  11  3332.63   1166           23317.0   16139.4   7361.44   20  24        1         
4  8  10  19.41     1165           20146.1   14098.3   3978.59   12  19        0         
4  9  9   319.39    1173           17291.6   13631.2   2911.05   9   11        2         
4  10 8   235.28    1175           15549.8   12688.1   235.28    4   6         0         
6  1  29  1919.43   1695           98989.4   41086.0   6230.00   29  45        21        
6  2  21  3211.14   1712           77326.0   44951.6   6505.80   10  18        9         
6  3  14  450.80    1739           57124.6   47553.3   4315.89   6   9         2         
6  4  9   327.55    879            37052.7   35747.4   6059.40   0   0         0         
6  5  22  1737.24   1703           77139.0   39246.8   10590.74  10  20        7         
6  6  20  107.80    1714           70034.6   38124.3   5853.92   9   18        3         
6  7  17  1462.78   1735           58956.3   36379.3   8554.93   8   8         5         
6  8  14  8646.97   1739           48469.0   34546.9   8646.97   4   4         1         
6  9  14  1499.69   1731           47673.5   33931.1   3150.49   3   5         1         
6  10 12  479.98    1747           40093.6   32706.7   479.98    1   2         0         
