success		1       0       1       53      1       0       70631.58  101     16.0     ms
success		1       1       1       84      1       0       70792.38  100     16.0     ms
success		1       2       1       42      1       0       70773.85  99      16.0     ms
success		1       3       1       1       1       0       70480.08  98      16.0     ms
success		1       4       1       30      1       0       69601.79  97      16.0     ms
success		1       5       1       19      1       0       69474.17  96      16.0     ms
success		1       6       1       11      1       0       69296.63  95      16.0     ms
success		1       7       1       73      1       0       69199.40  94      16.0     ms
success		1       8       1       12      1       0       69226.36  93      16.0     ms
success		1       9       1       83      1       0       68984.22  92      16.0     ms
success		1       10      1       34      1       0       68684.34  91      16.0     ms
success		1       11      1       47      1       0       67689.55  90      16.0     ms
success		1       12      1       25      1       0       66828.22  89      16.0     ms
success		1       13      1       44      1       0       66625.38  88      16.0     ms
success		1       14      2       67      2       0       66492.36  87      16.0     ms
success		1       15      1       63      1       0       66262.48  86      16.0     ms
success		1       16      2       9       2       0       66342.72  85      31.0     ms
success		1       17      1       62      1       0       66393.29  84      31.0     ms
success		1       18      1       72      1       0       66240.87  83      31.0     ms
success		1       19      1       39      1       0       65959.35  82      31.0     ms
success		1       20      1       44      1       0       64996.36  81      31.0     ms
success		1       21      1       43      1       0       63397.93  80      31.0     ms
success		1       22      1       79      1       0       61552.28  79      31.0     ms
success		1       23      1       14      1       0       61438.61  78      31.0     ms
success		1       24      1       27      1       0       61428.63  77      31.0     ms
success		1       25      1       1       1       0       61154.47  76      31.0     ms
success		1       26      1       62      1       0       61063.08  75      31.0     ms
success		1       27      1       71      1       0       60639.15  74      31.0     ms
success		1       28      2       8       2       0       60342.19  73      31.0     ms
success		1       29      2       39      2       0       59835.86  72      31.0     ms
success		1       30      2       34      2       0       59675.81  71      31.0     ms
success		1       31      1       60      1       0       59254.50  70      31.0     ms
success		1       32      1       19      1       0       58815.70  69      31.0     ms
success		1       33      1       24      1       0       58520.99  68      31.0     ms
success		1       34      2       1       2       0       58375.20  67      31.0     ms
success		1       35      1       42      1       0       57555.25  66      31.0     ms
success		1       36      1       14      1       0       57184.20  65      31.0     ms
success		1       37      2       15      2       0       57206.86  64      31.0     ms
success		1       38      1       38      1       0       57020.30  63      31.0     ms
success		1       39      2       50      2       0       55248.97  62      31.0     ms
success		1       40      3       1       3       0       53759.19  61      31.0     ms
success		1       41      2       33      2       0       53440.35  60      31.0     ms
success		1       42      2       51      2       0       52289.38  59      31.0     ms
success		1       43      2       49      2       0       51978.51  58      31.0     ms
success		1       44      2       11      2       0       51383.52  57      31.0     ms
success		1       45      2       48      2       0       51779.66  56      31.0     ms
success		1       46      1       38      1       0       50895.23  55      31.0     ms
success		1       47      1       31      1       0       50288.63  54      31.0     ms
success		1       48      3       44      3       0       49014.20  53      31.0     ms
success		1       49      2       37      2       0       47860.19  52      31.0     ms
success		1       50      1       32      1       0       47696.63  51      31.0     ms
success		1       51      1       2       1       0       47240.80  50      31.0     ms
success		1       52      1       17      1       0       45690.62  49      31.0     ms
success		1       53      1       14      1       0       45451.48  48      31.0     ms
success		1       54      3       22      3       0       45573.85  47      31.0     ms
success		1       55      2       44      2       0       45235.15  46      31.0     ms
success		1       56      4       41      4       0       44247.42  45      31.0     ms
success		1       57      4       6       4       0       43377.62  44      31.0     ms
success		1       58      2       14      2       0       43124.63  43      31.0     ms
success		1       59      3       21      3       0       42075.49  42      31.0     ms
success		1       60      4       40      4       0       41055.67  41      31.0     ms
success		1       61      2       21      2       0       40526.87  40      31.0     ms
success		1       62      3       19      3       0       39831.63  39      47.0     ms
success		1       63      2       14      2       0       39366.15  38      47.0     ms
success		1       64      3       18      3       0       39266.41  37      47.0     ms
success		1       65      1       24      1       0       38685.17  36      47.0     ms
success		1       66      2       32      2       0       38072.70  35      47.0     ms
success		1       67      4       34      4       0       37516.58  34      47.0     ms
success		1       68      4       14      4       0       37487.83  33      47.0     ms
success		1       69      6       6       6       0       36465.63  32      47.0     ms
success		1       70      3       11      3       0       35894.08  31      47.0     ms
success		1       71      2       10      2       0       35810.85  30      47.0     ms
success		1       72      7       25      7       0       36508.35  29      47.0     ms
success		1       73      2       3       2       0       35902.58  28      47.0     ms
success		1       74      5       13      5       0       35339.90  27      47.0     ms
success		1       75      2       26      2       0       34407.90  26      47.0     ms
success		1       76      2       19      2       0       33554.70  25      47.0     ms
success		1       77      3       24      3       0       32150.15  24      47.0     ms
success		1       78      5       2       5       0       30633.32  23      47.0     ms
success		1       79      4       8       4       0       29575.14  22      47.0     ms
success		1       80      6       18      6       0       28403.33  21      47.0     ms
success		1       81      4       9       4       0       26866.95  20      47.0     ms
success		1       82      4       9       4       0       25494.28  19      47.0     ms
success		1       83      8       14      8       0       24346.25  18      47.0     ms
success		1       84      5       2       5       0       23481.16  17      47.0     ms
success		1       85      6       10      6       0       21637.46  16      47.0     ms
success		1       86      8       12      6       0       22196.54  15      63.0     ms
success		1       87      8       8       6       0       22482.41  14      63.0     ms
success		1       88      15      7       11      0       19854.92  13      78.0     ms
success		1       89      12      3       9       0       18972.11  12      78.0     ms
success		1       90      15      5       8       0       18381.77  11      125.0    ms
success		1       91      16      0       10      0       17095.03  10      156.0    ms
success		1       92      21      0       11      0       15838.94  9       250.0    ms
success		1       93      203     2       10      0       13732.51  8       1342.0   ms
success		1       94      161     6       13      0       12067.54  7       2231.0   ms
success		1       0       1       18      1       0       83087.65  101     23322.0  ms
success		1       1       1       27      1       0       82358.82  100     23322.0  ms
success		1       2       1       14      1       0       81779.01  99      23322.0  ms
success		1       3       1       68      1       0       81553.42  98      23322.0  ms
success		1       4       1       39      1       0       81389.57  97      23322.0  ms
success		1       5       1       81      1       0       80991.32  96      23322.0  ms
success		1       6       1       78      1       0       80497.45  95      23322.0  ms
success		1       7       1       58      1       0       80084.93  94      23322.0  ms
success		1       8       1       53      1       0       79568.68  93      23322.0  ms
success		1       9       1       56      1       0       79375.47  92      23322.0  ms
success		1       10      1       53      1       0       78534.67  91      23322.0  ms
success		1       11      1       80      1       0       77605.62  90      23322.0  ms
success		1       12      2       50      2       0       76967.82  89      23322.0  ms
success		1       13      2       29      2       0       75765.58  88      23322.0  ms
success		1       14      1       30      1       0       75365.21  87      23322.0  ms
success		1       15      1       69      1       0       75013.54  86      23322.0  ms
success		1       16      1       32      1       0       74340.59  85      23322.0  ms
success		1       17      1       75      1       0       73583.52  84      23322.0  ms
success		1       18      2       83      2       0       73299.10  83      23322.0  ms
success		1       19      1       40      1       0       72427.23  82      23322.0  ms
success		1       20      2       11      2       0       71899.24  81      23322.0  ms
success		1       21      2       5       2       0       71727.52  80      23322.0  ms
success		1       22      1       11      1       0       71143.70  79      23322.0  ms
success		1       23      1       59      1       0       70623.32  78      23322.0  ms
success		1       24      1       50      1       0       69571.02  77      23322.0  ms
success		1       25      1       39      1       0       68728.86  76      23322.0  ms
success		1       26      3       32      3       0       68296.47  75      23322.0  ms
success		1       27      1       51      1       0       68075.76  74      23322.0  ms
success		1       28      2       19      2       0       66851.80  73      23322.0  ms
success		1       29      2       52      2       0       66416.54  72      23322.0  ms
success		1       30      1       49      1       0       66285.21  71      23322.0  ms
success		1       31      1       31      1       0       65942.00  70      23322.0  ms
success		1       32      3       60      3       0       64873.93  69      23322.0  ms
success		1       33      2       0       2       0       64436.45  68      23322.0  ms
success		1       34      1       11      1       0       64562.90  67      23322.0  ms
success		1       35      2       43      2       0       64183.58  66      23322.0  ms
success		1       36      1       29      1       0       63587.99  65      23322.0  ms
success		1       37      2       8       2       0       62963.61  64      23322.0  ms
success		1       38      2       8       2       0       61755.91  63      23322.0  ms
success		1       39      3       8       3       0       61246.52  62      23322.0  ms
success		1       40      2       6       2       0       60751.94  61      23322.0  ms
success		1       41      3       36      3       0       59966.34  60      23322.0  ms
success		1       42      2       35      2       0       59314.61  59      23322.0  ms
success		1       43      2       54      2       0       58290.84  58      23322.0  ms
success		1       44      1       17      1       0       57727.67  57      23322.0  ms
success		1       45      1       30      1       0       57222.65  56      23322.0  ms
success		1       46      4       50      4       0       56983.50  55      23322.0  ms
success		1       47      2       9       2       0       55588.28  54      23322.0  ms
success		1       48      2       3       2       0       54169.20  53      23322.0  ms
success		1       49      2       31      2       0       53336.74  52      23322.0  ms
success		1       50      1       18      1       0       52100.73  51      23322.0  ms
success		1       51      2       20      2       0       50639.11  50      23322.0  ms
success		1       52      1       11      1       0       49797.14  49      23322.0  ms
success		1       53      2       29      2       0       48855.12  48      23322.0  ms
success		1       54      2       45      2       0       48241.48  47      23322.0  ms
success		1       55      1       16      1       0       47669.83  46      23322.0  ms
success		1       56      1       2       1       0       47490.47  45      23338.0  ms
success		1       57      3       21      3       0       47055.15  44      23338.0  ms
success		1       58      1       37      1       0       46494.88  43      23338.0  ms
success		1       59      3       23      3       0       45370.07  42      23338.0  ms
success		1       60      1       0       1       0       45048.89  41      23338.0  ms
success		1       61      4       30      4       0       46085.51  40      23338.0  ms
success		1       62      1       0       1       0       45469.55  39      23338.0  ms
success		1       63      2       18      2       0       43526.51  38      23338.0  ms
success		1       64      3       11      3       0       42577.99  37      23338.0  ms
success		1       65      2       10      2       0       41347.61  36      23338.0  ms
success		1       66      3       14      3       0       40281.66  35      23338.0  ms
success		1       67      3       23      3       0       39107.62  34      23338.0  ms
success		1       68      3       32      3       0       37502.02  33      23338.0  ms
success		1       69      3       14      3       0       37211.49  32      23338.0  ms
success		1       70      2       0       2       0       35823.14  31      23338.0  ms
success		1       71      3       2       3       0       35382.69  30      23338.0  ms
success		1       72      4       14      4       0       35172.16  29      23338.0  ms
success		1       73      5       14      5       0       34984.28  28      23338.0  ms
success		1       74      9       7       9       0       35829.46  27      23338.0  ms
success		1       75      6       8       6       0       34436.61  26      23338.0  ms
success		1       76      3       17      3       0       32387.99  25      23338.0  ms
success		1       77      5       12      5       0       31304.97  24      23338.0  ms
success		1       78      3       2       3       0       29643.65  23      23338.0  ms
success		1       79      5       3       5       0       28738.00  22      23338.0  ms
success		1       80      3       10      3       0       28532.97  21      23338.0  ms
success		1       81      6       8       6       0       26518.95  20      23338.0  ms
success		1       82      4       4       4       0       25308.35  19      23338.0  ms
success		1       83      5       5       5       0       24218.15  18      23338.0  ms
success		1       84      8       5       8       0       23207.74  17      23338.0  ms
success		1       85      6       14      5       0       25789.34  16      23338.0  ms
success		1       86      7       7       7       0       24105.73  15      23338.0  ms
success		1       87      6       3       6       0       22563.33  14      23338.0  ms
success		1       88      10      6       8       0       20586.46  13      23338.0  ms
success		1       89      13      10      10      0       19177.06  12      23353.0  ms
success		1       90      10      8       8       0       17633.97  11      23353.0  ms
success		1       91      25      8       7       0       16971.90  10      23416.0  ms
success		1       92      8       2       7       0       15265.16  9       23431.0  ms
success		1       93      48      4       11      0       13274.63  8       23696.0  ms
success		1       0       1       3       1       0       84023.65  101     36223.0  ms
success		1       1       1       6       1       0       83744.94  100     36223.0  ms
success		1       2       1       20      1       0       82562.50  99      36223.0  ms
success		1       3       1       92      1       0       82335.00  98      36223.0  ms
success		1       4       1       4       1       0       81464.81  97      36223.0  ms
success		1       5       1       58      1       0       81101.45  96      36223.0  ms
success		1       6       1       18      1       0       80478.19  95      36223.0  ms
success		1       7       2       22      2       0       79538.42  94      36223.0  ms
success		1       8       1       67      1       0       79361.02  93      36223.0  ms
success		1       9       1       7       1       0       79059.82  92      36223.0  ms
success		1       10      1       75      1       0       78578.37  91      36223.0  ms
success		1       11      1       25      1       0       78068.57  90      36223.0  ms
success		1       12      1       44      1       0       77629.99  89      36223.0  ms
success		1       13      1       55      1       0       77079.44  88      36223.0  ms
success		1       14      2       45      2       0       76668.59  87      36223.0  ms
success		1       15      2       34      2       0       75637.17  86      36223.0  ms
success		1       16      2       62      2       0       74994.64  85      36223.0  ms
success		1       17      1       4       1       0       74553.16  84      36223.0  ms
success		1       18      1       42      1       0       73423.94  83      36223.0  ms
success		1       19      1       79      1       0       72882.28  82      36223.0  ms
success		1       20      1       36      1       0       71833.55  81      36223.0  ms
success		1       21      1       23      1       0       71036.73  80      36223.0  ms
success		1       22      1       74      1       0       70340.95  79      36223.0  ms
success		1       23      1       20      1       0       69841.40  78      36223.0  ms
success		1       24      1       3       1       0       69221.98  77      36223.0  ms
success		1       25      1       71      1       0       69084.38  76      36223.0  ms
success		1       26      2       75      2       0       68496.87  75      36223.0  ms
success		1       27      1       13      1       0       66384.69  74      36223.0  ms
success		1       28      1       45      1       0       65108.88  73      36223.0  ms
success		1       29      1       50      1       0       64882.52  72      36223.0  ms
success		1       30      1       2       1       0       64472.68  71      36223.0  ms
success		1       31      2       43      2       0       64054.13  70      36223.0  ms
success		1       32      1       63      1       0       62778.62  69      36223.0  ms
success		1       33      2       18      2       0       62194.11  68      36223.0  ms
success		1       34      2       57      2       0       61450.51  67      36223.0  ms
success		1       35      1       40      1       0       60966.41  66      36223.0  ms
success		1       36      2       6       2       0       60869.65  65      36223.0  ms
success		1       37      1       57      1       0       60530.86  64      36223.0  ms
success		1       38      1       2       1       0       59601.46  63      36223.0  ms
success		1       39      2       6       2       0       59681.65  62      36223.0  ms
success		1       40      2       49      2       0       59260.11  61      36223.0  ms
success		1       41      2       14      2       0       58415.96  60      36223.0  ms
success		1       42      1       19      1       0       57407.32  59      36223.0  ms
success		1       43      2       29      2       0       56559.25  58      36223.0  ms
success		1       44      3       55      3       0       55267.57  57      36223.0  ms
success		1       45      2       21      2       0       54606.75  56      36223.0  ms
success		1       46      3       41      3       0       53262.84  55      36223.0  ms
success		1       47      1       3       1       0       52613.12  54      36223.0  ms
success		1       48      3       2       3       0       51677.31  53      36223.0  ms
success		1       49      3       3       3       0       50952.13  52      36223.0  ms
success		1       50      1       18      1       0       50548.21  51      36223.0  ms
success		1       51      2       7       2       0       50019.56  50      36223.0  ms
success		1       52      1       24      1       0       49506.52  49      36223.0  ms
success		1       53      3       7       3       0       49594.87  48      36223.0  ms
success		1       54      6       22      6       0       49622.27  47      36223.0  ms
success		1       55      1       8       1       0       49105.28  46      36223.0  ms
success		1       56      3       8       3       0       47216.97  45      36223.0  ms
success		1       57      1       39      1       0       46610.25  44      36223.0  ms
success		1       58      2       43      2       0       45446.39  43      36223.0  ms
success		1       59      1       26      1       0       44786.00  42      36223.0  ms
success		1       60      4       4       4       0       44232.82  41      36223.0  ms
success		1       61      2       25      2       0       42558.20  40      36223.0  ms
success		1       62      1       23      1       0       41804.46  39      36223.0  ms
success		1       63      2       15      2       0       40806.69  38      36223.0  ms
success		1       64      3       19      3       0       40277.04  37      36223.0  ms
success		1       65      2       13      2       0       38997.34  36      36223.0  ms
success		1       66      2       35      2       0       38632.56  35      36223.0  ms
success		1       67      2       33      2       0       38107.37  34      36223.0  ms
success		1       68      2       17      2       0       37801.75  33      36223.0  ms
success		1       69      1       14      1       0       37238.42  32      36223.0  ms
success		1       70      1       7       1       0       36871.94  31      36223.0  ms
success		1       71      2       27      2       0       36682.64  30      36223.0  ms
success		1       72      2       13      2       0       35654.32  29      36223.0  ms
success		1       73      3       4       3       0       34512.84  28      36223.0  ms
success		1       74      2       22      2       0       34309.60  27      36223.0  ms
success		1       75      4       0       4       0       34017.94  26      36223.0  ms
success		1       76      3       11      3       0       33110.25  25      36223.0  ms
success		1       77      1       23      1       0       31764.20  24      36223.0  ms
success		1       78      8       23      8       0       31349.32  23      36223.0  ms
success		1       79      7       6       7       0       31455.84  22      36223.0  ms
success		1       80      6       12      6       0       30099.79  21      36223.0  ms
success		1       81      3       18      3       0       28777.69  20      36223.0  ms
success		1       82      3       9       3       0       27763.33  19      36223.0  ms
success		1       83      5       12      5       0       27218.60  18      36223.0  ms
success		1       84      8       10      6       0       25049.00  17      36239.0  ms
success		1       85      11      5       7       0       24261.62  16      36239.0  ms
success		1       86      8       9       6       0       22452.64  15      36239.0  ms
success		1       87      7       11      4       0       21634.56  14      36239.0  ms
success		1       88      10      8       8       0       21350.44  13      36239.0  ms
success		1       89      15      1       7       0       19025.69  12      36254.0  ms
success		1       90      13      4       11      0       17616.68  11      36254.0  ms
success		1       91      17      7       7       0       15633.65  10      36270.0  ms
success		1       92      18      4       12      0       14209.84  9       36285.0  ms
success		1       93      41      2       9       0       12622.61  8       36441.0  ms
success		1       94      62      3       14      0       11982.69  7       36722.0  ms
success		1       0       1       11      1       0       83485.96  101     51261.0  ms
success		1       1       1       75      1       0       82878.47  100     51261.0  ms
success		1       2       1       20      1       0       82247.65  99      51261.0  ms
success		1       3       1       73      1       0       81931.17  98      51261.0  ms
success		1       4       1       20      1       0       80786.22  97      51261.0  ms
success		1       5       1       42      1       0       80453.20  96      51261.0  ms
success		1       6       1       27      1       0       80044.71  95      51261.0  ms
success		1       7       1       79      1       0       79946.63  94      51261.0  ms
success		1       8       1       31      1       0       79679.64  93      51261.0  ms
success		1       9       1       41      1       0       79262.34  92      51261.0  ms
success		1       10      1       44      1       0       78109.47  91      51261.0  ms
success		1       11      1       85      1       0       77842.36  90      51261.0  ms
success		1       12      1       25      1       0       77006.62  89      51261.0  ms
success		1       13      1       7       1       0       76690.49  88      51261.0  ms
success		1       14      1       43      1       0       76250.43  87      51261.0  ms
success		1       15      1       6       1       0       75738.69  86      51261.0  ms
success		1       16      1       85      1       0       74116.86  85      51261.0  ms
success		1       17      1       12      1       0       73825.72  84      51261.0  ms
success		1       18      1       33      1       0       73659.18  83      51261.0  ms
success		1       19      1       1       1       0       73381.15  82      51261.0  ms
success		1       20      1       79      1       0       72346.03  81      51261.0  ms
success		1       21      1       40      1       0       71577.64  80      51261.0  ms
success		1       22      1       34      1       0       70517.02  79      51261.0  ms
success		1       23      2       19      2       0       69783.58  78      51261.0  ms
success		1       24      1       2       1       0       69557.53  77      51261.0  ms
success		1       25      1       40      1       0       68832.99  76      51261.0  ms
success		1       26      1       38      1       0       68255.31  75      51261.0  ms
success		1       27      1       35      1       0       67720.00  74      51261.0  ms
success		1       28      1       3       1       0       67248.47  73      51261.0  ms
success		1       29      1       0       1       0       66366.35  72      51261.0  ms
success		1       30      2       30      2       0       66467.02  71      51261.0  ms
success		1       31      3       3       3       0       64934.26  70      51261.0  ms
success		1       32      1       51      1       0       64609.29  69      51261.0  ms
success		1       33      1       44      1       0       64524.67  68      51261.0  ms
success		1       34      1       33      1       0       63824.22  67      51261.0  ms
success		1       35      3       36      3       0       63483.22  66      51261.0  ms
success		1       36      1       48      1       0       62596.51  65      51261.0  ms
success		1       37      1       60      1       0       61845.32  64      51261.0  ms
success		1       38      1       13      1       0       61194.99  63      51261.0  ms
success		1       39      1       26      1       0       60803.94  62      51261.0  ms
success		1       40      1       59      1       0       59054.83  61      51261.0  ms
success		1       41      2       38      2       0       57848.89  60      51261.0  ms
success		1       42      2       14      2       0       57347.96  59      51261.0  ms
success		1       43      2       33      2       0       56268.56  58      51261.0  ms
success		1       44      2       42      2       0       55186.36  57      51261.0  ms
success		1       45      1       34      1       0       54798.23  56      51261.0  ms
success		1       46      1       24      1       0       54348.79  55      51261.0  ms
success		1       47      1       47      1       0       53693.54  54      51261.0  ms
success		1       48      2       10      2       0       54319.28  53      51261.0  ms
success		1       49      1       33      1       0       53054.76  52      51261.0  ms
success		1       50      3       13      3       0       52354.22  51      51261.0  ms
success		1       51      2       2       2       0       52481.27  50      51261.0  ms
success		1       52      1       36      1       0       52139.94  49      51261.0  ms
success		1       53      4       11      4       0       51695.01  48      51261.0  ms
success		1       54      3       29      3       0       51131.13  47      51261.0  ms
success		1       55      1       22      1       0       50510.49  46      51261.0  ms
success		1       56      2       7       2       0       50065.51  45      51261.0  ms
success		1       57      2       10      2       0       49691.35  44      51261.0  ms
success		1       58      1       23      1       0       48725.67  43      51261.0  ms
success		1       59      3       40      3       0       48413.08  42      51261.0  ms
success		1       60      3       36      3       0       47833.11  41      51261.0  ms
success		1       61      2       6       2       0       47324.74  40      51261.0  ms
success		1       62      4       29      4       0       45641.89  39      51261.0  ms
success		1       63      4       30      4       0       45451.85  38      51261.0  ms
success		1       64      3       33      3       0       44550.60  37      51261.0  ms
success		1       65      2       22      2       0       43207.88  36      51261.0  ms
success		1       66      5       15      5       0       41439.91  35      51261.0  ms
success		1       67      2       12      2       0       39387.57  34      51261.0  ms
success		1       68      4       9       4       0       38740.38  33      51261.0  ms
success		1       69      1       19      1       0       38088.10  32      51261.0  ms
success		1       70      4       15      4       0       37686.38  31      51261.0  ms
success		1       71      4       21      4       0       36900.40  30      51261.0  ms
success		1       72      3       9       3       0       34805.61  29      51261.0  ms
success		1       73      4       13      4       0       34471.27  28      51261.0  ms
success		1       74      5       18      5       0       34241.13  27      51261.0  ms
success		1       75      4       18      4       0       33471.60  26      51261.0  ms
success		1       76      3       4       3       0       32369.11  25      51261.0  ms
success		1       77      3       12      3       0       31645.11  24      51261.0  ms
success		1       78      2       19      2       0       30085.50  23      51261.0  ms
success		1       79      5       5       5       0       29719.06  22      51261.0  ms
success		1       80      6       17      6       0       28614.47  21      51261.0  ms
success		1       81      5       19      5       0       27884.02  20      51261.0  ms
success		1       82      4       11      4       0       26207.93  19      51261.0  ms
success		1       83      5       9       5       0       25347.02  18      51261.0  ms
success		1       84      6       14      6       0       24884.07  17      51261.0  ms
success		1       85      9       13      8       0       25680.81  16      51261.0  ms
success		1       86      10      13      9       0       22866.89  15      51277.0  ms
success		1       87      8       4       8       0       21652.98  14      51277.0  ms
success		1       88      6       13      5       0       20754.19  13      51277.0  ms
success		1       89      13      10      8       0       19612.25  12      51277.0  ms
success		1       90      8       10      6       0       16843.86  11      51277.0  ms
success		1       91      18      3       12      0       16519.60  10      51292.0  ms
success		1       92      45      6       9       0       14928.08  9       51402.0  ms
success		1       93      53      4       10      0       13351.88  8       51589.0  ms
success		1       0       1       49      1       0       83981.67  101     62930.0  ms
success		1       1       1       70      1       0       83751.89  100     62930.0  ms
success		1       2       1       99      1       0       83463.28  99      62930.0  ms
success		1       3       1       88      1       0       83059.68  98      62930.0  ms
success		1       4       1       94      1       0       82753.50  97      62930.0  ms
success		1       5       2       61      2       0       81807.64  96      62930.0  ms
success		1       6       1       61      1       0       81482.76  95      62930.0  ms
success		1       7       1       42      1       0       81316.51  94      62930.0  ms
success		1       8       1       32      1       0       80885.56  93      62930.0  ms
success		1       9       1       85      1       0       80325.52  92      62930.0  ms
success		1       10      1       10      1       0       80030.52  91      62930.0  ms
success		1       11      1       81      1       0       78535.60  90      62930.0  ms
success		1       12      1       6       1       0       77952.70  89      62930.0  ms
success		1       13      1       69      1       0       77584.16  88      62930.0  ms
success		1       14      1       3       1       0       77489.85  87      62930.0  ms
success		1       15      1       68      1       0       76765.57  86      62930.0  ms
success		1       16      1       5       1       0       76465.73  85      62930.0  ms
success		1       17      1       29      1       0       76282.15  84      62930.0  ms
success		1       18      1       68      1       0       75914.75  83      62930.0  ms
success		1       19      1       5       1       0       74960.88  82      62930.0  ms
success		1       20      1       17      1       0       73381.08  81      62930.0  ms
success		1       21      2       53      2       0       72790.51  80      62930.0  ms
success		1       22      1       16      1       0       72181.84  79      62930.0  ms
success		1       23      1       58      1       0       71831.05  78      62930.0  ms
success		1       24      1       68      1       0       70984.93  77      62930.0  ms
success		1       25      3       40      3       0       71318.71  76      62930.0  ms
success		1       26      1       63      1       0       70759.41  75      62930.0  ms
success		1       27      1       19      1       0       70087.70  74      62930.0  ms
success		1       28      1       51      1       0       69697.42  73      62930.0  ms
success		1       29      1       0       1       0       68315.75  72      62930.0  ms
success		1       30      1       60      1       0       67980.84  71      62930.0  ms
success		1       31      2       31      2       0       67311.74  70      62930.0  ms
success		1       32      1       52      1       0       66344.04  69      62930.0  ms
success		1       33      1       8       1       0       65642.30  68      62930.0  ms
success		1       34      1       3       1       0       64652.07  67      62930.0  ms
success		1       35      2       16      2       0       64600.65  66      62930.0  ms
success		1       36      1       46      1       0       63269.48  65      62930.0  ms
success		1       37      1       14      1       0       61944.85  64      62930.0  ms
success		1       38      1       46      1       0       61836.77  63      62930.0  ms
success		1       39      1       49      1       0       61665.01  62      62930.0  ms
success		1       40      3       3       3       0       60369.26  61      62930.0  ms
success		1       41      1       58      1       0       59597.27  60      62930.0  ms
success		1       42      2       17      2       0       58280.74  59      62930.0  ms
success		1       43      2       26      2       0       57619.11  58      62930.0  ms
success		1       44      3       52      3       0       57582.07  57      62930.0  ms
success		1       45      3       47      3       0       56479.14  56      62930.0  ms
success		1       46      2       12      2       0       55822.05  55      62930.0  ms
success		1       47      1       46      1       0       55222.13  54      62930.0  ms
success		1       48      2       29      2       0       54855.77  53      62930.0  ms
success		1       49      3       12      3       0       54574.48  52      62930.0  ms
success		1       50      4       10      4       0       53541.45  51      62930.0  ms
success		1       51      1       16      1       0       51932.89  50      62930.0  ms
success		1       52      1       44      1       0       51397.48  49      62930.0  ms
success		1       53      1       9       1       0       50384.48  48      62930.0  ms
success		1       54      3       6       3       0       50050.21  47      62930.0  ms
success		1       55      2       27      2       0       48694.75  46      62930.0  ms
success		1       56      1       26      1       0       47920.72  45      62930.0  ms
success		1       57      2       30      2       0       46619.98  44      62930.0  ms
success		1       58      3       36      3       0       46105.78  43      62930.0  ms
success		1       59      2       8       2       0       44533.28  42      62930.0  ms
success		1       60      3       19      3       0       43545.59  41      62930.0  ms
success		1       61      2       0       2       0       42943.48  40      62930.0  ms
success		1       62      2       11      2       0       42424.20  39      62930.0  ms
success		1       63      1       0       1       0       42063.87  38      62930.0  ms
success		1       64      3       12      3       0       41060.41  37      62930.0  ms
success		1       65      1       18      1       0       40674.53  36      62930.0  ms
success		1       66      1       11      1       0       39355.60  35      62930.0  ms
success		1       67      2       17      2       0       38793.04  34      62930.0  ms
success		1       68      2       21      2       0       37541.19  33      62930.0  ms
success		1       69      1       13      1       0       36995.17  32      62930.0  ms
success		1       70      1       5       1       0       36268.36  31      62930.0  ms
success		1       71      4       28      4       0       35168.46  30      62930.0  ms
success		1       72      6       13      6       0       34746.54  29      62930.0  ms
success		1       73      3       3       3       0       33965.33  28      62930.0  ms
success		1       74      3       15      3       0       33492.75  27      62930.0  ms
success		1       75      4       10      4       0       32512.67  26      62930.0  ms
success		1       76      4       13      4       0       31721.51  25      62930.0  ms
success		1       77      4       4       4       0       31309.67  24      62945.0  ms
success		1       78      7       14      7       0       31952.33  23      62945.0  ms
success		1       79      5       7       5       0       30586.23  22      62945.0  ms
success		1       80      5       3       5       0       29687.93  21      62945.0  ms
success		1       81      4       5       3       0       28464.59  20      62945.0  ms
success		1       82      3       13      3       0       27553.20  19      62945.0  ms
success		1       83      3       8       3       0       26144.65  18      62945.0  ms
success		1       84      4       17      4       0       25231.21  17      62945.0  ms
success		1       85      4       6       4       0       23266.78  16      62945.0  ms
success		1       86      6       0       6       0       21673.67  15      62945.0  ms
success		1       87      8       7       8       0       20755.64  14      62945.0  ms
success		1       88      7       10      7       0       19375.00  13      62945.0  ms
success		1       89      15      11      8       0       19191.30  12      62961.0  ms
success		1       90      14      8       8       0       17799.13  11      63008.0  ms
success		1       91      35      9       9       0       15551.13  10      63117.0  ms
success		1       92      51      4       8       0       14781.19  9       63445.0  ms
success		1       93      195     3       10      0       13715.14  8       64739.0  ms
success		1       0       1       83      1       0       83548.58  101     77531.0  ms
success		1       1       1       28      1       0       82886.89  100     77531.0  ms
success		1       2       1       32      1       0       82291.15  99      77531.0  ms
success		1       3       1       16      1       0       82219.46  98      77531.0  ms
success		1       4       1       81      1       0       81719.78  97      77531.0  ms
success		1       5       1       22      1       0       81160.00  96      77531.0  ms
success		1       6       1       43      1       0       80900.99  95      77531.0  ms
success		1       7       1       49      1       0       80229.10  94      77531.0  ms
success		1       8       1       29      1       0       79743.89  93      77531.0  ms
success		1       9       1       62      1       0       78342.43  92      77531.0  ms
success		1       10      1       11      1       0       77856.01  91      77547.0  ms
success		1       11      1       54      1       0       77552.67  90      77547.0  ms
success		1       12      1       66      1       0       77031.98  89      77547.0  ms
success		1       13      1       69      1       0       75414.76  88      77547.0  ms
success		1       14      1       40      1       0       75031.04  87      77547.0  ms
success		1       15      1       61      1       0       74579.11  86      77547.0  ms
success		1       16      2       47      2       0       73751.70  85      77547.0  ms
success		1       17      1       44      1       0       73248.82  84      77547.0  ms
success		1       18      2       17      2       0       74116.92  83      77547.0  ms
success		1       19      1       33      1       0       73579.22  82      77547.0  ms
success		1       20      1       26      1       0       73082.53  81      77547.0  ms
success		1       21      1       23      1       0       72162.81  80      77547.0  ms
success		1       22      2       25      2       0       71759.67  79      77547.0  ms
success		1       23      2       70      2       0       71271.19  78      77547.0  ms
success		1       24      2       64      2       0       70755.02  77      77547.0  ms
success		1       25      1       13      1       0       70545.01  76      77547.0  ms
success		1       26      1       39      1       0       69814.94  75      77547.0  ms
success		1       27      1       67      1       0       69374.57  74      77547.0  ms
success		1       28      2       21      2       0       69238.89  73      77547.0  ms
success		1       29      1       4       1       0       67522.64  72      77547.0  ms
success		1       30      1       56      1       0       67163.85  71      77547.0  ms
success		1       31      1       63      1       0       66644.53  70      77547.0  ms
success		1       32      2       52      2       0       65961.97  69      77547.0  ms
success		1       33      3       55      3       0       65629.04  68      77547.0  ms
success		1       34      1       39      1       0       64833.99  67      77547.0  ms
success		1       35      1       23      1       0       64396.28  66      77547.0  ms
success		1       36      1       65      1       0       62352.70  65      77547.0  ms
success		1       37      2       5       2       0       62088.21  64      77547.0  ms
success		1       38      1       12      1       0       61329.54  63      77547.0  ms
success		1       39      2       5       2       0       60874.17  62      77547.0  ms
success		1       40      1       43      1       0       60688.62  61      77547.0  ms
success		1       41      1       9       1       0       59738.17  60      77547.0  ms
success		1       42      4       14      4       0       58940.37  59      77547.0  ms
success		1       43      2       27      2       0       58746.14  58      77547.0  ms
success		1       44      1       21      1       0       58436.54  57      77547.0  ms
success		1       45      1       52      1       0       57351.09  56      77547.0  ms
success		1       46      3       35      3       0       55776.58  55      77547.0  ms
success		1       47      1       4       1       0       55093.12  54      77547.0  ms
success		1       48      2       47      2       0       53701.32  53      77547.0  ms
success		1       49      2       36      2       0       53217.21  52      77547.0  ms
success		1       50      1       21      1       0       53015.79  51      77547.0  ms
success		1       51      1       2       1       0       52683.97  50      77547.0  ms
success		1       52      2       37      2       0       52555.05  49      77547.0  ms
success		1       53      3       10      3       0       51518.26  48      77547.0  ms
success		1       54      3       18      3       0       50152.95  47      77547.0  ms
success		1       55      1       24      1       0       49645.60  46      77547.0  ms
success		1       56      3       2       3       0       48934.03  45      77547.0  ms
success		1       57      3       1       3       0       48407.81  44      77547.0  ms
success		1       58      2       4       2       0       47888.86  43      77547.0  ms
success		1       59      2       9       2       0       46313.54  42      77547.0  ms
success		1       60      2       32      2       0       46082.18  41      77547.0  ms
success		1       61      1       7       1       0       45137.39  40      77547.0  ms
success		1       62      3       4       3       0       44240.13  39      77547.0  ms
success		1       63      3       22      3       0       44008.65  38      77547.0  ms
success		1       64      2       24      2       0       43893.44  37      77547.0  ms
success		1       65      2       17      2       0       42922.26  36      77547.0  ms
success		1       66      2       1       2       0       41481.39  35      77547.0  ms
success		1       67      2       21      2       0       40647.53  34      77547.0  ms
success		1       68      4       23      4       0       40220.15  33      77547.0  ms
success		1       69      4       2       4       0       39695.58  32      77547.0  ms
success		1       70      5       10      5       0       38775.00  31      77547.0  ms
success		1       71      2       8       2       0       36958.00  30      77547.0  ms
success		1       72      3       25      3       0       36518.98  29      77547.0  ms
success		1       73      2       4       2       0       35796.69  28      77547.0  ms
success		1       74      3       3       3       0       35339.48  27      77547.0  ms
success		1       75      1       24      1       0       34655.85  26      77547.0  ms
success		1       76      4       17      4       0       33672.71  25      77547.0  ms
success		1       77      4       5       4       0       32100.67  24      77547.0  ms
success		1       78      4       8       4       0       30945.59  23      77547.0  ms
success		1       79      5       0       5       0       30212.97  22      77547.0  ms
success		1       80      4       14      4       0       28627.77  21      77547.0  ms
success		1       81      3       18      3       0       28114.70  20      77547.0  ms
success		1       82      6       18      6       0       26455.92  19      77547.0  ms
success		1       83      7       7       7       0       24632.73  18      77547.0  ms
success		1       84      5       5       4       0       25275.75  16      77547.0  ms
success		1       85      5       11      5       0       24204.72  15      77547.0  ms
success		1       86      11      3       11      0       22292.34  14      77547.0  ms
success		1       87      10      10      6       0       20893.14  13      77562.0  ms
success		1       88      9       9       9       0       18581.17  12      77562.0  ms
success		1       89      12      8       10      0       18212.62  11      77562.0  ms
success		1       90      12      0       11      0       16892.20  10      77562.0  ms
success		1       91      32      3       10      0       15702.55  9       77672.0  ms
success		1       92      76      5       10      0       13664.10  8       78093.0  ms
cross iterater0
bad   	success		7767.23   13284.62  8       88607.0  ms cross
rand   	success		7639.94   11887.94  7       101555.0 ms cross
bad   	success		8112.37   13113.91  8       101571.0 ms cross
rand   	ab
ab6	4
ab7	5
cross iterater1
bad   	success		8406.06   13084.16  8       112834.0 ms cross
rand   	bad   	success		8075.70   13351.76  8       128090.0 ms cross
rand   	ab
ab6	5
ab7	1
cross iterater2
bad   	rand   	success		7848.23   11847.03  7       161411.0 ms cross
bad   	success		8194.21   11628.54  7       161411.0 ms cross
rand   	ab
ab6	1
fail		8101.23   12740.75  7       191145.0 ms
fail		7848.23   11744.90  7       211924.0 ms
cross iterater3
bad   	success		8159.78   12279.02  7       211955.0 ms cross
rand   	bad   	rand   	success		7808.32   12019.60  7       245338.0 ms cross
ab
ab6	1
fail		7573.04   12154.09  7       267256.0 ms
cross iterater4
bad   	rand   	success		7578.38   12489.10  7       281093.0 ms cross
bad   	success		8320.38   12437.15  7       283542.0 ms cross
rand   	ab
ab7	5
ab6	2
cross iterater5
bad   	success		8406.37   11375.83  7       310967.0 ms cross
rand   	bad   	rand   	success		7994.82   12067.59  7       335178.0 ms cross
ab
ab7	2
fail		8100.58   11626.64  7       354771.0 ms
cross iterater6
bad   	rand   	bad   	rand   	ab
ab7	3
ab6	5
fail		7281.36   12043.21  7       445952.0 ms
cross iterater7
ab
ab7	5
fail		8042.01   11663.49  7       465249.0 ms
fail		8212.04   11925.11  7       478493.0 ms
fail		8009.47   11876.14  7       501549.0 ms
cross iterater8
bad   	success		7131.76   11625.20  7       501643.0 ms cross
rand   	bad   	success		7774.35   11526.69  7       522297.0 ms cross
rand   	ab
ab6	2
ab7	4
cross iterater9
bad   	success		8114.54   11782.59  7       540908.0 ms cross
rand   	bad   	success		7900.44   11582.41  7       556071.0 ms cross
rand   	ab
ab6	4
ab7	5
fail		7917.57   12291.97  7       588596.0 ms
fail		7774.15   12049.85  7       605928.0 ms
cross iterater10
bad   	success		7621.19   12277.57  7       606645.0 ms cross
rand   	bad   	success		8094.16   12361.07  7       628719.0 ms cross
rand   	ab
ab7	3
fail		7621.19   11965.76  7       673178.0 ms
cross iterater11
bad   	success		7938.28   12273.64  7       673350.0 ms cross
rand   	bad   	success		7631.17   11966.54  7       693349.0 ms cross
rand   	ab
ab7	0
fail		7592.32   11740.04  7       733877.0 ms
cross iterater12
ab
ab6	1
fail		7774.35   11714.87  7       748416.0 ms
cross iterater13
bad   	success		7898.03   12564.66  7       751162.0 ms cross
rand   	bad   	success		8309.28   12135.06  7       775451.0 ms cross
rand   	ab
ab6	4
ab7	3
fail		8042.01   11663.49  7       804451.0 ms
cross iterater14
bad   	success		7629.54   11579.54  7       804451.0 ms cross
rand   	bad   	success		8108.63   11471.14  7       819926.0 ms cross
rand   	ab
ab6	3
fail		7822.92   11869.13  7       854401.0 ms
fail		8108.63   11578.93  7       874291.0 ms
fail		7774.35   11714.87  7       888097.0 ms
cross iterater15
bad   	success		7892.99   11248.54  7       888097.0 ms cross
rand   	bad   	success		7754.97   11531.98  7       906099.0 ms cross
rand   	ab
ab6	3
fail		7586.40   11387.96  7       952758.0 ms
cross iterater16
bad   	success		7869.25   11611.55  7       952774.0 ms cross
rand   	bad   	success		7551.40   11600.20  7       967812.0 ms cross
rand   	ab
ab6	5
fail		7892.99   11511.50  7       1013582.0 ms
fail		7586.40   11387.96  7       1029259.0 ms
fail		8049.83   11791.12  7       1052862.0 ms
cross iterater17
bad   	success		7910.85   11508.51  7       1052862.0 ms cross
rand   	bad   	rand   	success		7411.92   11692.19  7       1081566.0 ms cross
ab
ab6	1
fail		7910.85   11511.50  7       1093780.0 ms
cross iterater18
bad   	success		7796.96   11410.66  7       1094139.0 ms cross
rand   	bad   	success		7906.95   11915.32  7       1113530.0 ms cross
rand   	ab
ab6	0
ab7	4
cross iterater19
bad   	success		7785.24   11515.40  7       1134449.0 ms cross
rand   	bad   	success		7731.67   11362.61  7       1152576.0 ms cross
rand   	ab
fail		7411.92   11963.03  7       1193057.0 ms
cross iterater20
bad   	success		7607.88   11874.79  7       1193416.0 ms cross
rand   	bad   	success		7177.59   12385.78  7       1213743.0 ms cross
rand   	ab
ab6	0
ab7	2
fail		7869.25   11772.40  7       1264629.0 ms
cross iterater21
bad   	success		8069.67   11931.23  7       1264645.0 ms cross
rand   	bad   	success		7990.67   10710.65  7       1288403.0 ms cross
rand   	ab
ab6	3
ab7	0
fail		7952.95   12073.40  7       1345686.0 ms
fail		7833.48   11294.59  7       1367994.0 ms
cross iterater22
bad   	success		7677.74   11963.31  7       1367994.0 ms cross
rand   	bad   	success		7548.06   11461.66  7       1381285.0 ms cross
rand   	ab
ab6	2
fail		7548.06   11393.42  7       1409115.0 ms
cross iterater23
bad   	success		7613.95   11908.09  7       1409224.0 ms cross
rand   	bad   	success		7931.44   11516.45  7       1426633.0 ms cross
rand   	ab
ab6	1
cross iterater24
bad   	success		8225.12   11963.65  7       1438442.0 ms cross
rand   	bad   	success		8130.55   11313.66  7       1456866.0 ms cross
rand   	ab
ab6	2
ab7	0
fail		7990.67   11479.28  7       1489547.0 ms
cross iterater25
bad   	success		7875.19   11115.23  7       1489563.0 ms cross
rand   	bad   	success		7757.74   11292.88  7       1510591.0 ms cross
rand   	ab
ab6	4
ab7	5
fail		7626.54   11899.92  7       1541588.0 ms
fail		7875.19   11263.50  7       1552804.0 ms
cross iterater26
bad   	success		7433.56   11550.50  7       1552804.0 ms cross
rand   	bad   	success		7764.98   11959.59  7       1568233.0 ms cross
rand   	ab
ab7	5
fail		7297.22   12045.57  7       1602271.0 ms
fail		7833.48   11294.59  7       1623393.0 ms
cross iterater27
ab
ab7	0
fail		7875.19   11263.50  7       1647573.0 ms
cross iterater28
ab
fail		7445.92   11848.07  7       1667884.0 ms
fail		7548.06   11393.42  7       1688725.0 ms
cross iterater29
bad   	success		7818.57   11266.12  7       1688741.0 ms cross
rand   	bad   	success		7723.26   11954.58  7       1711298.0 ms cross
rand   	ab
ab7	5
fail		7713.79   12062.16  7       1748504.0 ms
fail		7303.36   11444.52  7       1764743.0 ms
cross iterater30
ab
ab7	0
fail		7875.19   11263.50  7       1781934.0 ms
cross iterater31
bad   	success		7780.20   11565.41  7       1781934.0 ms cross
rand   	bad   	success		7773.24   11002.88  7       1795459.0 ms cross
rand   	ab
fail		7833.48   11294.59  7       1823508.0 ms
fail		7818.57   11568.55  7       1839529.0 ms
cross iterater32
bad   	success		7856.54   11223.89  7       1839529.0 ms cross
rand   	bad   	success		7728.27   11139.02  7       1853413.0 ms cross
rand   	ab
ab7	0
cross iterater33
ab
fail		7833.48   11294.59  7       1880494.0 ms
fail		7773.24   11559.09  7       1898153.0 ms
cross iterater34
bad   	success		7428.55   11087.03  7       1898168.0 ms cross
rand   	bad   	success		7817.47   12135.59  7       1911834.0 ms cross
rand   	ab
ab6	2
fail		7833.48   11294.59  7       1958774.0 ms
fail		7856.54   11224.07  7       1977228.0 ms
cross iterater35
bad   	success		8032.02   11303.49  7       1977244.0 ms cross
rand   	bad   	success		7819.18   10667.69  7       1989630.0 ms cross
rand   	ab
ab6	2
fail		8032.02   11592.61  7       2020408.0 ms
cross iterater36
ab
ab6	1
fail		7428.55   11296.97  7       2034885.0 ms
cross iterater37
bad   	success		7907.63   10705.00  7       2034901.0 ms cross
rand   	bad   	success		7993.90   11344.23  7       2060547.0 ms cross
rand   	ab
ab6	1
fail		7428.55   11296.97  7       2088252.0 ms
fail		7773.24   11559.09  7       2099593.0 ms
cross iterater38
bad   	rand   	bad   	rand   	ab
ab6	0
ab7	2
fail		7648.15   11736.25  7       2160869.0 ms
cross iterater39
bad   	success		8373.75   11789.42  7       2160885.0 ms cross
rand   	bad   	success		7698.88   11216.17  7       2173302.0 ms cross
rand   	ab
ab6	2
ab7	0
cross iterater40
ab
fail		7707.97   12279.82  7       2198542.0 ms
cross iterater41
ab
ab6	2
fail		7698.88   11295.02  7       2212146.0 ms
fail		7907.63   10956.76  7       2225827.0 ms
cross iterater42
ab
fail		7773.24   11559.09  7       2255934.0 ms
cross iterater43
bad   	success		8052.51   11472.54  7       2255950.0 ms cross
rand   	bad   	success		8029.83   10667.70  7       2276885.0 ms cross
rand   	ab
cross iterater44
ab
ab7	2
cross iterater45
bad   	success		7992.31   11646.50  7       2289115.0 ms cross
rand   	bad   	success		7882.72   11241.04  7       2305198.0 ms cross
rand   	ab
ab7	5
fail		7882.72   11371.96  7       2347099.0 ms
fail		8029.83   10916.88  7       2373869.0 ms
fail		7755.74   11877.71  7       2396504.0 ms
cross iterater46
bad   	success		7884.36   10765.08  7       2396520.0 ms cross
rand   	bad   	success		7839.06   11479.34  7       2420184.0 ms cross
rand   	ab
ab7	0
ab6	5
cross iterater47
bad   	success		7445.59   10829.61  7       2438015.0 ms cross
rand   	bad   	success		7769.27   10743.14  7       2451946.0 ms cross
rand   	ab
ab6	5
fail		7882.72   11371.96  7       2478169.0 ms
cross iterater48
ab
fail		7647.17   11814.32  7       2493550.0 ms
cross iterater49
bad   	success		7658.04   11523.56  7       2493550.0 ms cross
rand   	bad   	success		8167.56   11675.60  7       2507481.0 ms cross
rand   	ab
ab6	3
fail		7619.78   11822.89  7       2529274.0 ms
fail		8242.54   12293.44  7       2548040.0 ms
cross iterater50
bad   	success		7248.87   11662.53  7       2548103.0 ms cross
rand   	bad   	success		7491.91   11730.42  7       2576448.0 ms cross
rand   	ab
ab6	3
ab7	0
cross iterater51
ab
fail		7882.72   11371.96  7       2610705.0 ms
cross iterater52
bad   	success		7554.68   11401.36  7       2610720.0 ms cross
rand   	bad   	success		7573.71   11486.19  7       2627085.0 ms cross
rand   	ab
ab6	0
ab7	5
fail		7664.48   12418.45  7       2667036.0 ms
fail		7223.62   11482.22  7       2676598.0 ms
fail		7325.87   11475.80  7       2698922.0 ms
cross iterater53
bad   	success		7740.34   10841.14  7       2699031.0 ms cross
rand   	bad   	success		7379.72   11001.24  7       2716986.0 ms cross
rand   	ab
ab7	0
fail		7882.72   11371.96  7       2752335.0 ms
cross iterater54
bad   	success		8155.04   11639.12  7       2765642.0 ms cross
rand   	bad   	success		7526.47   11988.50  7       2784034.0 ms cross
rand   	ab
ab6	3
ab7	1
cross iterater55
ab
fail		7769.27   10865.72  7       2832768.0 ms
cross iterater56
bad   	success		7623.43   11160.42  7       2832784.0 ms cross
rand   	bad   	success		8137.31   11351.18  7       2850443.0 ms cross
rand   	ab
ab6	0
cross iterater57
bad   	rand   	success		7865.13   12246.48  7       2889473.0 ms cross
bad   	success		7430.12   11946.03  7       2889473.0 ms cross
rand   	ab
ab6	4
ab7	0
fail		7801.01   12004.95  7       2929378.0 ms
fail		7379.72   11580.87  7       2949782.0 ms
cross iterater58
ab
ab6	4
cross iterater59
bad   	success		7811.84   12166.00  7       2949798.0 ms cross
rand   	bad   	success		7480.19   10884.12  7       2969422.0 ms cross
rand   	ab
ab6	0
cross iterater60
bad   	success		7359.77   11142.03  7       2997471.0 ms cross
rand   	bad   	success		7702.01   11562.45  7       3010824.0 ms cross
rand   	ab
fail		7379.72   11580.87  7       3037094.0 ms
cross iterater61
bad   	success		7621.26   11963.19  7       3037094.0 ms cross
rand   	bad   	success		7923.47   11279.76  7       3051430.0 ms cross
rand   	ab
ab6	4
cross iterater62
bad   	success		7628.83   11634.87  7       3063754.0 ms cross
rand   	bad   	success		7733.13   11995.28  7       3083644.0 ms cross
rand   	ab
ab6	1
fail		7656.27   11420.10  7       3117558.0 ms
cross iterater63
bad   	success		7479.61   11241.35  7       3117574.0 ms cross
rand   	bad   	success		7052.23   11303.86  7       3132893.0 ms cross
rand   	ab
ab6	2
ab7	4
fail		7278.08   11670.07  7       3163468.0 ms
fail		7544.79   11724.69  7       3178990.0 ms
cross iterater64
bad   	success		6927.18   11540.22  7       3178990.0 ms cross
rand   	bad   	success		7551.76   11415.84  7       3192203.0 ms cross
rand   	ab
ab6	5
ab7	1
fail		7544.79   11724.69  7       3229861.0 ms
fail		7656.27   11420.10  7       3243511.0 ms
fail		7278.08   11670.07  7       3263416.0 ms
cross iterater65
bad   	success		7469.12   11522.05  7       3263416.0 ms cross
rand   	bad   	success		7474.88   11355.28  7       3278641.0 ms cross
rand   	ab
ab6	1
fail		7479.61   11691.98  7       3313289.0 ms
cross iterater66
bad   	success		7321.85   12284.05  7       3313304.0 ms cross
rand   	bad   	success		7523.45   11393.45  7       3331478.0 ms cross
rand   	ab
ab6	3
ab7	1
fail		7923.47   11576.56  7       3372084.0 ms
cross iterater67
bad   	success		7702.87   11340.00  7       3372100.0 ms cross
rand   	bad   	success		7485.92   11274.49  7       3392192.0 ms cross
rand   	ab
cross iterater68
bad   	success		7761.68   11492.58  7       3403783.0 ms cross
rand   	bad   	success		7442.62   11177.85  7       3418213.0 ms cross
rand   	ab
ab6	3
fail		7357.83   11851.97  7       3443953.0 ms
fail		7248.98   11397.85  7       3459443.0 ms
cross iterater69
ab
ab7	0
fail		7442.62   11629.33  7       3482936.0 ms
cross iterater70
ab
fail		7248.98   11397.85  7       3499441.0 ms
cross iterater71
ab
fail		7442.62   11629.33  7       3526304.0 ms
cross iterater72
bad   	success		7139.82   12080.93  7       3526335.0 ms cross
rand   	bad   	success		7668.04   11119.82  7       3542138.0 ms cross
rand   	ab
ab6	0
fail		7987.34   12296.33  7       3584351.0 ms
fail		7474.88   11496.87  7       3600918.0 ms
cross iterater73

R.size:7

1		6	203	28	49	63	149	172	164	135	26	62	170	25	104	20	159	176	113	191	51	119	90	44	145	178	174	13	11	103	93	193	36	110	18	102	146	
2		140	84	127	199	155	97	118	105	188	94	189	173	21	129	144	71	121	88	115	122	10	1	64	74	75	69	30	34	19	200	175	9	
3		162	131	182	31	24	196	68	190	91	61	148	27	116	198	166	106	81	29	204	87	17	55	107	139	70	76	
4		48	4	37	133	167	183	143	59	65	99	108	72	187	16	111	41	126	154	89	82	66	2	
5		47	153	120	42	197	181	35	14	78	132	3	136	130	5	46	186	77	138	134	58	32	192	137	123	73	141	185	83	
6		54	100	142	92	57	152	169	161	147	40	85	128	56	45	177	168	151	53	38	160	23	109	112	117	86	114	165	52	101	50	33	157	67	202	
7		150	163	156	15	7	124	43	180	171	98	184	12	125	22	179	95	80	195	194	79	158	96	8	60	39	201	

data1/pdp200/LRC2_2_2.txt
total_cost 6927.182739

