success		1       0       1       257     1       0       242290.01 300     32.0     ms
success		1       1       1       60      1       0       242441.29 299     47.0     ms
success		1       2       1       225     1       0       242786.07 298     47.0     ms
success		1       3       1       131     1       0       242620.05 297     47.0     ms
success		1       4       1       8       1       0       242714.65 296     47.0     ms
success		1       5       1       10      1       0       243070.55 295     47.0     ms
success		1       6       1       275     1       0       242994.42 294     47.0     ms
success		1       7       1       72      1       0       243191.96 293     47.0     ms
success		1       8       1       280     1       0       243552.71 292     47.0     ms
success		1       9       1       216     1       0       243734.30 291     47.0     ms
success		1       10      1       76      1       0       243838.10 290     47.0     ms
success		1       11      1       130     1       0       244037.02 289     47.0     ms
success		1       12      1       121     1       0       244301.19 288     47.0     ms
success		1       13      1       20      1       0       244471.74 287     47.0     ms
success		1       14      1       245     1       0       244467.46 286     47.0     ms
success		1       15      3       17      3       0       245088.88 285     47.0     ms
success		1       16      1       174     1       0       245359.90 284     47.0     ms
success		1       17      1       167     1       0       245323.04 283     47.0     ms
success		1       18      1       6       1       0       245650.73 282     47.0     ms
success		1       19      1       66      1       0       245980.26 281     47.0     ms
success		1       20      1       235     1       0       246292.72 280     47.0     ms
success		1       21      1       97      1       0       246732.66 279     47.0     ms
success		1       22      1       139     1       0       245094.80 278     47.0     ms
success		1       23      1       95      1       0       245184.45 277     47.0     ms
success		1       24      1       276     1       0       245504.46 276     47.0     ms
success		1       25      1       220     1       0       245781.17 275     47.0     ms
success		1       26      1       218     1       0       246038.22 274     47.0     ms
success		1       27      1       29      1       0       246290.06 273     47.0     ms
success		1       28      1       20      1       0       246501.33 272     47.0     ms
success		1       29      1       68      1       0       246235.16 271     63.0     ms
success		1       30      1       23      1       0       246467.72 270     63.0     ms
success		1       31      1       250     1       0       246837.07 269     63.0     ms
success		1       32      1       212     1       0       247062.98 268     63.0     ms
success		1       33      1       14      1       0       246916.37 267     63.0     ms
success		1       34      1       264     1       0       247295.48 266     63.0     ms
success		1       35      1       213     1       0       247520.72 265     63.0     ms
success		1       36      1       257     1       0       247158.12 264     63.0     ms
success		1       37      1       170     1       0       247543.81 263     63.0     ms
success		1       38      1       191     1       0       247525.95 262     63.0     ms
success		1       39      2       91      2       0       247974.84 261     63.0     ms
success		1       40      2       146     2       0       247596.86 260     63.0     ms
success		1       41      1       174     1       0       247842.93 259     63.0     ms
success		1       42      1       217     1       0       246941.49 258     63.0     ms
success		1       43      1       190     1       0       247195.84 257     63.0     ms
success		1       44      1       55      1       0       247703.41 256     63.0     ms
success		1       45      2       230     2       0       247232.74 255     63.0     ms
success		1       46      1       235     1       0       247037.62 254     63.0     ms
success		1       47      1       30      1       0       246939.86 253     63.0     ms
success		1       48      1       56      1       0       247216.87 252     63.0     ms
success		1       49      1       155     1       0       247485.65 251     63.0     ms
success		1       50      1       24      1       0       247701.36 250     63.0     ms
success		1       51      1       197     1       0       247645.96 249     63.0     ms
success		1       52      1       71      1       0       247525.14 248     63.0     ms
success		1       53      1       23      1       0       247846.63 247     63.0     ms
success		1       54      1       184     1       0       248037.82 246     63.0     ms
success		1       55      1       242     1       0       246198.03 245     78.0     ms
success		1       56      1       163     1       0       246531.78 244     78.0     ms
success		1       57      1       227     1       0       246894.04 243     78.0     ms
success		1       58      2       164     2       0       247030.22 242     78.0     ms
success		1       59      1       94      1       0       247080.47 241     78.0     ms
success		1       60      2       3       2       0       247309.42 240     78.0     ms
success		1       61      1       83      1       0       247298.05 239     78.0     ms
success		1       62      1       48      1       0       247305.08 238     78.0     ms
success		1       63      1       13      1       0       247438.79 237     78.0     ms
success		1       64      1       97      1       0       246768.74 236     78.0     ms
success		1       65      1       205     1       0       246601.78 235     78.0     ms
success		1       66      1       223     1       0       246665.89 234     78.0     ms
success		1       67      1       119     1       0       243500.41 233     78.0     ms
success		1       68      2       205     2       0       243371.13 232     78.0     ms
success		1       69      1       51      1       0       243284.52 231     78.0     ms
success		1       70      1       176     1       0       243787.38 230     78.0     ms
success		1       71      1       69      1       0       244032.03 229     78.0     ms
success		1       72      2       86      2       0       244076.14 228     78.0     ms
success		1       73      2       43      2       0       244459.44 227     78.0     ms
success		1       74      3       225     3       0       244962.64 226     78.0     ms
success		1       75      1       62      1       0       243869.43 225     78.0     ms
success		1       76      1       162     1       0       244147.61 224     78.0     ms
success		1       77      2       22      2       0       244115.42 223     78.0     ms
success		1       78      1       119     1       0       244374.65 222     78.0     ms
success		1       79      1       221     1       0       244254.74 221     78.0     ms
success		1       80      1       11      1       0       244531.51 220     78.0     ms
success		1       81      1       201     1       0       244768.25 219     78.0     ms
success		1       82      2       22      2       0       244982.47 218     94.0     ms
success		1       83      3       137     3       0       244217.13 217     94.0     ms
success		1       84      1       179     1       0       244501.70 216     94.0     ms
success		1       85      2       39      2       0       244600.83 215     94.0     ms
success		1       86      1       135     1       0       244884.44 214     94.0     ms
success		1       87      1       79      1       0       245229.83 213     94.0     ms
success		1       88      1       166     1       0       245558.72 212     94.0     ms
success		1       89      2       122     2       0       245014.02 211     94.0     ms
success		1       90      2       166     2       0       245121.48 210     94.0     ms
success		1       91      4       85      4       0       244654.26 209     94.0     ms
success		1       92      1       60      1       0       242916.84 208     94.0     ms
success		1       93      1       175     1       0       243337.84 207     94.0     ms
success		1       94      1       75      1       0       243415.85 206     94.0     ms
success		1       95      1       122     1       0       243641.62 205     94.0     ms
success		1       96      1       93      1       0       243645.10 204     94.0     ms
success		1       97      1       203     1       0       241571.15 203     94.0     ms
success		1       98      2       48      2       0       241801.65 202     94.0     ms
success		1       99      1       163     1       0       241870.19 201     94.0     ms
success		1       100     1       199     1       0       241933.51 200     94.0     ms
success		1       101     1       187     1       0       242579.33 199     94.0     ms
success		1       102     1       94      1       0       242463.83 198     94.0     ms
success		1       103     1       47      1       0       242011.09 197     94.0     ms
success		1       104     1       168     1       0       242425.74 196     94.0     ms
success		1       105     2       189     2       0       241120.83 195     94.0     ms
success		1       106     1       75      1       0       241348.17 194     110.0    ms
success		1       107     1       158     1       0       241535.37 193     110.0    ms
success		1       108     2       98      2       0       241191.16 192     110.0    ms
success		1       109     2       176     2       0       242582.75 191     110.0    ms
success		1       110     1       179     1       0       242912.85 190     110.0    ms
success		1       111     2       23      2       0       242012.76 189     110.0    ms
success		1       112     1       168     1       0       242165.05 188     110.0    ms
success		1       113     2       4       2       0       242373.83 187     110.0    ms
success		1       114     2       4       2       0       242125.21 186     110.0    ms
success		1       115     1       28      1       0       241974.00 185     110.0    ms
success		1       116     1       116     1       0       242017.94 184     110.0    ms
success		1       117     2       33      2       0       240315.82 183     110.0    ms
success		1       118     1       47      1       0       240029.15 182     110.0    ms
success		1       119     3       171     3       0       240050.93 181     110.0    ms
success		1       120     1       124     1       0       237402.87 180     110.0    ms
success		1       121     1       163     1       0       237728.01 179     110.0    ms
success		1       122     3       63      3       0       236580.34 178     110.0    ms
success		1       123     1       42      1       0       236559.93 177     110.0    ms
success		1       124     1       39      1       0       233897.07 176     110.0    ms
success		1       125     4       30      4       0       234079.10 175     110.0    ms
success		1       126     1       155     1       0       233665.82 174     110.0    ms
success		1       127     1       36      1       0       233589.30 173     110.0    ms
success		1       128     1       165     1       0       233699.93 172     110.0    ms
success		1       129     3       32      3       0       231718.68 171     110.0    ms
success		1       130     2       106     2       0       232067.60 170     125.0    ms
success		1       131     1       85      1       0       232193.31 169     125.0    ms
success		1       132     2       108     2       0       230583.66 168     125.0    ms
success		1       133     1       44      1       0       230811.48 167     125.0    ms
success		1       134     1       49      1       0       229818.66 166     125.0    ms
success		1       135     6       143     6       0       228617.77 165     125.0    ms
success		1       136     1       53      1       0       228684.45 164     125.0    ms
success		1       137     2       49      2       0       226285.68 163     125.0    ms
success		1       138     1       102     1       0       226571.69 162     125.0    ms
success		1       139     3       97      3       0       224809.21 161     125.0    ms
success		1       140     2       15      2       0       224384.23 160     125.0    ms
success		1       141     2       130     2       0       223793.92 159     125.0    ms
success		1       142     1       20      1       0       224154.57 158     125.0    ms
success		1       143     1       99      1       0       224219.28 157     125.0    ms
success		1       144     2       57      2       0       221365.12 156     125.0    ms
success		1       145     1       31      1       0       221594.29 155     125.0    ms
success		1       146     3       70      3       0       221465.60 154     125.0    ms
success		1       147     1       39      1       0       220185.87 153     125.0    ms
success		1       148     2       87      2       0       219238.63 152     125.0    ms
success		1       149     1       46      1       0       219116.56 151     125.0    ms
success		1       150     3       24      3       0       219468.54 150     125.0    ms
success		1       151     1       59      1       0       219384.01 149     125.0    ms
success		1       152     1       141     1       0       216874.92 148     125.0    ms
success		1       153     2       80      2       0       217025.39 147     141.0    ms
success		1       154     6       63      6       0       216280.20 146     141.0    ms
success		1       155     1       32      1       0       216559.97 145     141.0    ms
success		1       156     8       90      8       0       215864.22 144     141.0    ms
success		1       157     1       95      1       0       215840.66 143     141.0    ms
success		1       158     3       116     3       0       216004.32 142     141.0    ms
success		1       159     1       40      1       0       216202.38 141     141.0    ms
success		1       160     2       28      2       0       213879.16 140     141.0    ms
success		1       161     1       92      1       0       213875.66 139     141.0    ms
success		1       162     5       120     5       0       210813.38 138     141.0    ms
success		1       163     5       76      5       0       210527.62 137     141.0    ms
success		1       164     3       74      3       0       207870.62 136     141.0    ms
success		1       165     2       113     2       0       207788.11 135     141.0    ms
success		1       166     1       112     1       0       207656.35 134     141.0    ms
success		1       167     2       52      2       0       207659.85 133     141.0    ms
success		1       168     4       6       4       0       208247.97 132     156.0    ms
success		1       169     2       116     2       0       208096.46 131     156.0    ms
success		1       170     1       53      1       0       208100.71 130     156.0    ms
success		1       171     1       66      1       0       206291.15 129     156.0    ms
success		1       172     6       53      6       0       208712.52 128     156.0    ms
success		1       173     2       74      2       0       208231.87 127     156.0    ms
success		1       174     2       100     2       0       207574.88 126     156.0    ms
success		1       175     4       64      4       0       206350.04 125     156.0    ms
success		1       176     3       0       3       0       206596.74 124     156.0    ms
success		1       177     4       47      4       0       210315.90 123     156.0    ms
success		1       178     3       27      3       0       207436.01 122     156.0    ms
success		1       179     4       78      4       0       207036.94 121     156.0    ms
success		1       180     1       55      1       0       207337.48 120     156.0    ms
success		1       181     2       32      2       0       207028.75 119     156.0    ms
success		1       182     1       103     1       0       207171.28 118     156.0    ms
success		1       183     2       107     2       0       207180.41 117     156.0    ms
success		1       184     6       63      6       0       209479.99 116     156.0    ms
success		1       185     2       5       2       0       209380.43 115     156.0    ms
success		1       186     2       31      2       0       205635.13 114     172.0    ms
success		1       187     7       38      7       0       203952.89 113     172.0    ms
success		1       188     2       72      2       0       201960.54 112     172.0    ms
success		1       189     2       0       2       0       203144.43 111     172.0    ms
success		1       190     1       11      1       0       203110.66 110     172.0    ms
success		1       191     1       97      1       0       203046.05 109     172.0    ms
success		1       192     2       62      2       0       202980.86 108     172.0    ms
success		1       193     2       54      2       0       202130.13 107     172.0    ms
success		1       194     2       54      2       0       201063.29 106     172.0    ms
success		1       195     3       43      3       0       200265.47 105     172.0    ms
success		1       196     1       62      1       0       200571.14 104     172.0    ms
success		1       197     1       67      1       0       200824.31 103     172.0    ms
success		1       198     2       77      2       0       200401.58 102     172.0    ms
success		1       199     3       92      3       0       199249.73 101     172.0    ms
success		1       200     3       17      3       0       199179.63 100     172.0    ms
success		1       201     2       16      2       0       198844.96 99      172.0    ms
success		1       202     4       4       4       0       199163.59 98      172.0    ms
success		1       203     2       72      2       0       198630.51 97      188.0    ms
success		1       204     1       9       1       0       198466.33 96      188.0    ms
success		1       205     4       57      4       0       198819.99 95      188.0    ms
success		1       206     5       85      5       0       199041.19 94      188.0    ms
success		1       207     13      77      13      0       201379.95 93      188.0    ms
success		1       208     3       73      3       0       201863.22 92      188.0    ms
success		1       209     1       74      1       0       202409.31 91      188.0    ms
success		1       210     3       22      3       0       200820.29 90      188.0    ms
success		1       211     2       73      2       0       199955.15 89      188.0    ms
success		1       212     3       69      3       0       199479.32 88      188.0    ms
success		1       213     3       16      3       0       197994.81 87      188.0    ms
success		1       214     3       27      3       0       195926.49 86      188.0    ms
success		1       215     2       70      2       0       194043.05 85      188.0    ms
success		1       216     1       33      1       0       192694.49 84      188.0    ms
success		1       217     1       1       1       0       192617.22 83      188.0    ms
success		1       218     7       82      7       0       191102.15 82      203.0    ms
success		1       219     4       36      4       0       189584.71 81      203.0    ms
success		1       220     7       80      7       0       188554.25 80      203.0    ms
success		1       221     3       52      3       0       187446.72 79      203.0    ms
success		1       222     7       24      7       0       186908.91 78      203.0    ms
success		1       223     7       69      7       0       183243.64 77      203.0    ms
success		1       224     1       44      1       0       181338.71 76      203.0    ms
success		1       225     4       31      4       0       181284.30 75      203.0    ms
success		1       226     4       31      4       0       178282.20 74      203.0    ms
success		1       227     4       54      4       0       175279.30 73      203.0    ms
success		1       228     4       32      4       0       175118.84 72      203.0    ms
success		1       229     2       23      2       0       175920.80 71      203.0    ms
success		1       230     4       13      4       0       174015.13 70      203.0    ms
success		1       231     2       55      2       0       173892.61 69      203.0    ms
success		1       232     3       11      3       0       173276.98 68      219.0    ms
success		1       233     2       61      2       0       172903.26 67      219.0    ms
success		1       234     5       46      5       0       171334.00 66      219.0    ms
success		1       235     3       26      3       0       168666.02 65      219.0    ms
success		1       236     3       48      3       0       167226.76 64      219.0    ms
success		1       237     1       53      1       0       166944.07 63      219.0    ms
success		1       238     4       33      4       0       164770.88 62      219.0    ms
success		1       239     10      59      10      0       162669.64 61      219.0    ms
success		1       240     3       25      3       0       161311.61 60      219.0    ms
success		1       241     12      57      12      0       159840.96 59      219.0    ms
success		1       242     2       40      2       0       159927.83 58      219.0    ms
success		1       243     5       47      5       0       156483.72 57      219.0    ms
success		1       244     13      1       13      0       154144.71 56      234.0    ms
success		1       245     7       2       7       0       151925.60 55      234.0    ms
success		1       246     2       4       2       0       152221.88 54      234.0    ms
success		1       247     1       18      1       0       151707.96 53      234.0    ms
success		1       248     3       0       3       0       149716.73 52      234.0    ms
success		1       249     6       19      6       0       149646.02 51      234.0    ms
success		1       250     3       0       3       0       149339.33 50      234.0    ms
success		1       251     6       8       6       0       147304.00 49      234.0    ms
success		1       252     9       4       9       0       145756.91 48      234.0    ms
success		1       253     8       3       8       0       144314.87 47      234.0    ms
success		1       254     11      33      11      0       143286.94 46      250.0    ms
success		1       255     9       22      9       0       139739.21 45      250.0    ms
success		1       256     7       27      7       0       138331.44 44      250.0    ms
success		1       257     8       28      8       0       136129.12 43      250.0    ms
success		1       258     12      38      12      0       134302.58 42      250.0    ms
success		1       259     9       18      9       0       131756.23 41      250.0    ms
success		1       260     5       0       5       0       129152.76 40      266.0    ms
success		1       261     7       16      7       0       126325.11 39      266.0    ms
success		1       262     6       21      6       0       123322.14 38      266.0    ms
success		1       263     7       5       7       0       120932.75 37      266.0    ms
success		1       264     6       24      6       0       118345.13 36      266.0    ms
success		1       265     5       28      5       0       114977.83 35      266.0    ms
success		1       266     1       9       1       0       115315.48 34      266.0    ms
success		1       267     10      23      10      0       113764.61 33      266.0    ms
success		1       268     12      29      12      0       110875.13 32      266.0    ms
success		1       269     10      4       10      0       106432.08 31      281.0    ms
success		1       270     7       21      7       0       104301.51 30      281.0    ms
success		1       271     12      3       12      0       101191.87 29      281.0    ms
success		1       272     8       4       8       0       99404.34  28      281.0    ms
success		1       273     11      1       11      0       97301.39  27      281.0    ms
success		1       274     11      26      11      0       96070.90  26      281.0    ms
success		1       275     6       24      6       0       94824.83  25      281.0    ms
success		1       276     12      22      12      0       92544.55  24      281.0    ms
success		1       277     6       6       6       0       89292.42  23      297.0    ms
success		1       278     14      3       14      0       85593.24  22      297.0    ms
success		1       279     16      15      13      0       83701.01  21      344.0    ms
success		1       280     13      1       13      0       79833.70  20      344.0    ms
success		1       281     14      18      14      0       76379.21  19      344.0    ms
success		1       282     15      2       15      0       72459.77  18      344.0    ms
success		1       283     19      6       17      0       70338.53  17      406.0    ms
success		1       284     18      6       16      0       66159.86  16      437.0    ms
success		1       285     19      5       16      0       62979.38  15      671.0    ms
success		1       286     22      14      22      0       58740.03  14      671.0    ms
success		1       287     24      1       19      0       54297.32  13      874.0    ms
success		1       288     39      4       21      0       49512.40  12      1529.0   ms
success		1       289     37      1       26      0       46492.66  11      3323.0   ms
success		1       290     172     2       26      0       41101.81  10      28485.0  ms
success		1       291     301     4       32      0       36676.96  9       89465.0  ms
success		1       292     347     3       36      0       32195.90  8       171004.0 ms
success		1       293     10583   0       36      0       27292.21  7       2518510.0 ms
success		1       0       1       147     1       0       328916.37 300     7910483.0 ms
success		1       1       1       51      1       0       328537.56 299     7910483.0 ms
success		1       2       1       21      1       0       328254.78 298     7910483.0 ms
success		1       3       1       221     1       0       327954.19 297     7910483.0 ms
success		1       4       1       14      1       0       327259.02 296     7910483.0 ms
success		1       5       1       79      1       0       324931.20 295     7910483.0 ms
success		1       6       1       45      1       0       322576.01 294     7910483.0 ms
success		1       7       1       293     1       0       322429.11 293     7910483.0 ms
success		1       8       1       153     1       0       322197.16 292     7910483.0 ms
success		1       9       1       209     1       0       321946.64 291     7910483.0 ms
success		1       10      1       215     1       0       321176.79 290     7910483.0 ms
success		1       11      1       17      1       0       320810.06 289     7910483.0 ms
success		1       12      1       101     1       0       320241.37 288     7910483.0 ms
success		1       13      1       14      1       0       319835.26 287     7910483.0 ms
success		1       14      1       14      1       0       319291.35 286     7910483.0 ms
success		1       15      1       275     1       0       317722.73 285     7910483.0 ms
success		1       16      1       261     1       0       316307.74 284     7910483.0 ms
success		1       17      2       138     2       0       315714.08 283     7910483.0 ms
success		1       18      1       246     1       0       315478.17 282     7910483.0 ms
success		1       19      1       182     1       0       314779.02 281     7910483.0 ms
success		1       20      1       252     1       0       314319.74 280     7910483.0 ms
success		1       21      1       132     1       0       313919.16 279     7910483.0 ms
success		1       22      1       86      1       0       313002.73 278     7910483.0 ms
success		1       23      1       237     1       0       312535.26 277     7910483.0 ms
success		1       24      1       52      1       0       312025.76 276     7910483.0 ms
success		1       25      1       210     1       0       311583.67 275     7910483.0 ms
success		1       26      1       204     1       0       311195.12 274     7910483.0 ms
success		1       27      1       161     1       0       310969.35 273     7910483.0 ms
success		1       28      1       158     1       0       310670.69 272     7910483.0 ms
success		1       29      1       239     1       0       310386.85 271     7910483.0 ms
success		1       30      1       255     1       0       309914.84 270     7910483.0 ms
success		1       31      1       50      1       0       309657.80 269     7910483.0 ms
success		1       32      1       155     1       0       309237.34 268     7910483.0 ms
success		1       33      1       49      1       0       308959.17 267     7910483.0 ms
success		1       34      1       163     1       0       308672.89 266     7910499.0 ms
success		1       35      1       242     1       0       308489.46 265     7910499.0 ms
success		1       36      1       28      1       0       308230.11 264     7910499.0 ms
success		1       37      1       146     1       0       307950.43 263     7910499.0 ms
success		1       38      1       46      1       0       307780.79 262     7910499.0 ms
success		1       39      1       154     1       0       306663.64 261     7910499.0 ms
success		1       40      1       66      1       0       305935.33 260     7910499.0 ms
success		1       41      1       94      1       0       302214.69 259     7910499.0 ms
success		1       42      2       9       2       0       301721.09 258     7910499.0 ms
success		1       43      1       101     1       0       299313.47 257     7910499.0 ms
success		1       44      1       149     1       0       299136.78 256     7910499.0 ms
success		1       45      1       108     1       0       298755.33 255     7910499.0 ms
success		1       46      1       108     1       0       298271.48 254     7910499.0 ms
success		1       47      1       156     1       0       298143.35 253     7910499.0 ms
success		1       48      1       6       1       0       296283.16 252     7910499.0 ms
success		1       49      1       104     1       0       296267.87 251     7910499.0 ms
success		1       50      1       82      1       0       295652.18 250     7910499.0 ms
success		1       51      2       20      2       0       295228.43 249     7910499.0 ms
success		1       52      1       82      1       0       295128.76 248     7910499.0 ms
success		1       53      1       165     1       0       294792.78 247     7910499.0 ms
success		1       54      2       138     2       0       293993.48 246     7910499.0 ms
success		1       55      1       54      1       0       293692.09 245     7910499.0 ms
success		1       56      2       229     2       0       293145.32 244     7910499.0 ms
success		1       57      1       125     1       0       292829.52 243     7910499.0 ms
success		1       58      1       60      1       0       291690.28 242     7910499.0 ms
success		1       59      2       33      2       0       291348.98 241     7910499.0 ms
success		1       60      1       159     1       0       290940.35 240     7910499.0 ms
success		1       61      1       212     1       0       290590.11 239     7910499.0 ms
success		1       62      2       117     2       0       290299.20 238     7910499.0 ms
success		1       63      1       109     1       0       290080.37 237     7910515.0 ms
success		1       64      1       49      1       0       289775.42 236     7910515.0 ms
success		1       65      1       20      1       0       289431.21 235     7910515.0 ms
success		1       66      1       12      1       0       289047.71 234     7910515.0 ms
success		1       67      1       101     1       0       288175.37 233     7910515.0 ms
success		1       68      3       167     3       0       288379.40 232     7910515.0 ms
success		1       69      1       4       1       0       288224.99 231     7910515.0 ms
success		1       70      1       123     1       0       287442.86 230     7910515.0 ms
success		1       71      1       83      1       0       287112.75 229     7910515.0 ms
success		1       72      1       15      1       0       286848.58 228     7910515.0 ms
success		1       73      1       102     1       0       286488.84 227     7910515.0 ms
success		1       74      1       224     1       0       286181.96 226     7910515.0 ms
success		1       75      1       117     1       0       285953.48 225     7910515.0 ms
success		1       76      1       147     1       0       286028.98 224     7910515.0 ms
success		1       77      1       41      1       0       285568.39 223     7910515.0 ms
success		1       78      1       217     1       0       285391.39 222     7910515.0 ms
success		1       79      2       51      2       0       285287.30 221     7910515.0 ms
success		1       80      1       206     1       0       284014.22 220     7910515.0 ms
success		1       81      1       142     1       0       283655.32 219     7910515.0 ms
success		1       82      1       119     1       0       283192.38 218     7910515.0 ms
success		1       83      1       51      1       0       282644.30 217     7910515.0 ms
success		1       84      2       116     2       0       282281.16 216     7910515.0 ms
success		1       85      2       51      2       0       281665.91 215     7910515.0 ms
success		1       86      1       141     1       0       281421.38 214     7910515.0 ms
success		1       87      4       47      4       0       284479.50 213     7910515.0 ms
success		1       88      1       113     1       0       284242.92 212     7910515.0 ms
success		1       89      1       5       1       0       282256.78 211     7910515.0 ms
success		1       90      3       6       3       0       282219.30 210     7910515.0 ms
success		1       91      1       9       1       0       282076.57 209     7910515.0 ms
success		1       92      3       53      3       0       282505.60 208     7910530.0 ms
success		1       93      1       110     1       0       282036.64 207     7910530.0 ms
success		1       94      3       74      3       0       283012.02 206     7910530.0 ms
success		1       95      1       162     1       0       282738.67 205     7910530.0 ms
success		1       96      1       99      1       0       281306.46 204     7910530.0 ms
success		1       97      1       142     1       0       279733.03 203     7910530.0 ms
success		1       98      1       4       1       0       279933.35 202     7910530.0 ms
success		1       99      3       168     3       0       279908.39 201     7910530.0 ms
success		1       100     4       71      4       0       279307.97 200     7910530.0 ms
success		1       101     1       55      1       0       278751.74 199     7910530.0 ms
success		1       102     2       64      2       0       279201.60 198     7910530.0 ms
success		1       103     1       47      1       0       278141.56 197     7910530.0 ms
success		1       104     1       159     1       0       277532.96 196     7910530.0 ms
success		1       105     1       175     1       0       277062.23 195     7910530.0 ms
success		1       106     3       34      3       0       276164.78 194     7910530.0 ms
success		1       107     1       142     1       0       275816.69 193     7910530.0 ms
success		1       108     1       54      1       0       275754.73 192     7910530.0 ms
success		1       109     1       128     1       0       274862.66 191     7910530.0 ms
success		1       110     1       117     1       0       274545.05 190     7910530.0 ms
success		1       111     1       68      1       0       274288.23 189     7910530.0 ms
success		1       112     1       188     1       0       274146.89 188     7910530.0 ms
success		1       113     1       169     1       0       273564.07 187     7910530.0 ms
success		1       114     2       32      2       0       273212.51 186     7910530.0 ms
success		1       115     1       89      1       0       272143.28 185     7910530.0 ms
success		1       116     1       1       1       0       270223.95 184     7910530.0 ms
success		1       117     2       84      2       0       270267.27 183     7910530.0 ms
success		1       118     1       24      1       0       269680.31 182     7910530.0 ms
success		1       119     1       19      1       0       269549.62 181     7910530.0 ms
success		1       120     1       54      1       0       268994.39 180     7910530.0 ms
success		1       121     2       81      2       0       267889.86 179     7910546.0 ms
success		1       122     1       166     1       0       267327.00 178     7910546.0 ms
success		1       123     1       139     1       0       266732.36 177     7910546.0 ms
success		1       124     1       5       1       0       266213.18 176     7910546.0 ms
success		1       125     1       97      1       0       265813.39 175     7910546.0 ms
success		1       126     1       46      1       0       262894.39 174     7910546.0 ms
success		1       127     4       65      4       0       262477.16 173     7910546.0 ms
success		1       128     3       28      3       0       262890.16 172     7910546.0 ms
success		1       129     1       142     1       0       262425.84 171     7910546.0 ms
success		1       130     2       99      2       0       262402.46 170     7910546.0 ms
success		1       131     1       65      1       0       261194.54 169     7910546.0 ms
success		1       132     1       145     1       0       261171.18 168     7910546.0 ms
success		1       133     2       17      2       0       260617.31 167     7910546.0 ms
success		1       134     4       93      4       0       261642.29 166     7910546.0 ms
success		1       135     2       35      2       0       261231.49 165     7910546.0 ms
success		1       136     3       58      3       0       262427.10 164     7910546.0 ms
success		1       137     1       50      1       0       261516.26 163     7910546.0 ms
success		1       138     2       150     2       0       261733.86 162     7910546.0 ms
success		1       139     1       8       1       0       260983.01 161     7910546.0 ms
success		1       140     1       40      1       0       260744.95 160     7910546.0 ms
success		1       141     3       159     3       0       260540.15 159     7910546.0 ms
success		1       142     2       13      2       0       260528.49 158     7910546.0 ms
success		1       143     1       10      1       0       260225.41 157     7910546.0 ms
success		1       144     1       108     1       0       260312.91 156     7910546.0 ms
success		1       145     1       16      1       0       260382.36 155     7910546.0 ms
success		1       146     3       67      3       0       260246.84 154     7910561.0 ms
success		1       147     3       79      3       0       257449.14 153     7910561.0 ms
success		1       148     1       148     1       0       257196.36 152     7910561.0 ms
success		1       149     4       50      4       0       254142.71 151     7910561.0 ms
success		1       150     2       85      2       0       254457.41 150     7910561.0 ms
success		1       151     1       34      1       0       254023.99 149     7910561.0 ms
success		1       152     1       76      1       0       253964.46 148     7910561.0 ms
success		1       153     3       48      3       0       254007.30 147     7910561.0 ms
success		1       154     1       26      1       0       253455.79 146     7910561.0 ms
success		1       155     4       27      4       0       252201.15 145     7910561.0 ms
success		1       156     2       27      2       0       252147.33 144     7910561.0 ms
success		1       157     4       90      4       0       250815.63 143     7910561.0 ms
success		1       158     1       83      1       0       250121.37 142     7910561.0 ms
success		1       159     1       95      1       0       249635.70 141     7910561.0 ms
success		1       160     1       58      1       0       249537.21 140     7910561.0 ms
success		1       161     1       27      1       0       249016.30 139     7910561.0 ms
success		1       162     4       40      4       0       248919.32 138     7910561.0 ms
success		1       163     2       61      2       0       247044.53 137     7910561.0 ms
success		1       164     2       88      2       0       246775.53 136     7910561.0 ms
success		1       165     1       60      1       0       246660.55 135     7910561.0 ms
success		1       166     1       63      1       0       243090.97 134     7910561.0 ms
success		1       167     1       44      1       0       243180.04 133     7910561.0 ms
success		1       168     6       77      6       0       242907.19 132     7910561.0 ms
success		1       169     2       79      2       0       242394.75 131     7910561.0 ms
success		1       170     1       80      1       0       242429.04 130     7910577.0 ms
success		1       171     1       119     1       0       242017.83 129     7910577.0 ms
success		1       172     3       102     3       0       238607.26 128     7910577.0 ms
success		1       173     5       19      5       0       238706.09 127     7910577.0 ms
success		1       174     3       4       3       0       238366.70 126     7910577.0 ms
success		1       175     5       14      5       0       238649.28 125     7910577.0 ms
success		1       176     4       120     4       0       238243.34 124     7910577.0 ms
success		1       177     3       3       3       0       237627.84 123     7910577.0 ms
success		1       178     5       51      5       0       237434.34 122     7910577.0 ms
success		1       179     1       108     1       0       235245.58 121     7910577.0 ms
success		1       180     2       76      2       0       233480.52 120     7910577.0 ms
success		1       181     3       60      3       0       231715.70 119     7910577.0 ms
success		1       182     1       115     1       0       231388.83 118     7910577.0 ms
success		1       183     2       11      2       0       231428.73 117     7910577.0 ms
success		1       184     2       17      2       0       232832.81 116     7910577.0 ms
success		1       185     2       33      2       0       231706.16 115     7910577.0 ms
success		1       186     5       111     5       0       231505.18 114     7910577.0 ms
success		1       187     2       3       2       0       228559.24 113     7910593.0 ms
success		1       188     1       72      1       0       227826.58 112     7910593.0 ms
success		1       189     3       1       3       0       225363.90 111     7910593.0 ms
success		1       190     3       75      3       0       225119.48 110     7910593.0 ms
success		1       191     2       65      2       0       223254.29 109     7910593.0 ms
success		1       192     6       99      6       0       224151.89 108     7910593.0 ms
success		1       193     1       57      1       0       222305.12 107     7910593.0 ms
success		1       194     1       6       1       0       222391.98 106     7910593.0 ms
success		1       195     4       68      4       0       221921.12 105     7910593.0 ms
success		1       196     4       40      4       0       220599.23 104     7910593.0 ms
success		1       197     3       19      3       0       220085.70 103     7910593.0 ms
success		1       198     4       60      4       0       220446.33 102     7910593.0 ms
success		1       199     3       40      3       0       219821.73 101     7910593.0 ms
success		1       200     1       63      1       0       219858.73 100     7910593.0 ms
success		1       201     4       66      4       0       218576.46 99      7910593.0 ms
success		1       202     5       39      5       0       215516.62 98      7910593.0 ms
success		1       203     1       62      1       0       212968.68 97      7910593.0 ms
success		1       204     2       78      2       0       212846.54 96      7910593.0 ms
success		1       205     3       90      3       0       211682.69 95      7910608.0 ms
success		1       206     2       10      2       0       210561.84 94      7910608.0 ms
success		1       207     7       1       7       0       208902.96 93      7910608.0 ms
success		1       208     3       65      3       0       207242.65 92      7910608.0 ms
success		1       209     4       54      4       0       205168.14 91      7910608.0 ms
success		1       210     3       71      3       0       205862.49 90      7910608.0 ms
success		1       211     4       86      4       0       204815.83 89      7910608.0 ms
success		1       212     1       32      1       0       204441.20 88      7910608.0 ms
success		1       213     7       63      7       0       202516.77 87      7910608.0 ms
success		1       214     5       31      5       0       201205.24 86      7910608.0 ms
success		1       215     1       8       1       0       201472.12 85      7910608.0 ms
success		1       216     5       34      5       0       201022.91 84      7910608.0 ms
success		1       217     5       21      5       0       200549.71 83      7910608.0 ms
success		1       218     1       76      1       0       198843.94 82      7910608.0 ms
success		1       219     5       36      5       0       197399.09 81      7910624.0 ms
success		1       220     6       60      6       0       196893.39 80      7910624.0 ms
success		1       221     4       32      4       0       196383.86 79      7910624.0 ms
success		1       222     5       29      5       0       192953.35 78      7910624.0 ms
success		1       223     6       33      6       0       190766.90 77      7910624.0 ms
success		1       224     4       7       4       0       189654.48 76      7910624.0 ms
success		1       225     3       31      3       0       190081.28 75      7910624.0 ms
success		1       226     7       47      7       0       188483.83 74      7910624.0 ms
success		1       227     2       37      2       0       188458.11 73      7910624.0 ms
success		1       228     6       59      6       0       187736.65 72      7910624.0 ms
success		1       229     3       35      3       0       184985.98 71      7910624.0 ms
success		1       230     2       28      2       0       184391.19 70      7910624.0 ms
success		1       231     5       46      5       0       183089.62 69      7910639.0 ms
success		1       232     5       49      5       0       181668.65 68      7910639.0 ms
success		1       233     2       57      2       0       181378.31 67      7910639.0 ms
success		1       234     2       64      2       0       180701.80 66      7910639.0 ms
success		1       235     5       59      5       0       180410.24 65      7910639.0 ms
success		1       236     6       17      6       0       178948.55 64      7910639.0 ms
success		1       237     4       10      4       0       176345.42 63      7910639.0 ms
success		1       238     3       50      3       0       174156.09 62      7910639.0 ms
success		1       239     2       12      2       0       173141.86 61      7910639.0 ms
success		1       240     4       44      4       0       171707.55 60      7910639.0 ms
success		1       241     1       23      1       0       168244.62 59      7910639.0 ms
success		1       242     6       13      6       0       166297.06 58      7910639.0 ms
success		1       243     5       2       5       0       165142.78 57      7910639.0 ms
success		1       244     1       23      1       0       165311.06 56      7910639.0 ms
success		1       245     7       35      7       0       164212.04 55      7910655.0 ms
success		1       246     4       51      4       0       162978.39 54      7910655.0 ms
success		1       247     3       31      3       0       160940.07 53      7910655.0 ms
success		1       248     7       14      7       0       158086.31 52      7910655.0 ms
success		1       249     7       22      7       0       155237.07 51      7910655.0 ms
success		1       250     7       49      7       0       154095.91 50      7910655.0 ms
success		1       251     7       44      7       0       152492.76 49      7910655.0 ms
success		1       252     6       16      6       0       150959.37 48      7910655.0 ms
success		1       253     5       18      5       0       149728.66 47      7910655.0 ms
success		1       254     9       22      9       0       146679.36 46      7910671.0 ms
success		1       255     9       27      9       0       145643.96 45      7910671.0 ms
success		1       256     8       26      8       0       143492.47 44      7910671.0 ms
success		1       257     13      32      13      0       138441.61 43      7910671.0 ms
success		1       258     7       14      7       0       137440.14 42      7910671.0 ms
success		1       259     5       38      5       0       134852.48 41      7910671.0 ms
success		1       260     5       12      5       0       132382.48 40      7910671.0 ms
success		1       261     8       24      8       0       132086.84 39      7910671.0 ms
success		1       262     11      2       11      0       129265.61 38      7910686.0 ms
success		1       263     14      17      14      0       126523.52 37      7910686.0 ms
success		1       264     8       4       8       0       125433.03 36      7910686.0 ms
success		1       265     10      11      10      0       121443.18 35      7910686.0 ms
success		1       266     11      5       11      0       119101.82 34      7910686.0 ms
success		1       267     2       1       2       0       116448.93 33      7910686.0 ms
success		1       268     13      9       13      0       114581.53 32      7910686.0 ms
success		1       269     10      1       10      0       111610.24 31      7910702.0 ms
success		1       270     3       4       3       0       108329.78 30      7910702.0 ms
success		1       271     7       18      7       0       105238.12 29      7910702.0 ms
success		1       272     11      2       11      0       103989.59 28      7910702.0 ms
success		1       273     10      16      10      0       99139.52  27      7910702.0 ms
success		1       274     7       16      7       0       96940.47  26      7910702.0 ms
success		1       275     10      17      10      0       93589.84  25      7910702.0 ms
success		1       276     11      4       11      0       90480.41  24      7910702.0 ms
success		1       277     7       11      7       0       87661.54  23      7910702.0 ms
success		1       278     15      3       15      0       85581.70  22      7910717.0 ms
success		1       279     15      18      15      0       81707.01  21      7910717.0 ms
success		1       280     15      4       13      0       79027.54  20      7910749.0 ms
success		1       281     17      16      17      0       74735.00  19      7910749.0 ms
success		1       282     8       0       7       0       73937.62  18      7910764.0 ms
success		1       283     18      14      18      0       69392.97  17      7910764.0 ms
success		1       284     17      15      17      0       66077.66  16      7910764.0 ms
success		1       285     20      13      18      0       62557.69  15      7910795.0 ms
success		1       286     25      10      20      0       58191.53  14      7910905.0 ms
success		1       287     31      9       24      0       55132.12  13      7911201.0 ms
success		1       288     43      8       27      0       50198.09  12      7911794.0 ms
success		1       289     47      3       26      0       46064.98  11      7912808.0 ms
success		1       290     40      10      25      0       41894.47  10      7914040.0 ms
success		1       291     230     8       33      0       36475.43  9       7936083.0 ms
success		1       292     318     6       32      0       32079.66  8       8009261.0 ms
cross iterater0

R.size:7

1		439	438	23	118	507	185	18	550	350	316	89	81	228	174	549	311	336	515	109	40	104	294	592	46	253	251	92	582	110	178	600	86	208	442	299	545	517	479	424	269	108	586	31	68	168	217	289	210	62	72	494	411	450	170	502	96	446	407	340	220	4	172	330	465	45	25	601	36	273	416	344	112	305	367	156	583	347	76	506	100	222	555	218	499	206	297	15	98	
2		364	377	14	384	226	240	563	449	55	541	37	184	171	397	213	363	432	568	496	473	391	246	369	408	196	590	529	576	523	21	198	464	237	252	528	71	143	60	90	500	514	351	290	19	216	161	472	343	566	373	176	192	102	44	476	56	300	152	270	461	567	323	599	537	82	320	332	474	485	91	466	17	484	111	277	401	329	239	190	520	413	265	452	103	498	463	451	469	
3		166	61	115	548	421	527	231	126	304	187	8	150	16	256	571	193	211	531	487	58	278	262	204	325	346	287	227	242	383	362	313	101	481	405	361	99	322	448	127	315	183	73	24	230	562	588	394	272	538	173	371	436	43	53	355	526	88	125	3	540	477	254	513	180	375	440	147	458	151	78	359	455	201	144	234	26	546	57	97	145	87	356	119	232	435	224	
4		296	370	257	470	301	556	271	519	197	207	282	353	199	70	425	423	75	339	403	123	508	534	579	84	530	595	124	317	39	380	42	280	584	138	243	160	561	505	572	569	250	32	402	471	334	221	308	146	205	134	264	378	602	194	410	191	427	153	444	181	261	307	503	490	589	9	244	258	12	341	428	594	578	480	148	79	248	393	324	310	1	570	388	533	441	30	85	522	
5		437	395	532	453	275	158	349	69	169	94	29	342	419	288	357	83	2	396	331	189	163	139	235	551	552	11	41	415	33	447	260	266	382	136	462	293	554	406	501	516	535	188	318	202	345	593	298	177	141	157	478	285	50	241	467	154	5	117	414	107	135	379	358	387	54	488	368	412	93	445	366	121	585	374	35	164	376	409	27	295	
6		281	417	587	482	558	460	580	544	309	162	283	518	236	352	122	105	559	175	276	542	130	214	573	509	338	106	422	131	274	510	114	129	426	312	116	431	489	64	259	386	245	454	203	186	536	77	255	493	20	195	13	51	385	65	292	335	219	159	263	511	28	543	565	140	47	128	547	399	52	581	557	321	6	63	521	392	483	429	137	7	430	456	
7		80	539	524	381	328	596	495	389	337	200	459	165	457	66	486	215	577	233	59	591	49	268	303	491	267	155	418	575	512	560	326	574	404	420	314	120	95	443	225	74	34	249	319	22	468	434	279	291	433	564	238	492	504	209	306	360	223	475	48	38	333	400	133	354	398	390	598	327	179	67	365	525	348	167	597	113	302	229	182	372	497	553	286	142	10	284	247	149	132	212	

data1/pdp600/LR2_6_4.txt
total_cost 26693.677457

