0  1  18  0.14      351            2600.1    2056.6    0.34      100 0         80        
0  2  16  0.84      376            2395.1    2074.3    14.63     100 0         102       
0  3  12  0.34      445            1728.1    1560.4    0.76      100 0         137       
0  4  11  0.94      393            1444.7    1421.8    10.73     100 0         66        
0  5  18  0.13      429            2745.7    2337.1    13.80     100 0         156       
0  6  13  12.99     394            1867.1    1788.5    12.99     100 0         86        
0  7  12  0.34      341            1643.9    1580.1    0.34      100 0         22        
0  8  11  4.01      472            1555.8    1505.3    25.01     100 0         144       
2  1  25  1.23      801            9402.4    6130.7    82.58     100 0         269       
2  2  19  12.06     717            7613.3    5869.8    98.78     100 0         168       
2  3  14  0.59      791            5960.8    5644.9    59.53     100 0         154       
2  4  10  16.08     764            3883.0    3841.3    408.15    100 0         120       
2  5  18  6.79      727            6604.1    5171.8    178.49    100 0         130       
2  6  19  30.39     718            7241.1    4957.3    163.36    100 0         141       
2  7  16  114.00    768            5838.5    4793.2    136.19    100 0         145       
2  8  14  151.00    788            4813.5    4601.4    246.51    100 0         157       
2  9  15  1.40      726            5117.9    4254.2    206.40    100 0         125       
2  10 13  30.03     775            4517.7    4269.4    305.82    100 0         141       
4  1  47  13.38     1653           23698.7   14363.2   1025.09   100 0         688       
4  2  39  58.58     1444           20035.3   14752.0   1085.82   100 0         397       
4  3  29  18.44     1383           15714.6   13973.8   357.22    100 0         264       
4  4  19  6.32      1348           9785.2    9472.0    526.97    100 0         145       
4  5  38  941.75    1415           18420.7   12555.0   1348.88   100 0         369       
4  6  36  359.40    1361           17489.7   12365.6   1000.94   100 0         294       
4  7  33  1176.97   1458           15674.7   11971.4   1176.97   100 0         334       
4  8  29  625.22    1390           12912.7   10939.6   625.22    100 0         253       
4  9  29  207.44    1386           13181.0   10526.1   1263.03   100 0         235       
4  10 27  133.55    1384           11805.6   10202.3   1677.31   100 0         231       
6  1  69  472.75    2153           56126.9   30183.4   562.62    100 0         779       
6  2  56  107.26    2444           48783.0   32759.8   710.44    100 0         880       
6  3  40  18.78     2456           37354.3   31174.7   10459.58  91  0         718       
6  4  25  60.26     1947           22581.0   21629.5   1672.41   55  0         160       
6  5  52  3876.48   2285           43219.9   28423.4   3876.48   100 0         662       
6  6  53  4520.10   2334           42931.2   28924.2   5973.13   100 0         759       
6  7  45  2794.69   2399           37072.0   25342.8   2794.69   100 0         717       
6  8  40  2520.69   2187           32137.2   23806.2   3573.16   93  0         501       
6  9  39  6005.57   2130           31185.5   23023.2   7907.18   100 0         413       
6  10 34  426.96    1981           25419.4   20383.0   5500.42   90  0         250       
