success		1       0       1       42      1       0       67945.71  100     16.0     ms
success		1       1       1       90      1       0       67860.78  99      16.0     ms
success		1       2       1       55      1       0       67855.05  98      16.0     ms
success		1       3       1       64      1       0       66653.71  97      16.0     ms
success		1       4       1       20      1       0       65874.56  96      16.0     ms
success		1       5       1       31      1       0       65117.35  95      16.0     ms
success		1       6       1       45      1       0       64631.64  94      16.0     ms
success		1       7       1       17      1       0       64533.55  93      16.0     ms
success		1       8       1       21      1       0       64124.35  92      16.0     ms
success		1       9       1       82      1       0       64057.32  91      16.0     ms
success		1       10      1       86      1       0       63924.60  90      16.0     ms
success		1       11      1       0       1       0       63325.78  89      16.0     ms
success		1       12      1       33      1       0       62217.80  88      16.0     ms
success		1       13      1       70      1       0       61861.17  87      16.0     ms
success		1       14      1       73      1       0       61867.97  86      16.0     ms
success		1       15      1       82      1       0       61865.49  85      16.0     ms
success		1       16      1       2       1       0       61703.36  84      31.0     ms
success		1       17      2       72      2       0       61323.22  83      31.0     ms
success		1       18      1       54      1       0       61058.14  82      31.0     ms
success		1       19      1       17      1       0       60666.64  81      31.0     ms
success		1       20      1       25      1       0       60411.18  80      31.0     ms
success		1       21      1       1       1       0       60145.38  79      31.0     ms
success		1       22      1       29      1       0       59997.73  78      31.0     ms
success		1       23      1       64      1       0       59866.14  77      31.0     ms
success		1       24      1       28      1       0       59154.15  76      31.0     ms
success		1       25      1       28      1       0       59016.96  75      31.0     ms
success		1       26      1       66      1       0       58947.33  74      31.0     ms
success		1       27      1       50      1       0       58467.79  73      31.0     ms
success		1       28      1       32      1       0       57333.01  72      31.0     ms
success		1       29      2       40      2       0       56179.22  71      31.0     ms
success		1       30      2       22      2       0       55908.70  70      31.0     ms
success		1       31      1       29      1       0       55096.58  69      31.0     ms
success		1       32      1       63      1       0       54909.70  68      31.0     ms
success		1       33      1       3       1       0       54537.58  67      31.0     ms
success		1       34      2       64      2       0       53973.77  66      31.0     ms
success		1       35      1       3       1       0       53528.45  65      31.0     ms
success		1       36      3       38      3       0       53299.37  64      31.0     ms
success		1       37      2       11      2       0       52991.76  63      31.0     ms
success		1       38      3       8       3       0       52749.34  62      31.0     ms
success		1       39      2       26      2       0       52645.29  61      31.0     ms
success		1       40      1       37      1       0       52503.82  60      31.0     ms
success		1       41      2       59      2       0       52057.97  59      31.0     ms
success		1       42      1       56      1       0       50661.15  58      31.0     ms
success		1       43      1       32      1       0       49775.25  57      31.0     ms
success		1       44      1       11      1       0       49407.12  56      31.0     ms
success		1       45      1       11      1       0       49316.05  55      31.0     ms
success		1       46      1       44      1       0       48228.55  54      31.0     ms
success		1       47      3       5       3       0       47924.10  53      31.0     ms
success		1       48      3       8       3       0       46217.05  52      31.0     ms
success		1       49      2       39      2       0       45534.19  51      31.0     ms
success		1       50      2       49      2       0       44921.86  50      31.0     ms
success		1       51      2       26      2       0       44538.89  49      31.0     ms
success		1       52      1       31      1       0       42876.03  48      31.0     ms
success		1       53      1       11      1       0       42689.92  47      31.0     ms
success		1       54      4       35      4       0       42319.07  46      31.0     ms
success		1       55      3       1       3       0       41677.63  45      31.0     ms
success		1       56      1       44      1       0       41580.60  44      31.0     ms
success		1       57      2       22      2       0       41240.55  43      31.0     ms
success		1       58      2       16      2       0       40886.61  42      31.0     ms
success		1       59      3       21      3       0       40971.62  41      31.0     ms
success		1       60      2       39      2       0       39262.91  40      31.0     ms
success		1       61      1       18      1       0       39031.93  39      47.0     ms
success		1       62      6       30      6       0       38064.78  38      47.0     ms
success		1       63      1       20      1       0       37135.03  37      47.0     ms
success		1       64      3       6       3       0       36426.09  36      47.0     ms
success		1       65      1       33      1       0       35991.57  35      47.0     ms
success		1       66      3       30      3       0       34905.81  34      47.0     ms
success		1       67      4       0       4       0       35141.70  33      47.0     ms
success		1       68      4       9       4       0       34985.42  32      47.0     ms
success		1       69      3       29      3       0       34597.93  31      47.0     ms
success		1       70      2       14      2       0       34029.84  30      47.0     ms
success		1       71      3       6       3       0       33936.82  29      47.0     ms
success		1       72      3       10      3       0       32619.69  28      47.0     ms
success		1       73      3       6       3       0       32128.64  27      47.0     ms
success		1       74      2       2       2       0       31202.66  26      47.0     ms
success		1       75      2       22      2       0       30429.69  25      47.0     ms
success		1       76      4       1       4       0       29637.84  24      47.0     ms
success		1       77      4       13      4       0       28223.63  23      47.0     ms
success		1       78      3       1       3       0       27606.83  22      47.0     ms
success		1       79      6       15      6       0       27237.77  21      47.0     ms
success		1       80      4       9       4       0       26766.52  20      47.0     ms
success		1       81      5       2       5       0       25329.16  19      47.0     ms
success		1       82      8       2       8       0       25066.12  18      47.0     ms
success		1       83      5       10      5       0       23507.63  17      47.0     ms
success		1       84      5       3       5       0       22095.25  16      47.0     ms
success		1       85      7       6       7       0       20846.21  15      47.0     ms
success		1       86      7       2       7       0       19660.79  14      47.0     ms
success		1       87      7       13      7       0       18949.95  13      47.0     ms
success		1       88      9       0       7       0       18901.17  12      62.0     ms
success		1       89      9       9       9       0       17098.03  11      62.0     ms
success		1       90      10      1       10      0       16003.56  10      62.0     ms
success		1       91      14      1       12      0       14544.68  9       78.0     ms
success		1       92      17      8       10      0       12670.11  8       156.0    ms
success		1       93      19      2       11      0       11603.85  7       218.0    ms
success		1       94      56      5       15      0       9565.16   6       796.0    ms
success		1       95      693     0       15      0       8018.89   5       13197.0  ms
success		1       0       1       67      1       0       81960.52  100     39561.0  ms
success		1       1       1       31      1       0       81420.82  99      39561.0  ms
success		1       2       1       6       1       0       80994.82  98      39561.0  ms
success		1       3       1       90      1       0       80540.55  97      39561.0  ms
success		1       4       1       6       1       0       79911.60  96      39561.0  ms
success		1       5       1       56      1       0       79482.88  95      39561.0  ms
success		1       6       1       18      1       0       78410.55  94      39561.0  ms
success		1       7       1       4       1       0       77730.19  93      39561.0  ms
success		1       8       1       66      1       0       76865.73  92      39561.0  ms
success		1       9       1       45      1       0       76472.23  91      39561.0  ms
success		1       10      1       48      1       0       75331.93  90      39561.0  ms
success		1       11      1       74      1       0       74209.26  89      39561.0  ms
success		1       12      1       10      1       0       73840.43  88      39561.0  ms
success		1       13      1       30      1       0       72428.91  87      39561.0  ms
success		1       14      2       75      2       0       71739.44  86      39561.0  ms
success		1       15      2       20      2       0       71101.43  85      39561.0  ms
success		1       16      1       11      1       0       69200.05  84      39561.0  ms
success		1       17      1       23      1       0       68646.67  83      39561.0  ms
success		1       18      1       21      1       0       68212.60  82      39561.0  ms
success		1       19      2       36      2       0       67698.75  81      39561.0  ms
success		1       20      1       80      1       0       67215.15  80      39561.0  ms
success		1       21      1       78      1       0       66597.75  79      39561.0  ms
success		1       22      1       18      1       0       66316.40  78      39561.0  ms
success		1       23      1       77      1       0       66156.54  77      39561.0  ms
success		1       24      2       29      2       0       65834.75  76      39561.0  ms
success		1       25      2       21      2       0       65799.21  75      39561.0  ms
success		1       26      1       55      1       0       65689.17  74      39561.0  ms
success		1       27      2       16      2       0       65053.96  73      39561.0  ms
success		1       28      1       72      1       0       64608.72  72      39561.0  ms
success		1       29      1       38      1       0       64090.94  71      39561.0  ms
success		1       30      2       12      2       0       63417.77  70      39561.0  ms
success		1       31      1       19      1       0       63094.60  69      39561.0  ms
success		1       32      1       33      1       0       62107.82  68      39561.0  ms
success		1       33      1       43      1       0       61423.63  67      39561.0  ms
success		1       34      2       48      2       0       61084.61  66      39561.0  ms
success		1       35      1       22      1       0       59708.17  65      39561.0  ms
success		1       36      1       10      1       0       59253.54  64      39561.0  ms
success		1       37      1       19      1       0       58847.36  63      39561.0  ms
success		1       38      2       48      2       0       58315.35  62      39561.0  ms
success		1       39      2       31      2       0       58272.50  61      39561.0  ms
success		1       40      1       5       1       0       57409.51  60      39561.0  ms
success		1       41      3       16      3       0       55839.77  59      39561.0  ms
success		1       42      1       58      1       0       55472.73  58      39561.0  ms
success		1       43      2       39      2       0       54902.22  57      39561.0  ms
success		1       44      1       16      1       0       53582.54  56      39561.0  ms
success		1       45      1       55      1       0       53057.13  55      39561.0  ms
success		1       46      1       27      1       0       52465.32  54      39561.0  ms
success		1       47      1       38      1       0       52217.21  53      39561.0  ms
success		1       48      1       37      1       0       51145.85  52      39561.0  ms
success		1       49      1       37      1       0       50848.38  51      39561.0  ms
success		1       50      3       6       3       0       49520.75  50      39561.0  ms
success		1       51      2       22      2       0       48229.64  49      39561.0  ms
success		1       52      2       42      2       0       47306.66  48      39561.0  ms
success		1       53      2       4       2       0       46837.45  47      39561.0  ms
success		1       54      3       2       3       0       45823.43  46      39561.0  ms
success		1       55      1       21      1       0       45455.96  45      39561.0  ms
success		1       56      3       6       3       0       45292.64  44      39561.0  ms
success		1       57      1       15      1       0       43838.55  43      39561.0  ms
success		1       58      2       30      2       0       43221.72  42      39576.0  ms
success		1       59      3       14      3       0       42819.31  41      39576.0  ms
success		1       60      4       39      4       0       42197.68  40      39576.0  ms
success		1       61      5       21      5       0       41380.09  39      39576.0  ms
success		1       62      1       10      1       0       41056.80  38      39576.0  ms
success		1       63      4       19      4       0       41691.32  37      39576.0  ms
success		1       64      3       13      3       0       40822.66  36      39576.0  ms
success		1       65      4       7       4       0       40233.44  35      39576.0  ms
success		1       66      4       2       4       0       38971.37  34      39576.0  ms
success		1       67      3       23      3       0       37564.20  33      39576.0  ms
success		1       68      3       14      3       0       37226.46  32      39576.0  ms
success		1       69      3       18      3       0       36486.97  31      39576.0  ms
success		1       70      2       6       2       0       36116.66  30      39576.0  ms
success		1       71      3       6       3       0       34658.73  29      39576.0  ms
success		1       72      3       1       3       0       34329.97  28      39576.0  ms
success		1       73      6       19      6       0       33337.99  27      39576.0  ms
success		1       74      3       21      3       0       32907.81  26      39576.0  ms
success		1       75      4       1       4       0       31258.79  25      39576.0  ms
success		1       76      7       21      7       0       29750.43  24      39576.0  ms
success		1       77      6       8       6       0       28754.58  23      39576.0  ms
success		1       78      4       0       4       0       27980.00  22      39576.0  ms
success		1       79      3       3       3       0       26763.91  21      39576.0  ms
success		1       80      4       17      4       0       26140.04  20      39576.0  ms
success		1       81      5       7       5       0       26371.60  19      39576.0  ms
success		1       82      6       16      6       0       24981.53  18      39576.0  ms
success		1       83      9       14      9       0       24169.06  17      39576.0  ms
success		1       84      4       15      4       0       23165.25  16      39576.0  ms
success		1       85      6       4       6       0       21713.32  15      39576.0  ms
success		1       86      10      14      10      0       21012.12  14      39576.0  ms
success		1       87      6       0       6       0       19699.08  13      39576.0  ms
success		1       88      10      3       9       0       18328.62  12      39576.0  ms
success		1       89      6       4       5       0       15605.10  11      39576.0  ms
success		1       90      13      1       11      0       16843.17  10      39576.0  ms
success		1       91      12      4       10      0       14685.53  9       39592.0  ms
success		1       92      20      0       10      0       12978.42  8       39686.0  ms
success		1       93      26      0       14      0       11012.59  7       39795.0  ms
success		1       94      64      5       13      0       9934.44   6       40232.0  ms
success		1       0       1       87      1       0       82224.29  100     54537.0  ms
success		1       1       1       41      1       0       81713.02  99      54537.0  ms
success		1       2       1       39      1       0       81011.39  98      54537.0  ms
success		1       3       1       46      1       0       80323.79  97      54537.0  ms
success		1       4       1       33      1       0       79925.61  96      54537.0  ms
success		1       5       1       62      1       0       78346.66  95      54537.0  ms
success		1       6       2       59      2       0       77810.13  94      54537.0  ms
success		1       7       1       18      1       0       76111.73  93      54537.0  ms
success		1       8       1       27      1       0       75574.04  92      54537.0  ms
success		1       9       1       69      1       0       75012.10  91      54537.0  ms
success		1       10      1       39      1       0       74380.03  90      54537.0  ms
success		1       11      1       7       1       0       74154.78  89      54537.0  ms
success		1       12      1       23      1       0       73100.96  88      54537.0  ms
success		1       13      1       39      1       0       71912.05  87      54537.0  ms
success		1       14      1       39      1       0       71699.91  86      54537.0  ms
success		1       15      1       65      1       0       71277.41  85      54537.0  ms
success		1       16      1       1       1       0       70963.81  84      54537.0  ms
success		1       17      1       31      1       0       69560.55  83      54537.0  ms
success		1       18      1       37      1       0       68825.74  82      54537.0  ms
success		1       19      2       60      2       0       68103.34  81      54537.0  ms
success		1       20      2       35      2       0       67747.38  80      54537.0  ms
success		1       21      2       24      2       0       67563.04  79      54537.0  ms
success		1       22      1       23      1       0       66314.65  78      54537.0  ms
success		1       23      1       62      1       0       65709.15  77      54537.0  ms
success		1       24      1       59      1       0       65548.91  76      54537.0  ms
success		1       25      1       11      1       0       65030.84  75      54537.0  ms
success		1       26      1       8       1       0       64466.96  74      54537.0  ms
success		1       27      1       2       1       0       64072.90  73      54537.0  ms
success		1       28      1       25      1       0       62472.87  72      54537.0  ms
success		1       29      1       63      1       0       62081.35  71      54537.0  ms
success		1       30      1       60      1       0       61153.10  70      54537.0  ms
success		1       31      2       40      2       0       59857.03  69      54537.0  ms
success		1       32      2       31      2       0       59459.29  68      54537.0  ms
success		1       33      1       58      1       0       59103.02  67      54552.0  ms
success		1       34      2       31      2       0       58861.79  66      54552.0  ms
success		1       35      2       9       2       0       58201.59  65      54552.0  ms
success		1       36      1       39      1       0       57569.91  64      54552.0  ms
success		1       37      1       25      1       0       57464.42  63      54552.0  ms
success		1       38      2       8       2       0       56527.18  62      54552.0  ms
success		1       39      1       24      1       0       56143.74  61      54552.0  ms
success		1       40      1       6       1       0       55649.32  60      54552.0  ms
success		1       41      1       41      1       0       54898.25  59      54552.0  ms
success		1       42      3       17      3       0       54290.19  58      54552.0  ms
success		1       43      1       18      1       0       53136.80  57      54552.0  ms
success		1       44      1       23      1       0       52917.63  56      54552.0  ms
success		1       45      2       41      2       0       52351.84  55      54552.0  ms
success		1       46      1       15      1       0       52209.45  54      54552.0  ms
success		1       47      2       18      2       0       51974.47  53      54552.0  ms
success		1       48      4       16      4       0       51547.45  52      54552.0  ms
success		1       49      6       13      6       0       51461.88  51      54552.0  ms
success		1       50      2       28      2       0       50959.98  50      54552.0  ms
success		1       51      1       18      1       0       49831.16  49      54552.0  ms
success		1       52      2       36      2       0       49457.95  48      54552.0  ms
success		1       53      2       18      2       0       48672.41  47      54552.0  ms
success		1       54      3       20      3       0       47621.74  46      54552.0  ms
success		1       55      2       31      2       0       47669.80  45      54552.0  ms
success		1       56      2       42      2       0       47151.95  44      54552.0  ms
success		1       57      1       21      1       0       45872.81  43      54552.0  ms
success		1       58      4       32      4       0       45212.15  42      54552.0  ms
success		1       59      5       34      5       0       44159.72  41      54552.0  ms
success		1       60      3       36      3       0       43838.27  40      54552.0  ms
success		1       61      5       7       5       0       43437.76  39      54552.0  ms
success		1       62      3       3       3       0       42053.64  38      54552.0  ms
success		1       63      2       29      2       0       41949.31  37      54552.0  ms
success		1       64      2       25      2       0       41655.55  36      54552.0  ms
success		1       65      5       23      5       0       41016.31  35      54552.0  ms
success		1       66      5       6       5       0       40242.85  34      54552.0  ms
success		1       67      3       25      3       0       39350.49  33      54552.0  ms
success		1       68      3       4       3       0       39497.12  32      54552.0  ms
success		1       69      3       3       3       0       38018.87  31      54552.0  ms
success		1       70      4       14      4       0       36155.13  30      54552.0  ms
success		1       71      3       19      3       0       36277.79  29      54552.0  ms
success		1       72      5       6       5       0       35880.90  28      54552.0  ms
success		1       73      1       23      1       0       34096.48  27      54552.0  ms
success		1       74      8       22      8       0       33267.06  26      54552.0  ms
success		1       75      6       10      6       0       32265.46  25      54552.0  ms
success		1       76      3       21      3       0       31861.29  24      54552.0  ms
success		1       77      3       4       3       0       30779.95  23      54552.0  ms
success		1       78      4       15      4       0       29714.50  22      54552.0  ms
success		1       79      6       14      6       0       28149.31  21      54552.0  ms
success		1       80      4       14      4       0       27282.29  20      54552.0  ms
success		1       81      6       14      6       0       26860.56  19      54552.0  ms
success		1       82      4       5       4       0       25339.93  18      54552.0  ms
success		1       83      5       0       5       0       24341.94  17      54552.0  ms
success		1       84      10      15      10      0       22878.94  16      54552.0  ms
success		1       85      3       1       3       0       21669.92  15      54552.0  ms
success		1       86      6       12      6       0       20367.13  14      54552.0  ms
success		1       87      11      4       9       0       19189.74  13      54552.0  ms
success		1       88      10      8       10      0       18316.39  12      54552.0  ms
success		1       89      6       1       5       0       16621.78  11      54568.0  ms
success		1       90      11      6       9       0       16642.65  10      54568.0  ms
success		1       91      8       5       8       0       14587.99  9       54568.0  ms
success		1       92      17      1       9       0       13126.93  8       54599.0  ms
success		1       93      21      1       13      0       10889.29  7       54646.0  ms
success		1       94      94      0       14      0       9281.99   6       55722.0  ms
success		1       0       1       7       1       0       81839.89  100     86797.0  ms
success		1       1       1       71      1       0       81503.54  99      86797.0  ms
success		1       2       1       65      1       0       80668.26  98      86797.0  ms
success		1       3       1       7       1       0       80162.08  97      86797.0  ms
success		1       4       1       30      1       0       78858.12  96      86797.0  ms
success		1       5       1       28      1       0       78304.73  95      86797.0  ms
success		1       6       1       1       1       0       77985.95  94      86797.0  ms
success		1       7       1       48      1       0       77515.21  93      86797.0  ms
success		1       8       1       27      1       0       76838.83  92      86797.0  ms
success		1       9       1       10      1       0       76281.32  91      86797.0  ms
success		1       10      2       75      2       0       75638.77  90      86797.0  ms
success		1       11      1       59      1       0       74875.96  89      86797.0  ms
success		1       12      1       1       1       0       74350.43  88      86797.0  ms
success		1       13      1       31      1       0       73024.37  87      86797.0  ms
success		1       14      1       28      1       0       72321.06  86      86797.0  ms
success		1       15      1       42      1       0       71416.79  85      86797.0  ms
success		1       16      1       5       1       0       70145.92  84      86797.0  ms
success		1       17      1       4       1       0       69749.99  83      86797.0  ms
success		1       18      1       27      1       0       69301.84  82      86797.0  ms
success		1       19      1       58      1       0       69137.61  81      86797.0  ms
success		1       20      1       26      1       0       67405.45  80      86797.0  ms
success		1       21      1       14      1       0       66812.68  79      86797.0  ms
success		1       22      1       51      1       0       66314.71  78      86797.0  ms
success		1       23      1       8       1       0       64539.84  77      86797.0  ms
success		1       24      1       6       1       0       64353.33  76      86797.0  ms
success		1       25      1       16      1       0       64210.65  75      86797.0  ms
success		1       26      1       47      1       0       63649.12  74      86797.0  ms
success		1       27      2       18      2       0       63403.13  73      86797.0  ms
success		1       28      1       6       1       0       62847.99  72      86797.0  ms
success		1       29      1       39      1       0       62322.48  71      86797.0  ms
success		1       30      1       63      1       0       62117.01  70      86797.0  ms
success		1       31      1       57      1       0       61978.09  69      86797.0  ms
success		1       32      1       14      1       0       61173.77  68      86797.0  ms
success		1       33      1       14      1       0       59936.19  67      86797.0  ms
success		1       34      2       15      2       0       59474.38  66      86797.0  ms
success		1       35      2       55      2       0       58312.91  65      86797.0  ms
success		1       36      1       16      1       0       57506.95  64      86797.0  ms
success		1       37      1       1       1       0       57040.82  63      86797.0  ms
success		1       38      3       57      3       0       55488.74  62      86797.0  ms
success		1       39      1       36      1       0       55142.25  61      86797.0  ms
success		1       40      3       1       3       0       54723.99  60      86797.0  ms
success		1       41      2       20      2       0       54125.73  59      86797.0  ms
success		1       42      1       14      1       0       53828.94  58      86797.0  ms
success		1       43      1       57      1       0       53329.22  57      86797.0  ms
success		1       44      2       40      2       0       52776.20  56      86797.0  ms
success		1       45      1       24      1       0       51439.26  55      86797.0  ms
success		1       46      1       32      1       0       50148.90  54      86797.0  ms
success		1       47      2       8       2       0       49523.52  53      86797.0  ms
success		1       48      1       42      1       0       49175.16  52      86797.0  ms
success		1       49      1       40      1       0       49010.36  51      86797.0  ms
success		1       50      1       15      1       0       48660.54  50      86797.0  ms
success		1       51      1       37      1       0       47273.68  49      86797.0  ms
success		1       52      2       4       2       0       46834.38  48      86797.0  ms
success		1       53      1       24      1       0       44810.63  47      86797.0  ms
success		1       54      3       46      3       0       44359.84  46      86797.0  ms
success		1       55      2       28      2       0       43748.65  45      86797.0  ms
success		1       56      1       2       1       0       43282.51  44      86797.0  ms
success		1       57      3       18      3       0       42409.44  43      86797.0  ms
success		1       58      4       14      4       0       42192.14  42      86797.0  ms
success		1       59      3       13      3       0       41261.55  41      86797.0  ms
success		1       60      7       25      7       0       42896.93  40      86797.0  ms
success		1       61      2       19      2       0       41829.36  39      86797.0  ms
success		1       62      3       17      3       0       40414.03  38      86797.0  ms
success		1       63      1       11      1       0       38576.47  37      86797.0  ms
success		1       64      3       5       3       0       37615.34  36      86797.0  ms
success		1       65      5       17      5       0       36983.03  35      86812.0  ms
success		1       66      2       1       2       0       36427.90  34      86812.0  ms
success		1       67      3       21      3       0       35778.37  33      86812.0  ms
success		1       68      3       19      3       0       35196.66  32      86812.0  ms
success		1       69      6       31      6       0       36116.66  31      86812.0  ms
success		1       70      3       6       3       0       35884.33  30      86812.0  ms
success		1       71      3       12      3       0       34587.69  29      86812.0  ms
success		1       72      2       6       2       0       33968.29  28      86812.0  ms
success		1       73      2       10      2       0       32698.77  27      86812.0  ms
success		1       74      3       25      3       0       31984.50  26      86812.0  ms
success		1       75      4       21      4       0       30537.44  25      86812.0  ms
success		1       76      4       10      4       0       29885.21  24      86812.0  ms
success		1       77      7       22      7       0       29195.61  23      86812.0  ms
success		1       78      9       15      9       0       28135.80  22      86812.0  ms
success		1       79      6       14      6       0       26818.91  21      86812.0  ms
success		1       80      3       5       3       0       24850.79  20      86812.0  ms
success		1       81      8       4       8       0       23360.00  19      86812.0  ms
success		1       82      2       5       2       0       22237.26  18      86812.0  ms
success		1       83      9       15      9       0       21276.36  17      86812.0  ms
success		1       84      8       9       8       0       20012.99  16      86812.0  ms
success		1       85      9       6       9       0       18703.00  15      86812.0  ms
success		1       86      7       0       7       0       18278.39  14      86812.0  ms
success		1       87      4       11      4       0       17868.00  13      86812.0  ms
success		1       88      9       12      9       0       17227.53  12      86812.0  ms
success		1       89      12      0       8       0       17939.74  11      86812.0  ms
success		1       90      12      6       9       0       14997.71  10      86828.0  ms
success		1       91      16      2       11      0       14748.66  9       86844.0  ms
success		1       92      23      4       13      0       12966.56  8       86906.0  ms
success		1       93      16      5       12      0       10825.88  7       86922.0  ms
success		1       94      45      5       15      0       9167.67   6       87202.0  ms
success		1       0       1       18      1       0       81704.42  100     110212.0 ms
success		1       1       1       36      1       0       79608.40  99      110212.0 ms
success		1       2       1       54      1       0       78979.14  98      110212.0 ms
success		1       3       1       51      1       0       78454.02  97      110212.0 ms
success		1       4       1       17      1       0       77343.72  96      110212.0 ms
success		1       5       1       69      1       0       76884.66  95      110212.0 ms
success		1       6       1       74      1       0       75591.91  94      110212.0 ms
success		1       7       1       1       1       0       75205.18  93      110212.0 ms
success		1       8       1       84      1       0       75080.56  92      110212.0 ms
success		1       9       1       52      1       0       74440.02  91      110212.0 ms
success		1       10      1       58      1       0       72903.01  90      110212.0 ms
success		1       11      1       57      1       0       72367.29  89      110212.0 ms
success		1       12      1       65      1       0       72147.01  88      110212.0 ms
success		1       13      1       14      1       0       70892.09  87      110212.0 ms
success		1       14      1       13      1       0       70195.40  86      110212.0 ms
success		1       15      1       46      1       0       69150.62  85      110212.0 ms
success		1       16      1       32      1       0       68702.47  84      110212.0 ms
success		1       17      1       40      1       0       67457.67  83      110212.0 ms
success		1       18      1       15      1       0       66420.71  82      110212.0 ms
success		1       19      1       68      1       0       65935.41  81      110212.0 ms
success		1       20      2       27      2       0       65024.55  80      110212.0 ms
success		1       21      2       54      2       0       63837.72  79      110212.0 ms
success		1       22      2       45      2       0       63231.61  78      110212.0 ms
success		1       23      2       19      2       0       62204.85  77      110212.0 ms
success		1       24      1       54      1       0       61624.38  76      110212.0 ms
success		1       25      1       19      1       0       61236.31  75      110212.0 ms
success		1       26      2       17      2       0       60998.91  74      110212.0 ms
success		1       27      1       59      1       0       60617.30  73      110212.0 ms
success		1       28      1       7       1       0       60334.38  72      110212.0 ms
success		1       29      2       47      2       0       59836.97  71      110212.0 ms
success		1       30      1       5       1       0       59363.78  70      110212.0 ms
success		1       31      1       56      1       0       58932.38  69      110212.0 ms
success		1       32      2       53      2       0       57449.25  68      110212.0 ms
success		1       33      2       41      2       0       56807.64  67      110212.0 ms
success		1       34      1       56      1       0       56195.42  66      110212.0 ms
success		1       35      2       29      2       0       55239.96  65      110212.0 ms
success		1       36      1       37      1       0       54258.50  64      110212.0 ms
success		1       37      2       19      2       0       53952.87  63      110212.0 ms
success		1       38      2       11      2       0       53769.04  62      110212.0 ms
success		1       39      2       12      2       0       53189.27  61      110212.0 ms
success		1       40      2       30      2       0       52276.31  60      110212.0 ms
success		1       41      1       38      1       0       51902.85  59      110212.0 ms
success		1       42      1       39      1       0       51306.54  58      110212.0 ms
success		1       43      3       3       3       0       50435.58  57      110212.0 ms
success		1       44      3       37      3       0       50239.47  56      110212.0 ms
success		1       45      3       13      3       0       49282.51  55      110212.0 ms
success		1       46      1       24      1       0       48654.32  54      110212.0 ms
success		1       47      1       26      1       0       47827.63  53      110212.0 ms
success		1       48      2       41      2       0       46766.47  52      110212.0 ms
success		1       49      1       2       1       0       46330.76  51      110212.0 ms
success		1       50      2       4       2       0       46879.45  50      110212.0 ms
success		1       51      5       9       5       0       46179.47  49      110212.0 ms
success		1       52      2       2       2       0       44834.67  48      110212.0 ms
success		1       53      1       46      1       0       44751.84  47      110212.0 ms
success		1       54      2       32      2       0       44564.33  46      110212.0 ms
success		1       55      2       8       2       0       43608.76  45      110212.0 ms
success		1       56      2       26      2       0       43011.39  44      110212.0 ms
success		1       57      4       14      4       0       43385.49  43      110212.0 ms
success		1       58      7       25      7       0       43475.79  42      110212.0 ms
success		1       59      1       17      1       0       42335.02  41      110212.0 ms
success		1       60      2       17      2       0       41885.45  40      110212.0 ms
success		1       61      2       32      2       0       41447.72  39      110212.0 ms
success		1       62      4       34      4       0       41235.74  38      110212.0 ms
success		1       63      4       30      4       0       40248.38  37      110212.0 ms
success		1       64      5       2       5       0       39188.71  36      110212.0 ms
success		1       65      6       23      6       0       38244.91  35      110212.0 ms
success		1       66      4       23      4       0       37590.13  34      110212.0 ms
success		1       67      3       9       3       0       36242.60  33      110212.0 ms
success		1       68      4       15      4       0       35251.65  32      110212.0 ms
success		1       69      3       15      3       0       34075.28  31      110212.0 ms
success		1       70      4       22      4       0       32839.92  30      110212.0 ms
success		1       71      2       12      2       0       31968.68  29      110212.0 ms
success		1       72      4       3       4       0       31045.94  28      110212.0 ms
success		1       73      2       0       2       0       30225.05  27      110212.0 ms
success		1       74      3       10      3       0       28659.96  26      110212.0 ms
success		1       75      5       3       5       0       28008.65  25      110212.0 ms
success		1       76      4       2       4       0       27622.42  24      110212.0 ms
success		1       77      3       17      3       0       27506.52  23      110227.0 ms
success		1       78      4       6       4       0       27498.99  22      110227.0 ms
success		1       79      6       4       6       0       26029.63  21      110227.0 ms
success		1       80      5       7       5       0       24251.72  20      110227.0 ms
success		1       81      3       13      3       0       23704.87  19      110227.0 ms
success		1       82      9       14      9       0       24101.90  18      110227.0 ms
success		1       83      4       7       4       0       23571.64  17      110227.0 ms
success		1       84      4       11      4       0       22396.23  16      110227.0 ms
success		1       85      9       12      9       0       20988.98  15      110227.0 ms
success		1       86      8       1       8       0       19477.02  14      110227.0 ms
success		1       87      11      4       11      0       18257.22  13      110227.0 ms
success		1       88      7       1       7       0       16812.67  12      110227.0 ms
success		1       89      10      6       10      0       16096.63  11      110227.0 ms
success		1       90      12      3       10      0       15438.02  10      110227.0 ms
success		1       91      6       4       5       0       13346.65  9       110227.0 ms
success		1       92      11      1       11      0       12006.30  8       110227.0 ms
success		1       93      85      3       17      0       10749.34  7       110914.0 ms
success		1       94      37      5       14      0       9447.76   6       111101.0 ms
success		1       0       1       41      1       0       81911.18  100     132816.0 ms
success		1       1       1       33      1       0       81484.07  99      132816.0 ms
success		1       2       1       54      1       0       80849.95  98      132816.0 ms
success		1       3       1       46      1       0       80431.29  97      132816.0 ms
success		1       4       1       78      1       0       80240.88  96      132816.0 ms
success		1       5       1       34      1       0       79683.76  95      132816.0 ms
success		1       6       1       83      1       0       79107.02  94      132816.0 ms
success		1       7       1       30      1       0       78372.31  93      132816.0 ms
success		1       8       1       62      1       0       77742.98  92      132816.0 ms
success		1       9       1       81      1       0       77319.94  91      132816.0 ms
success		1       10      1       51      1       0       76290.08  90      132816.0 ms
success		1       11      1       37      1       0       75946.60  89      132816.0 ms
success		1       12      1       61      1       0       74748.68  88      132816.0 ms
success		1       13      2       38      2       0       74363.93  87      132816.0 ms
success		1       14      1       51      1       0       74123.09  86      132816.0 ms
success		1       15      1       62      1       0       73272.92  85      132816.0 ms
success		1       16      1       56      1       0       72098.85  84      132816.0 ms
success		1       17      1       42      1       0       71847.71  83      132816.0 ms
success		1       18      1       60      1       0       71729.19  82      132816.0 ms
success		1       19      1       81      1       0       70867.49  81      132816.0 ms
success		1       20      1       80      1       0       70565.37  80      132816.0 ms
success		1       21      1       40      1       0       69201.54  79      132816.0 ms
success		1       22      1       10      1       0       68783.43  78      132816.0 ms
success		1       23      1       5       1       0       67686.38  77      132816.0 ms
success		1       24      1       50      1       0       67353.83  76      132816.0 ms
success		1       25      1       12      1       0       66386.20  75      132816.0 ms
success		1       26      1       18      1       0       65835.21  74      132816.0 ms
success		1       27      1       18      1       0       65584.54  73      132816.0 ms
success		1       28      1       34      1       0       65106.26  72      132816.0 ms
success		1       29      1       41      1       0       63984.16  71      132816.0 ms
success		1       30      1       2       1       0       63640.81  70      132816.0 ms
success		1       31      3       13      3       0       63076.84  69      132816.0 ms
success		1       32      2       28      2       0       62958.19  68      132816.0 ms
success		1       33      2       7       2       0       62099.27  67      132816.0 ms
success		1       34      1       28      1       0       61809.04  66      132816.0 ms
success		1       35      2       35      2       0       60996.11  65      132816.0 ms
success		1       36      3       12      3       0       60529.45  64      132816.0 ms
success		1       37      1       37      1       0       60303.52  63      132816.0 ms
success		1       38      2       33      2       0       59967.82  62      132816.0 ms
success		1       39      2       4       2       0       59635.06  61      132816.0 ms
success		1       40      3       26      3       0       59760.08  60      132816.0 ms
success		1       41      1       9       1       0       58877.41  59      132816.0 ms
success		1       42      1       13      1       0       58548.67  58      132816.0 ms
success		1       43      1       23      1       0       56939.60  57      132816.0 ms
success		1       44      1       48      1       0       56502.11  56      132816.0 ms
success		1       45      2       13      2       0       55578.94  55      132816.0 ms
success		1       46      1       50      1       0       55233.52  54      132816.0 ms
success		1       47      3       32      3       0       54125.06  53      132816.0 ms
success		1       48      2       47      2       0       53722.98  52      132816.0 ms
success		1       49      2       43      2       0       52455.22  51      132816.0 ms
success		1       50      2       38      2       0       51830.25  50      132816.0 ms
success		1       51      2       21      2       0       50542.09  49      132816.0 ms
success		1       52      5       27      5       0       49542.48  48      132816.0 ms
success		1       53      3       23      3       0       47958.27  47      132816.0 ms
success		1       54      4       9       4       0       47140.36  46      132816.0 ms
success		1       55      3       16      3       0       46511.33  45      132816.0 ms
success		1       56      3       10      3       0       45800.95  44      132816.0 ms
success		1       57      5       34      5       0       45610.24  43      132816.0 ms
success		1       58      1       38      1       0       45394.43  42      132831.0 ms
success		1       59      2       7       2       0       45217.14  41      132831.0 ms
success		1       60      3       30      3       0       43854.74  40      132831.0 ms
success		1       61      3       29      3       0       43289.88  39      132831.0 ms
success		1       62      5       28      5       0       42666.27  38      132831.0 ms
success		1       63      2       37      2       0       42417.00  37      132831.0 ms
success		1       64      2       4       2       0       41798.11  36      132831.0 ms
success		1       65      2       18      2       0       40835.89  35      132831.0 ms
success		1       66      3       3       3       0       40174.84  34      132831.0 ms
success		1       67      2       25      2       0       38958.59  33      132831.0 ms
success		1       68      5       30      5       0       38652.94  32      132831.0 ms
success		1       69      4       16      4       0       37157.20  31      132831.0 ms
success		1       70      1       13      1       0       35741.18  30      132831.0 ms
success		1       71      1       28      1       0       35357.50  29      132831.0 ms
success		1       72      3       10      3       0       34764.31  28      132831.0 ms
success		1       73      4       3       4       0       34125.73  27      132831.0 ms
success		1       74      6       19      6       0       32787.09  26      132831.0 ms
success		1       75      3       6       3       0       31439.70  25      132831.0 ms
success		1       76      5       22      5       0       30154.81  24      132831.0 ms
success		1       77      5       4       5       0       29491.10  23      132831.0 ms
success		1       78      2       10      2       0       27485.32  22      132831.0 ms
success		1       79      7       13      7       0       26254.34  21      132831.0 ms
success		1       80      3       16      3       0       24999.23  20      132831.0 ms
success		1       81      7       18      7       0       24982.13  19      132831.0 ms
success		1       82      3       13      3       0       24150.93  18      132831.0 ms
success		1       83      4       9       4       0       22778.37  17      132831.0 ms
success		1       84      5       8       5       0       20781.40  16      132831.0 ms
success		1       85      9       10      9       0       19772.79  15      132831.0 ms
success		1       86      7       6       7       0       19165.20  14      132831.0 ms
success		1       87      9       7       9       0       18713.97  13      132831.0 ms
success		1       88      6       9       6       0       17272.37  12      132831.0 ms
success		1       89      9       3       9       0       16020.81  11      132831.0 ms
success		1       90      10      1       10      0       14096.09  10      132831.0 ms
success		1       91      8       6       7       0       14483.19  9       132831.0 ms
success		1       92      23      4       8       0       12657.15  8       132894.0 ms
success		1       93      24      6       14      0       11285.22  7       132956.0 ms
success		1       94      37      1       11      0       9976.30   6       133237.0 ms
cross iterater0
bad   	success		7645.56   9476.17   6       177353.0 ms cross
rand   	
bad   	success		7228.31   9949.63   6       196634.0 ms cross
rand   	success		6470.78   8058.28   5       222732.0 ms cross
ab
ab6	5
fail		6470.78   8034.67   5       244837.0 ms
cross iterater1
bad   	success		7363.17   9686.92   6       245695.0 ms cross
rand   	fail		6550.22   9381.57   6       265834.0 ms cross
bad   	fail		6594.30   9448.74   6       335893.0 ms cross
rand   	fail		6280.35   9455.82   6       376795.0 ms cross
ab
ab6	1
fail		6427.22   8013.63   5       430240.0 ms
cross iterater2
bad   	success		6336.70   7807.71   5       455870.0 ms cross
rand   	
bad   	success		6633.73   9959.68   6       488115.0 ms cross
rand   	fail		6503.73   8124.46   6       531607.0 ms cross
ab
ab6	2
ab7	4
cross iterater3
ab
ab6	5
ab7	3
cross iterater4
bad   	success		6440.00   7899.20   5       531607.0 ms cross
rand   	
bad   	success		6492.75   7707.86   5       576861.0 ms cross
rand   	
ab
ab6	4
cross iterater5
bad   	success		6497.25   7754.74   5       615767.0 ms cross
rand   	
bad   	success		6742.11   7480.96   5       680521.0 ms cross
rand   	
ab
ab6	1
fail		6492.75   7715.30   5       770516.0 ms
fail		6481.46   8114.96   5       798798.0 ms
cross iterater6
ab
ab6	3
ab7	5
cross iterater7
bad   	
rand   	
bad   	success		6674.01   7923.84   5       863880.0 ms cross
rand   	
ab
ab6	0
fail		6462.56   7829.00   5       929882.0 ms
cross iterater8
bad   	success		6539.11   7803.56   5       929898.0 ms cross
rand   	
bad   	
rand   	
ab
ab6	5
cross iterater9
ab
ab6	4
cross iterater10
bad   	success		6533.77   7268.03   5       1105457.0 ms cross
rand   	
bad   	success		6343.30   7695.45   5       1172083.0 ms cross
rand   	
ab
ab6	4
fail		6626.05   8171.17   5       1248772.0 ms
cross iterater11
bad   	success		6363.14   7910.20   5       1248787.0 ms cross
rand   	
bad   	success		6417.25   7921.32   5       1301623.0 ms cross
rand   	
ab
ab7	0
fail		6533.77   7716.94   5       1391758.0 ms
cross iterater12
bad   	success		6588.53   8105.58   5       1391774.0 ms cross
rand   	
bad   	success		6395.86   8112.57   5       1416484.0 ms cross
rand   	
ab
ab6	5
ab7	4
fail		6641.41   8033.76   5       1506588.0 ms
fail		6539.11   7905.55   5       1526867.0 ms
fail		6704.38   7701.22   5       1570141.0 ms
cross iterater13
ab
ab6	1
fail		6417.25   7949.46   5       1623991.0 ms
cross iterater14
bad   	
rand   	
bad   	success		6575.16   7947.58   5       1741738.0 ms cross
rand   	
ab
ab6	4
ab7	0
fail		6339.88   7842.80   5       1799940.0 ms
cross iterater15
bad   	fail		6627.92   9190.13   6       1832091.0 ms cross
rand   	success		6453.65   7608.01   5       1849282.0 ms cross
bad   	success		6450.09   7859.90   5       1849282.0 ms cross
rand   	
ab
ab6	5
ab7	2
fail		6392.59   7774.08   5       1921165.0 ms
cross iterater16
bad   	success		6656.60   7929.00   5       1921165.0 ms cross
rand   	
bad   	success		6507.74   7646.53   5       1955968.0 ms cross
rand   	
ab
ab6	2
ab7	0
fail		6394.72   7779.29   5       2000864.0 ms
fail		6415.94   8109.76   5       2029069.0 ms
cross iterater17
bad   	success		6146.22   7896.50   5       2035028.0 ms cross
rand   	
bad   	success		6695.40   7949.99   5       2094650.0 ms cross
rand   	
ab
ab6	5
ab7	2
fail		6704.38   7701.22   5       2146472.0 ms
cross iterater18
bad   	success		6591.18   7908.79   5       2146472.0 ms cross
rand   	
bad   	
rand   	
ab
ab6	1
ab7	5
fail		6704.38   7701.22   5       2264530.0 ms
cross iterater19
bad   	
rand   	
bad   	success		6382.40   7850.10   5       2334667.0 ms cross
rand   	
ab
ab6	4
ab7	2
fail		6582.40   8022.93   5       2406145.0 ms
cross iterater20
bad   	success		6579.68   7363.27   5       2406160.0 ms cross
rand   	
bad   	fail		6453.32   9025.53   6       2513455.0 ms cross
rand   	fail		6941.44   8660.44   6       2536542.0 ms cross
ab
ab7	5
fail		6397.92   7758.09   5       2562110.0 ms
cross iterater21
ab
ab7	0
fail		6646.15   8062.56   5       2594386.0 ms
cross iterater22
ab
ab6	2
ab7	4
cross iterater23
bad   	success		6303.37   7898.71   5       2594402.0 ms cross
rand   	
bad   	success		6559.28   7957.51   5       2627473.0 ms cross
rand   	
ab
ab6	4
ab7	1
fail		6127.01   7962.21   5       2722616.0 ms
fail		6579.68   7472.95   5       2768058.0 ms
cross iterater24
ab
ab6	1
fail		6313.70   7767.45   5       2818803.0 ms
fail		6333.26   7807.23   5       2862592.0 ms
cross iterater25
ab
ab6	4
ab7	5
fail		6579.68   7472.95   5       2890905.0 ms
fail		6333.91   7792.56   5       2919936.0 ms
cross iterater26
bad   	
rand   	
bad   	success		6232.82   8025.94   5       2983801.0 ms cross
rand   	
ab
ab6	4
ab7	0
cross iterater27
bad   	success		6766.47   7801.60   5       3038463.0 ms cross
rand   	
bad   	success		6708.94   8089.79   5       3077821.0 ms cross
rand   	
ab
ab6	0
ab7	1
cross iterater28
ab
ab6	5
fail		6391.20   8118.50   5       3164758.0 ms
fail		6282.60   8019.10   5       3209576.0 ms
cross iterater29
bad   	success		6528.10   7850.00   5       3209591.0 ms cross
rand   	
bad   	success		6351.50   7677.74   5       3246750.0 ms cross
rand   	
ab
ab6	2
ab7	4
fail		6479.37   8002.18   5       3320131.0 ms
cross iterater30
bad   	success		6498.75   7601.47   5       3320131.0 ms cross
rand   	
bad   	success		6372.02   7630.21   5       3390954.0 ms cross
rand   	
ab
ab6	4
cross iterater31
bad   	success		6296.16   7630.57   5       3418440.0 ms cross
rand   	
bad   	success		6504.37   7264.82   5       3438002.0 ms cross
rand   	
ab
ab6	5
fail		6345.60   8249.42   5       3547263.0 ms
fail		6504.37   7369.80   5       3565982.0 ms
fail		6274.73   7950.77   5       3608398.0 ms
cross iterater32

R.size:5

1		142	140	57	133	48	167	61	40	182	147	16	98	43	180	136	47	171	28	130	27	111	51	72	191	58	176	166	110	178	95	80	157	82	30	202	185	36	39	
2		169	152	131	24	156	102	124	179	183	15	7	200	68	190	184	196	161	119	103	18	3	198	21	86	44	90	87	71	174	17	76	93	73	19	193	96	64	75	175	67	
3		153	197	42	162	14	49	6	132	78	163	63	149	170	26	5	46	62	181	25	122	35	104	164	159	77	138	10	20	172	186	150	187	113	134	137	144	52	145	126	154	97	1	2	135	141	120	83	148	
4		155	4	195	31	85	177	45	165	29	9	12	188	173	38	128	94	168	109	32	160	53	108	117	125	99	23	114	151	74	22	123	115	66	33	50	121	70	8	
5		84	199	92	54	118	127	100	56	59	89	37	65	112	143	139	69	105	88	189	192	101	106	129	41	91	201	116	79	194	55	107	81	158	60	11	13	34	146	

data1/pdp200/LRC2_2_7.txt
total_cost 6127.008319

