success		1       0       1       75      1       0       111269.40 100     15.0     ms
success		1       1       1       60      1       0       110341.44 99      15.0     ms
success		1       2       1       24      1       0       110033.33 98      15.0     ms
success		1       3       1       40      1       0       109753.82 97      15.0     ms
success		1       4       1       24      1       0       109203.88 96      15.0     ms
success		1       5       1       2       1       0       109136.29 95      15.0     ms
success		1       6       1       93      1       0       109034.05 94      15.0     ms
success		1       7       1       51      1       0       107975.25 93      15.0     ms
success		1       8       1       33      1       0       107539.56 92      15.0     ms
success		1       9       1       36      1       0       107319.66 91      15.0     ms
success		1       10      1       18      1       0       106821.00 90      15.0     ms
success		1       11      1       50      1       0       105743.98 89      15.0     ms
success		1       12      1       26      1       0       105625.84 88      15.0     ms
success		1       13      1       35      1       0       104129.56 87      15.0     ms
success		1       14      1       86      1       0       103818.64 86      15.0     ms
success		1       15      1       22      1       0       101985.03 85      15.0     ms
success		1       16      1       4       1       0       101153.23 84      15.0     ms
success		1       17      1       51      1       0       100870.95 83      15.0     ms
success		1       18      1       60      1       0       100542.10 82      15.0     ms
success		1       19      1       25      1       0       99266.92  81      15.0     ms
success		1       20      1       32      1       0       98020.07  80      15.0     ms
success		1       21      1       43      1       0       97536.37  79      15.0     ms
success		1       22      2       34      2       0       96670.58  78      15.0     ms
success		1       23      1       38      1       0       95311.50  77      15.0     ms
success		1       24      1       69      1       0       95187.61  76      15.0     ms
success		1       25      1       73      1       0       94565.94  75      15.0     ms
success		1       26      1       37      1       0       93850.98  74      15.0     ms
success		1       27      2       26      2       0       92742.50  73      15.0     ms
success		1       28      1       8       1       0       91128.04  72      31.0     ms
success		1       29      1       39      1       0       89662.81  71      31.0     ms
success		1       30      2       0       2       0       90192.83  70      31.0     ms
success		1       31      1       3       1       0       88879.48  69      31.0     ms
success		1       32      2       5       2       0       88362.30  68      31.0     ms
success		1       33      2       41      2       0       86598.36  67      31.0     ms
success		1       34      1       51      1       0       85807.14  66      31.0     ms
success		1       35      2       65      2       0       84628.03  65      31.0     ms
success		1       36      1       19      1       0       83898.40  64      31.0     ms
success		1       37      1       51      1       0       82039.08  63      31.0     ms
success		1       38      1       10      1       0       82059.15  62      31.0     ms
success		1       39      2       58      2       0       81313.31  61      31.0     ms
success		1       40      1       36      1       0       80568.68  60      31.0     ms
success		1       41      1       50      1       0       79354.36  59      31.0     ms
success		1       42      2       0       2       0       78149.59  58      31.0     ms
success		1       43      1       20      1       0       76707.05  57      31.0     ms
success		1       44      2       48      2       0       75134.15  56      31.0     ms
success		1       45      1       46      1       0       74648.23  55      31.0     ms
success		1       46      2       37      2       0       73695.21  54      31.0     ms
success		1       47      2       19      2       0       72578.54  53      31.0     ms
success		1       48      1       18      1       0       71275.33  52      31.0     ms
success		1       49      1       18      1       0       70604.30  51      31.0     ms
success		1       50      1       36      1       0       68893.29  50      31.0     ms
success		1       51      1       32      1       0       67488.71  49      31.0     ms
success		1       52      1       20      1       0       66536.10  48      31.0     ms
success		1       53      2       20      2       0       65963.29  47      31.0     ms
success		1       54      2       46      2       0       65158.92  46      31.0     ms
success		1       55      3       6       3       0       63914.49  45      31.0     ms
success		1       56      2       10      2       0       62316.49  44      31.0     ms
success		1       57      2       22      2       0       61316.41  43      31.0     ms
success		1       58      3       20      3       0       60333.51  42      31.0     ms
success		1       59      2       10      2       0       59083.71  41      31.0     ms
success		1       60      1       24      1       0       57966.56  40      31.0     ms
success		1       61      2       14      2       0       57455.34  39      31.0     ms
success		1       62      1       8       1       0       56270.35  38      31.0     ms
success		1       63      2       9       2       0       54790.46  37      31.0     ms
success		1       64      3       19      3       0       54022.92  36      31.0     ms
success		1       65      3       25      3       0       53481.96  35      31.0     ms
success		1       66      3       29      3       0       51925.47  34      31.0     ms
success		1       67      4       4       4       0       50201.63  33      31.0     ms
success		1       68      2       4       2       0       48999.82  32      31.0     ms
success		1       69      2       2       2       0       48327.09  31      31.0     ms
success		1       70      2       25      2       0       46869.36  30      31.0     ms
success		1       71      5       23      5       0       45432.12  29      31.0     ms
success		1       72      3       26      3       0       44281.55  28      31.0     ms
success		1       73      5       13      5       0       42490.07  27      31.0     ms
success		1       74      3       0       3       0       41018.29  26      31.0     ms
success		1       75      3       14      3       0       39393.68  25      31.0     ms
success		1       76      3       20      3       0       38413.44  24      31.0     ms
success		1       77      4       10      4       0       37403.63  23      31.0     ms
success		1       78      4       9       4       0       36240.45  22      31.0     ms
success		1       79      4       11      4       0       34474.40  21      46.0     ms
success		1       80      7       15      6       0       34881.00  20      46.0     ms
success		1       81      7       18      7       0       32855.46  19      46.0     ms
success		1       82      6       2       5       0       32490.60  18      46.0     ms
success		1       83      5       4       5       0       30060.99  17      46.0     ms
success		1       84      10      5       8       0       29441.31  16      46.0     ms
success		1       85      6       3       4       0       27844.76  15      46.0     ms
success		1       86      12      12      8       0       24586.99  14      62.0     ms
success		1       87      13      1       6       0       24014.02  13      78.0     ms
success		1       88      16      0       5       0       22272.12  12      109.0    ms
success		1       89      26      2       8       0       20158.87  11      171.0    ms
success		1       90      35      2       10      0       18443.74  10      234.0    ms
success		1       0       1       100     1       0       125594.84 100     6302.0   ms
success		1       1       1       40      1       0       125126.48 99      6302.0   ms
success		1       2       1       92      1       0       124347.38 98      6302.0   ms
success		1       3       1       20      1       0       123353.84 97      6302.0   ms
success		1       4       1       75      1       0       122908.81 96      6302.0   ms
success		1       5       1       95      1       0       121667.85 95      6302.0   ms
success		1       6       2       3       2       0       119680.69 94      6302.0   ms
success		1       7       1       54      1       0       118973.13 93      6302.0   ms
success		1       8       1       69      1       0       117800.62 92      6302.0   ms
success		1       9       1       17      1       0       117212.78 91      6302.0   ms
success		1       10      1       54      1       0       116239.11 90      6302.0   ms
success		1       11      1       10      1       0       115534.16 89      6302.0   ms
success		1       12      1       42      1       0       114202.16 88      6302.0   ms
success		1       13      1       61      1       0       113573.18 87      6302.0   ms
success		1       14      1       10      1       0       112636.33 86      6302.0   ms
success		1       15      1       81      1       0       111509.53 85      6302.0   ms
success		1       16      1       43      1       0       110426.95 84      6302.0   ms
success		1       17      2       18      2       0       108957.53 83      6302.0   ms
success		1       18      1       52      1       0       107614.68 82      6302.0   ms
success		1       19      2       16      2       0       106797.57 81      6302.0   ms
success		1       20      1       32      1       0       106254.69 80      6302.0   ms
success		1       21      1       68      1       0       104645.76 79      6302.0   ms
success		1       22      2       70      2       0       104418.42 78      6302.0   ms
success		1       23      1       75      1       0       103534.37 77      6302.0   ms
success		1       24      2       66      2       0       103011.20 76      6302.0   ms
success		1       25      1       68      1       0       102192.55 75      6302.0   ms
success		1       26      1       37      1       0       100688.71 74      6302.0   ms
success		1       27      1       51      1       0       99470.80  73      6302.0   ms
success		1       28      1       2       1       0       99072.03  72      6302.0   ms
success		1       29      1       25      1       0       97889.12  71      6302.0   ms
success		1       30      2       66      2       0       96622.81  70      6302.0   ms
success		1       31      1       0       1       0       94779.12  69      6302.0   ms
success		1       32      2       41      2       0       93272.92  68      6302.0   ms
success		1       33      2       51      2       0       91723.54  67      6302.0   ms
success		1       34      2       56      2       0       91127.46  66      6302.0   ms
success		1       35      1       33      1       0       89893.59  65      6302.0   ms
success		1       36      1       38      1       0       88394.28  64      6302.0   ms
success		1       37      1       41      1       0       87786.82  63      6302.0   ms
success		1       38      2       13      2       0       87761.70  62      6302.0   ms
success		1       39      1       41      1       0       86402.41  61      6302.0   ms
success		1       40      1       28      1       0       84411.42  60      6302.0   ms
success		1       41      2       34      2       0       82989.45  59      6302.0   ms
success		1       42      2       7       2       0       81619.70  58      6302.0   ms
success		1       43      5       14      5       0       80905.85  57      6302.0   ms
success		1       44      1       21      1       0       79347.86  56      6302.0   ms
success		1       45      2       6       2       0       78691.14  55      6302.0   ms
success		1       46      2       6       2       0       78033.81  54      6302.0   ms
success		1       47      2       9       2       0       77122.66  53      6302.0   ms
success		1       48      1       49      1       0       75836.98  52      6302.0   ms
success		1       49      1       3       1       0       74220.85  51      6302.0   ms
success		1       50      4       6       4       0       72409.20  50      6302.0   ms
success		1       51      2       7       2       0       70902.37  49      6302.0   ms
success		1       52      1       30      1       0       69545.34  48      6302.0   ms
success		1       53      3       14      3       0       68074.29  47      6302.0   ms
success		1       54      2       36      2       0       66743.98  46      6302.0   ms
success		1       55      2       31      2       0       66017.51  45      6302.0   ms
success		1       56      2       34      2       0       64306.34  44      6302.0   ms
success		1       57      2       38      2       0       62932.61  43      6302.0   ms
success		1       58      2       23      2       0       61403.80  42      6302.0   ms
success		1       59      2       14      2       0       60895.72  41      6302.0   ms
success		1       60      2       24      2       0       59700.92  40      6302.0   ms
success		1       61      2       27      2       0       59309.09  39      6302.0   ms
success		1       62      2       22      2       0       57818.98  38      6302.0   ms
success		1       63      3       23      3       0       56502.79  37      6302.0   ms
success		1       64      1       11      1       0       54678.58  36      6302.0   ms
success		1       65      5       20      5       0       53671.86  35      6302.0   ms
success		1       66      3       23      3       0       52592.75  34      6302.0   ms
success		1       67      1       27      1       0       51283.23  33      6302.0   ms
success		1       68      2       7       2       0       50303.81  32      6302.0   ms
success		1       69      3       21      3       0       48595.75  31      6317.0   ms
success		1       70      4       0       4       0       48763.23  30      6317.0   ms
success		1       71      5       27      5       0       46969.18  29      6317.0   ms
success		1       72      2       11      2       0       45519.33  28      6317.0   ms
success		1       73      4       7       4       0       43958.15  27      6317.0   ms
success		1       74      4       12      4       0       42234.70  26      6317.0   ms
success		1       75      6       12      6       0       41314.41  25      6317.0   ms
success		1       76      3       12      3       0       39714.90  24      6317.0   ms
success		1       77      6       13      6       0       38631.42  23      6317.0   ms
success		1       78      4       14      4       0       36728.03  22      6317.0   ms
success		1       79      4       10      4       0       34962.76  21      6317.0   ms
success		1       80      4       18      4       0       33702.02  20      6317.0   ms
success		1       81      4       5       4       0       32293.58  19      6317.0   ms
success		1       82      6       9       6       0       31152.43  18      6317.0   ms
success		1       83      6       17      6       0       29450.64  17      6317.0   ms
success		1       84      11      0       8       0       28724.38  16      6317.0   ms
success		1       85      8       10      8       0       26818.69  15      6317.0   ms
success		1       86      10      2       8       0       25571.19  14      6317.0   ms
success		1       87      6       3       6       0       23567.87  13      6317.0   ms
success		1       88      15      8       6       0       22669.14  12      6333.0   ms
success		1       89      23      3       8       0       20551.39  11      6380.0   ms
success		1       90      40      7       9       0       18665.11  10      6536.0   ms
success		1       91      193     9       11      0       16328.09  9       7753.0   ms
success		1       0       1       39      1       0       126191.18 100     17986.0  ms
success		1       1       1       88      1       0       126092.51 99      17986.0  ms
success		1       2       1       22      1       0       124455.18 98      17986.0  ms
success		1       3       1       64      1       0       122980.48 97      17986.0  ms
success		1       4       1       92      1       0       122084.91 96      17986.0  ms
success		1       5       1       82      1       0       120322.42 95      17986.0  ms
success		1       6       1       9       1       0       119589.93 94      17986.0  ms
success		1       7       1       92      1       0       118004.67 93      17986.0  ms
success		1       8       2       64      2       0       116417.91 92      17986.0  ms
success		1       9       1       2       1       0       116052.99 91      17986.0  ms
success		1       10      2       48      2       0       114460.37 90      17986.0  ms
success		1       11      2       85      2       0       113228.63 89      17986.0  ms
success		1       12      1       77      1       0       111973.04 88      17986.0  ms
success		1       13      1       84      1       0       110675.83 87      17986.0  ms
success		1       14      1       65      1       0       109512.46 86      17986.0  ms
success		1       15      2       23      2       0       108780.05 85      17986.0  ms
success		1       16      1       48      1       0       106699.68 84      17986.0  ms
success		1       17      1       52      1       0       105486.56 83      17986.0  ms
success		1       18      1       75      1       0       103626.33 82      17986.0  ms
success		1       19      1       69      1       0       103383.10 81      17986.0  ms
success		1       20      1       16      1       0       102881.40 80      17986.0  ms
success		1       21      1       54      1       0       101150.05 79      17986.0  ms
success		1       22      1       62      1       0       100291.47 78      17986.0  ms
success		1       23      1       0       1       0       99562.86  77      17986.0  ms
success		1       24      1       68      1       0       99056.30  76      17986.0  ms
success		1       25      1       72      1       0       97293.77  75      17986.0  ms
success		1       26      2       27      2       0       96397.31  74      17986.0  ms
success		1       27      1       38      1       0       94757.87  73      17986.0  ms
success		1       28      1       47      1       0       93306.31  72      17986.0  ms
success		1       29      1       42      1       0       92291.29  71      18002.0  ms
success		1       30      1       1       1       0       91750.94  70      18002.0  ms
success		1       31      1       3       1       0       90872.64  69      18002.0  ms
success		1       32      1       36      1       0       89529.88  68      18002.0  ms
success		1       33      1       9       1       0       88330.04  67      18002.0  ms
success		1       34      2       52      2       0       87182.93  66      18002.0  ms
success		1       35      1       54      1       0       86296.48  65      18002.0  ms
success		1       36      1       4       1       0       84774.75  64      18002.0  ms
success		1       37      1       9       1       0       84254.02  63      18002.0  ms
success		1       38      1       39      1       0       83609.64  62      18002.0  ms
success		1       39      4       52      4       0       83291.47  61      18002.0  ms
success		1       40      1       14      1       0       82677.52  60      18002.0  ms
success		1       41      1       11      1       0       82280.47  59      18002.0  ms
success		1       42      2       37      2       0       80788.47  58      18002.0  ms
success		1       43      1       7       1       0       80625.84  57      18002.0  ms
success		1       44      1       16      1       0       80372.30  56      18002.0  ms
success		1       45      2       19      2       0       79175.81  55      18002.0  ms
success		1       46      2       29      2       0       78781.88  54      18002.0  ms
success		1       47      4       31      4       0       78000.92  53      18002.0  ms
success		1       48      1       32      1       0       76329.16  52      18002.0  ms
success		1       49      3       20      3       0       75588.76  51      18002.0  ms
success		1       50      3       13      3       0       75325.81  50      18002.0  ms
success		1       51      1       45      1       0       73697.26  49      18002.0  ms
success		1       52      1       39      1       0       72287.70  48      18002.0  ms
success		1       53      2       15      2       0       71492.63  47      18002.0  ms
success		1       54      1       28      1       0       69775.55  46      18002.0  ms
success		1       55      1       25      1       0       68852.20  45      18002.0  ms
success		1       56      2       6       2       0       67661.89  44      18002.0  ms
success		1       57      2       42      2       0       66204.81  43      18002.0  ms
success		1       58      2       2       2       0       64915.80  42      18002.0  ms
success		1       59      2       34      2       0       64056.23  41      18002.0  ms
success		1       60      2       30      2       0       62296.44  40      18002.0  ms
success		1       61      5       4       5       0       60876.25  39      18002.0  ms
success		1       62      1       25      1       0       59310.57  38      18002.0  ms
success		1       63      3       19      3       0       57357.97  37      18002.0  ms
success		1       64      2       6       2       0       55469.44  36      18002.0  ms
success		1       65      1       25      1       0       54959.68  35      18002.0  ms
success		1       66      4       6       4       0       53736.18  34      18002.0  ms
success		1       67      4       12      4       0       52879.13  33      18002.0  ms
success		1       68      3       1       3       0       51235.00  32      18002.0  ms
success		1       69      2       14      2       0       49307.86  31      18002.0  ms
success		1       70      2       22      2       0       47757.01  30      18002.0  ms
success		1       71      4       18      4       0       46188.87  29      18002.0  ms
success		1       72      2       25      2       0       45111.13  28      18002.0  ms
success		1       73      6       7       6       0       43583.61  27      18002.0  ms
success		1       74      4       12      4       0       41852.35  26      18002.0  ms
success		1       75      5       9       5       0       40784.65  25      18002.0  ms
success		1       76      5       15      5       0       39985.25  24      18002.0  ms
success		1       77      7       6       7       0       38980.08  23      18002.0  ms
success		1       78      6       3       6       0       37382.67  22      18002.0  ms
success		1       79      5       20      5       0       35823.55  21      18002.0  ms
success		1       80      7       17      6       0       36241.66  20      18002.0  ms
success		1       81      5       7       5       0       35134.37  19      18002.0  ms
success		1       82      8       17      8       0       32803.83  18      18002.0  ms
success		1       83      7       17      7       0       31160.91  17      18002.0  ms
success		1       84      7       8       5       0       29213.22  16      18002.0  ms
success		1       85      6       4       4       0       27077.40  15      18002.0  ms
success		1       86      6       1       6       0       24905.55  14      18002.0  ms
success		1       87      10      5       8       0       23623.07  13      18017.0  ms
success		1       88      17      9       9       0       22248.94  12      18033.0  ms
success		1       89      33      8       8       0       20181.22  11      18126.0  ms
success		1       90      53      10      6       0       18417.67  10      18345.0  ms
success		1       91      763     6       9       0       16583.41  9       23259.0  ms
success		1       0       1       35      1       0       125659.56 100     31355.0  ms
success		1       1       1       42      1       0       123668.86 99      31355.0  ms
success		1       2       1       48      1       0       122633.20 98      31355.0  ms
success		1       3       1       9       1       0       122228.93 97      31355.0  ms
success		1       4       1       1       1       0       120773.99 96      31355.0  ms
success		1       5       1       48      1       0       119682.91 95      31355.0  ms
success		1       6       1       51      1       0       118982.84 94      31355.0  ms
success		1       7       1       37      1       0       118595.86 93      31355.0  ms
success		1       8       1       71      1       0       117337.19 92      31355.0  ms
success		1       9       2       7       2       0       116491.92 91      31355.0  ms
success		1       10      1       54      1       0       115622.05 90      31355.0  ms
success		1       11      1       85      1       0       114668.01 89      31355.0  ms
success		1       12      1       31      1       0       114268.72 88      31355.0  ms
success		1       13      1       29      1       0       113320.94 87      31355.0  ms
success		1       14      2       6       2       0       111697.65 86      31355.0  ms
success		1       15      1       82      1       0       111001.77 85      31355.0  ms
success		1       16      1       21      1       0       110129.77 84      31355.0  ms
success		1       17      1       39      1       0       109449.81 83      31355.0  ms
success		1       18      1       40      1       0       107990.28 82      31355.0  ms
success		1       19      1       78      1       0       106944.36 81      31355.0  ms
success		1       20      1       70      1       0       106089.28 80      31355.0  ms
success		1       21      1       72      1       0       104591.21 79      31355.0  ms
success		1       22      1       51      1       0       102909.57 78      31355.0  ms
success		1       23      2       61      2       0       101538.64 77      31355.0  ms
success		1       24      1       57      1       0       100366.48 76      31355.0  ms
success		1       25      2       38      2       0       99246.84  75      31355.0  ms
success		1       26      1       47      1       0       98619.73  74      31355.0  ms
success		1       27      1       15      1       0       98368.11  73      31355.0  ms
success		1       28      1       62      1       0       96645.37  72      31355.0  ms
success		1       29      1       14      1       0       96066.10  71      31355.0  ms
success		1       30      1       39      1       0       94045.82  70      31355.0  ms
success		1       31      2       30      2       0       92567.78  69      31355.0  ms
success		1       32      2       36      2       0       90682.82  68      31355.0  ms
success		1       33      1       24      1       0       90390.72  67      31355.0  ms
success		1       34      3       4       3       0       89778.28  66      31371.0  ms
success		1       35      1       0       1       0       88313.84  65      31371.0  ms
success		1       36      1       36      1       0       87148.68  64      31371.0  ms
success		1       37      1       23      1       0       85413.43  63      31371.0  ms
success		1       38      3       2       3       0       84206.14  62      31371.0  ms
success		1       39      2       2       2       0       83066.82  61      31371.0  ms
success		1       40      2       44      2       0       82386.68  60      31371.0  ms
success		1       41      1       42      1       0       81611.95  59      31371.0  ms
success		1       42      2       8       2       0       81174.39  58      31371.0  ms
success		1       43      4       14      4       0       82359.68  57      31371.0  ms
success		1       44      1       28      1       0       80708.13  56      31371.0  ms
success		1       45      1       40      1       0       79312.33  55      31371.0  ms
success		1       46      2       12      2       0       78440.22  54      31371.0  ms
success		1       47      1       10      1       0       77269.25  53      31371.0  ms
success		1       48      3       18      3       0       76302.82  52      31371.0  ms
success		1       49      3       7       3       0       74647.83  51      31371.0  ms
success		1       50      3       0       3       0       73816.87  50      31371.0  ms
success		1       51      3       28      3       0       71917.74  49      31371.0  ms
success		1       52      2       8       2       0       70272.82  48      31371.0  ms
success		1       53      1       41      1       0       68723.55  47      31371.0  ms
success		1       54      2       19      2       0       68402.64  46      31371.0  ms
success		1       55      4       24      4       0       67394.20  45      31371.0  ms
success		1       56      3       5       3       0       66150.04  44      31371.0  ms
success		1       57      2       8       2       0       65705.81  43      31371.0  ms
success		1       58      3       4       3       0       64055.03  42      31371.0  ms
success		1       59      4       35      4       0       62279.28  41      31371.0  ms
success		1       60      2       23      2       0       61360.90  40      31371.0  ms
success		1       61      2       17      2       0       60425.94  39      31371.0  ms
success		1       62      3       13      3       0       58577.31  38      31371.0  ms
success		1       63      1       16      1       0       57297.00  37      31371.0  ms
success		1       64      4       9       4       0       56691.51  36      31371.0  ms
success		1       65      3       23      3       0       55500.05  35      31371.0  ms
success		1       66      4       8       4       0       54053.57  34      31371.0  ms
success		1       67      3       1       3       0       52504.34  33      31371.0  ms
success		1       68      2       17      2       0       51236.88  32      31371.0  ms
success		1       69      3       3       3       0       50258.21  31      31371.0  ms
success		1       70      4       29      4       0       48485.54  30      31371.0  ms
success		1       71      3       0       3       0       46947.85  29      31371.0  ms
success		1       72      6       7       6       0       45463.95  28      31371.0  ms
success		1       73      4       16      4       0       44037.48  27      31371.0  ms
success		1       74      2       19      2       0       42953.78  26      31371.0  ms
success		1       75      5       10      5       0       41769.01  25      31371.0  ms
success		1       76      4       2       4       0       40248.13  24      31371.0  ms
success		1       77      4       1       4       0       38858.49  23      31371.0  ms
success		1       78      8       1       8       0       37378.41  22      31371.0  ms
success		1       79      5       4       5       0       35881.80  21      31371.0  ms
success		1       80      6       17      6       0       34581.61  20      31371.0  ms
success		1       81      5       2       5       0       32390.82  19      31371.0  ms
success		1       82      5       4       5       0       31025.63  18      31371.0  ms
success		1       83      5       8       5       0       29363.27  17      31371.0  ms
success		1       84      10      8       10      0       27950.64  16      31371.0  ms
success		1       85      6       0       6       0       26186.78  15      31371.0  ms
success		1       86      15      1       7       0       26237.57  14      31386.0  ms
success		1       87      7       6       6       0       22347.24  13      31386.0  ms
success		1       88      12      5       9       0       21382.43  12      31402.0  ms
success		1       89      18      4       5       0       20443.52  11      31464.0  ms
success		1       90      60      0       9       0       18307.19  10      31745.0  ms
success		1       91      855     4       9       0       16617.95  9       37735.0  ms
success		1       0       1       79      1       0       125147.61 100     46237.0  ms
success		1       1       1       42      1       0       123204.21 99      46237.0  ms
success		1       2       1       56      1       0       122503.48 98      46237.0  ms
success		1       3       1       38      1       0       122274.18 97      46237.0  ms
success		1       4       1       62      1       0       120792.15 96      46237.0  ms
success		1       5       1       24      1       0       120137.25 95      46237.0  ms
success		1       6       1       70      1       0       119080.66 94      46237.0  ms
success		1       7       1       93      1       0       118737.07 93      46237.0  ms
success		1       8       2       90      2       0       118018.39 92      46237.0  ms
success		1       9       1       42      1       0       116979.79 91      46237.0  ms
success		1       10      1       10      1       0       115991.92 90      46237.0  ms
success		1       11      2       2       2       0       115071.16 89      46237.0  ms
success		1       12      1       15      1       0       114121.60 88      46237.0  ms
success		1       13      1       39      1       0       112861.50 87      46237.0  ms
success		1       14      2       49      2       0       111465.83 86      46237.0  ms
success		1       15      1       63      1       0       109984.88 85      46237.0  ms
success		1       16      2       9       2       0       109473.61 84      46237.0  ms
success		1       17      1       21      1       0       108975.74 83      46237.0  ms
success		1       18      1       11      1       0       107807.48 82      46237.0  ms
success		1       19      1       79      1       0       106965.64 81      46237.0  ms
success		1       20      1       46      1       0       106374.62 80      46237.0  ms
success		1       21      2       42      2       0       104802.53 79      46237.0  ms
success		1       22      1       26      1       0       103213.90 78      46237.0  ms
success		1       23      2       60      2       0       102280.27 77      46237.0  ms
success		1       24      3       6       3       0       100770.19 76      46237.0  ms
success		1       25      1       64      1       0       98866.16  75      46237.0  ms
success		1       26      2       54      2       0       98485.02  74      46237.0  ms
success		1       27      1       54      1       0       96677.21  73      46237.0  ms
success		1       28      1       15      1       0       95782.15  72      46237.0  ms
success		1       29      1       29      1       0       95219.71  71      46237.0  ms
success		1       30      2       0       2       0       93278.90  70      46237.0  ms
success		1       31      1       19      1       0       91311.29  69      46237.0  ms
success		1       32      2       62      2       0       90733.70  68      46237.0  ms
success		1       33      1       31      1       0       89636.27  67      46237.0  ms
success		1       34      2       28      2       0       89315.25  66      46237.0  ms
success		1       35      1       16      1       0       87937.06  65      46237.0  ms
success		1       36      1       16      1       0       87559.09  64      46237.0  ms
success		1       37      1       14      1       0       85861.91  63      46237.0  ms
success		1       38      2       30      2       0       85308.84  62      46237.0  ms
success		1       39      1       34      1       0       84075.91  61      46237.0  ms
success		1       40      2       17      2       0       82647.10  60      46237.0  ms
success		1       41      1       33      1       0       81564.98  59      46237.0  ms
success		1       42      1       29      1       0       79484.61  58      46237.0  ms
success		1       43      1       32      1       0       77616.92  57      46237.0  ms
success		1       44      3       6       3       0       76571.54  56      46237.0  ms
success		1       45      1       6       1       0       76036.80  55      46237.0  ms
success		1       46      1       52      1       0       74886.15  54      46237.0  ms
success		1       47      2       19      2       0       73681.52  53      46237.0  ms
success		1       48      2       18      2       0       73289.95  52      46237.0  ms
success		1       49      2       44      2       0       71755.07  51      46237.0  ms
success		1       50      3       22      3       0       70057.44  50      46237.0  ms
success		1       51      2       49      2       0       68610.57  49      46237.0  ms
success		1       52      2       39      2       0       68617.13  48      46237.0  ms
success		1       53      3       32      3       0       67773.87  47      46237.0  ms
success		1       54      2       20      2       0       66955.58  46      46237.0  ms
success		1       55      2       0       2       0       65693.67  45      46237.0  ms
success		1       56      3       16      3       0       64803.95  44      46237.0  ms
success		1       57      4       9       4       0       62828.58  43      46237.0  ms
success		1       58      3       7       3       0       61914.79  42      46237.0  ms
success		1       59      4       3       4       0       60629.25  41      46237.0  ms
success		1       60      3       27      3       0       58879.08  40      46237.0  ms
success		1       61      6       10      6       0       57809.72  39      46237.0  ms
success		1       62      1       26      1       0       56564.07  38      46237.0  ms
success		1       63      3       22      3       0       55924.78  37      46237.0  ms
success		1       64      2       10      2       0       54600.54  36      46237.0  ms
success		1       65      3       8       3       0       52708.29  35      46237.0  ms
success		1       66      5       0       5       0       52252.53  34      46237.0  ms
success		1       67      3       32      3       0       50781.90  33      46237.0  ms
success		1       68      4       7       4       0       50489.06  32      46237.0  ms
success		1       69      2       18      2       0       49288.37  31      46237.0  ms
success		1       70      5       14      5       0       47366.57  30      46237.0  ms
success		1       71      3       6       3       0       45927.76  29      46237.0  ms
success		1       72      5       12      5       0       45275.40  28      46237.0  ms
success		1       73      3       16      3       0       43560.77  27      46237.0  ms
success		1       74      3       4       3       0       41944.80  26      46237.0  ms
success		1       75      6       22      6       0       41040.86  25      46237.0  ms
success		1       76      4       23      4       0       39653.73  24      46237.0  ms
success		1       77      8       16      8       0       38523.52  23      46237.0  ms
success		1       78      6       16      6       0       37039.31  22      46237.0  ms
success		1       79      3       0       3       0       35389.03  21      46237.0  ms
success		1       80      5       5       5       0       33479.18  20      46237.0  ms
success		1       81      3       16      3       0       31588.47  19      46237.0  ms
success		1       82      5       14      4       0       31309.82  18      46237.0  ms
success		1       83      8       2       8       0       29274.14  17      46237.0  ms
success		1       84      6       9       6       0       28016.93  16      46237.0  ms
success		1       85      8       5       6       0       26919.79  15      46253.0  ms
success		1       86      16      3       12      0       24696.26  14      46253.0  ms
success		1       87      8       12      7       0       23036.93  13      46253.0  ms
success		1       88      14      10      8       0       21958.86  12      46268.0  ms
success		1       89      18      11      6       0       19569.70  11      46284.0  ms
success		1       90      21      2       9       0       17940.89  10      46315.0  ms
success		1       91      107     4       10      0       17061.51  9       46721.0  ms
success		1       0       1       18      1       0       126034.61 100     52586.0  ms
success		1       1       1       45      1       0       125008.65 99      52586.0  ms
success		1       2       1       86      1       0       124333.10 98      52586.0  ms
success		1       3       1       10      1       0       123008.75 97      52586.0  ms
success		1       4       1       55      1       0       121695.23 96      52586.0  ms
success		1       5       1       71      1       0       120687.07 95      52586.0  ms
success		1       6       1       86      1       0       119284.94 94      52586.0  ms
success		1       7       1       21      1       0       118841.96 93      52586.0  ms
success		1       8       1       17      1       0       118115.31 92      52586.0  ms
success		1       9       1       42      1       0       116860.49 91      52586.0  ms
success		1       10      1       21      1       0       115635.67 90      52586.0  ms
success		1       11      1       87      1       0       114778.85 89      52586.0  ms
success		1       12      1       41      1       0       113851.09 88      52586.0  ms
success		1       13      1       18      1       0       113293.27 87      52586.0  ms
success		1       14      1       80      1       0       111887.54 86      52586.0  ms
success		1       15      2       73      2       0       111358.48 85      52586.0  ms
success		1       16      1       38      1       0       109794.32 84      52586.0  ms
success		1       17      1       38      1       0       108591.87 83      52586.0  ms
success		1       18      1       66      1       0       107089.92 82      52586.0  ms
success		1       19      2       3       2       0       106314.69 81      52586.0  ms
success		1       20      1       16      1       0       105445.38 80      52586.0  ms
success		1       21      3       65      3       0       104450.57 79      52586.0  ms
success		1       22      1       65      1       0       103512.46 78      52586.0  ms
success		1       23      1       36      1       0       101475.82 77      52586.0  ms
success		1       24      1       46      1       0       99990.15  76      52586.0  ms
success		1       25      3       17      3       0       99023.57  75      52586.0  ms
success		1       26      1       52      1       0       97286.45  74      52586.0  ms
success		1       27      1       48      1       0       95797.95  73      52586.0  ms
success		1       28      1       10      1       0       95094.18  72      52586.0  ms
success		1       29      2       23      2       0       94355.99  71      52586.0  ms
success		1       30      1       41      1       0       93146.34  70      52586.0  ms
success		1       31      1       9       1       0       92629.23  69      52586.0  ms
success		1       32      1       1       1       0       91161.94  68      52586.0  ms
success		1       33      3       25      3       0       90445.58  67      52586.0  ms
success		1       34      2       44      2       0       89990.09  66      52586.0  ms
success		1       35      1       0       1       0       89752.49  65      52586.0  ms
success		1       36      1       22      1       0       88328.74  64      52586.0  ms
success		1       37      2       41      2       0       87372.84  63      52586.0  ms
success		1       38      2       13      2       0       86053.49  62      52586.0  ms
success		1       39      1       20      1       0       84947.18  61      52586.0  ms
success		1       40      1       5       1       0       83430.06  60      52586.0  ms
success		1       41      1       54      1       0       82603.62  59      52586.0  ms
success		1       42      1       14      1       0       80353.20  58      52586.0  ms
success		1       43      2       33      2       0       79323.34  57      52586.0  ms
success		1       44      2       24      2       0       77939.90  56      52586.0  ms
success		1       45      1       46      1       0       76002.11  55      52586.0  ms
success		1       46      1       18      1       0       74891.77  54      52586.0  ms
success		1       47      1       0       1       0       74605.60  53      52586.0  ms
success		1       48      3       28      3       0       73514.83  52      52586.0  ms
success		1       49      3       20      3       0       72834.77  51      52586.0  ms
success		1       50      1       37      1       0       71543.99  50      52586.0  ms
success		1       51      3       1       3       0       71042.71  49      52586.0  ms
success		1       52      2       30      2       0       70180.93  48      52586.0  ms
success		1       53      3       20      3       0       69583.29  47      52586.0  ms
success		1       54      2       41      2       0       68583.97  46      52586.0  ms
success		1       55      3       37      3       0       66968.99  45      52586.0  ms
success		1       56      3       8       3       0       65783.55  44      52586.0  ms
success		1       57      1       28      1       0       64195.25  43      52586.0  ms
success		1       58      2       16      2       0       63410.92  42      52586.0  ms
success		1       59      4       22      4       0       62261.37  41      52586.0  ms
success		1       60      3       36      3       0       61043.46  40      52586.0  ms
success		1       61      3       21      3       0       59890.62  39      52586.0  ms
success		1       62      2       14      2       0       58115.83  38      52586.0  ms
success		1       63      3       24      3       0       57038.52  37      52586.0  ms
success		1       64      5       22      5       0       55392.84  36      52586.0  ms
success		1       65      1       10      1       0       54301.33  35      52586.0  ms
success		1       66      4       33      4       0       52530.92  34      52586.0  ms
success		1       67      3       29      3       0       51585.82  33      52586.0  ms
success		1       68      2       26      2       0       50072.93  32      52586.0  ms
success		1       69      4       29      4       0       49056.59  31      52586.0  ms
success		1       70      2       12      2       0       47717.47  30      52586.0  ms
success		1       71      2       2       2       0       46835.71  29      52586.0  ms
success		1       72      2       20      2       0       45011.73  28      52586.0  ms
success		1       73      2       20      2       0       43795.86  27      52586.0  ms
success		1       74      2       17      2       0       41990.95  26      52586.0  ms
success		1       75      2       25      2       0       41326.65  25      52586.0  ms
success		1       76      5       8       5       0       39538.09  24      52586.0  ms
success		1       77      2       18      2       0       37819.73  23      52586.0  ms
success		1       78      7       3       7       0       37270.63  22      52586.0  ms
success		1       79      5       0       5       0       36026.27  21      52586.0  ms
success		1       80      5       14      5       0       34216.44  20      52586.0  ms
success		1       81      7       4       7       0       32794.69  19      52586.0  ms
success		1       82      6       8       6       0       31241.85  18      52586.0  ms
success		1       83      5       4       5       0       29449.49  17      52586.0  ms
success		1       84      6       5       6       0       28291.22  16      52586.0  ms
success		1       85      9       0       7       0       26665.97  15      52586.0  ms
success		1       86      3       9       3       0       24776.43  14      52586.0  ms
success		1       87      7       2       7       0       22408.85  13      52586.0  ms
success		1       88      15      10      8       0       22368.30  12      52602.0  ms
success		1       89      15      7       9       0       19818.25  11      52617.0  ms
success		1       90      32      0       9       0       18474.86  10      52680.0  ms
success		1       91      21      6       11      0       16668.59  9       52711.0  ms
cross iterater0
bad   	success		9705.54   16871.20  9       58327.0  ms cross
rand   	
bad   	success		10339.58  18472.69  10      63927.0  ms cross
rand   	success		10462.78  16030.66  9       65035.0  ms cross
ab
ab7	5
cross iterater1
bad   	success		10129.24  16631.49  9       67250.0  ms cross
rand   	fail		9413.33   16811.79  9       77780.0  ms cross
bad   	success		10528.27  16585.64  9       78263.0  ms cross
rand   	
ab
ab6	5
ab7	3
cross iterater2
bad   	success		10243.39  16592.14  9       89152.0  ms cross
rand   	
bad   	success		9619.60   16684.62  9       99229.0  ms cross
rand   	
ab
ab6	1
ab7	0
cross iterater3
bad   	success		9626.98   16002.61  9       105017.0 ms cross
rand   	fail		9246.17   15885.36  9       110945.0 ms cross
bad   	success		10136.20  16292.30  9       110945.0 ms cross
rand   	fail		9859.15   15754.10  9       116155.0 ms cross
ab
ab7	2
ab6	4
cross iterater4
bad   	success		9727.41   16280.08  9       116155.0 ms cross
rand   	fail		9836.44   16341.56  9       122176.0 ms cross
bad   	success		10905.14  17441.08  9       122910.0 ms cross
rand   	
ab
ab7	0
fail		9064.21   16427.15  9       135764.0 ms
cross iterater5
bad   	success		9690.26   16622.79  9       135826.0 ms cross
rand   	fail		9100.88   16112.22  9       141645.0 ms cross
bad   	success		9256.66   16789.13  9       141926.0 ms cross
rand   	
ab
ab6	4
ab7	2
fail		9246.17   15885.36  9       153516.0 ms
fail		9551.51   16205.02  9       159974.0 ms
cross iterater6
bad   	success		9695.74   16016.44  9       159974.0 ms cross
rand   	fail		9375.14   16338.30  9       170613.0 ms cross
bad   	success		9382.55   16267.17  9       170629.0 ms cross
rand   	
ab
ab6	0
ab7	5
cross iterater7
bad   	success		9607.54   16460.97  9       179224.0 ms cross
rand   	
bad   	success		9691.08   16531.93  9       191626.0 ms cross
rand   	fail		9441.04   15578.99  9       201064.0 ms cross
ab
ab6	3
ab7	1
fail		9811.88   16696.99  9       211719.0 ms
fail		8958.14   17029.32  9       223403.0 ms
cross iterater8
bad   	success		9344.05   16332.11  9       223403.0 ms cross
rand   	fail		9441.16   16171.90  9       235446.0 ms cross
bad   	success		9162.84   16994.89  9       235461.0 ms cross
rand   	fail		9728.81   16276.21  9       246054.0 ms cross
ab
ab6	3
ab7	5
cross iterater9
bad   	success		9433.34   16476.88  9       246069.0 ms cross
rand   	fail		8912.61   16554.01  9       255117.0 ms cross
bad   	success		9777.08   16926.98  9       255133.0 ms cross
rand   	
ab
ab6	5
ab7	0
cross iterater10
bad   	success		9136.26   16239.06  9       266193.0 ms cross
rand   	
bad   	fail		9439.77   16248.95  9       285193.0 ms cross
rand   	fail		9371.68   16027.39  9       294912.0 ms cross
ab
ab6	2
ab7	3
fail		9292.91   16834.15  9       304568.0 ms
fail		9416.49   16333.78  9       313741.0 ms
cross iterater11
bad   	success		9245.56   16260.24  9       313741.0 ms cross
rand   	fail		8751.92   15799.40  9       320854.0 ms cross
bad   	success		9588.66   15981.51  9       320854.0 ms cross
rand   	fail		9129.40   15543.54  9       331774.0 ms cross
ab
ab6	1
fail		9036.79   15651.36  9       343396.0 ms
fail		9677.75   16044.21  9       353816.0 ms
cross iterater12
bad   	success		9517.84   16491.41  9       353832.0 ms cross
rand   	
bad   	success		8846.76   16162.31  9       362006.0 ms cross
rand   	
ab
ab6	0
ab7	4
fail		9619.41   17108.09  9       379759.0 ms
fail		8979.74   16052.42  9       389883.0 ms
cross iterater13
bad   	success		9328.26   16441.38  9       389883.0 ms cross
rand   	
bad   	success		9040.04   16459.42  9       395764.0 ms cross
rand   	fail		9080.35   16152.54  9       402160.0 ms cross
ab
ab6	1
ab7	3
cross iterater14
ab
ab6	4
ab7	5
fail		9234.94   15952.85  9       409055.0 ms
fail		9587.10   16568.39  9       413704.0 ms
cross iterater15
bad   	success		10408.56  16015.55  9       414203.0 ms cross
rand   	fail		9839.11   16699.53  9       421706.0 ms cross
bad   	success		10493.13  16334.62  9       421815.0 ms cross
rand   	
ab
ab6	4
ab7	2
cross iterater16
bad   	success		10080.58  16910.28  9       428367.0 ms cross
rand   	
bad   	success		10123.12  15920.87  9       436573.0 ms cross
rand   	fail		9329.21   16930.95  9       447025.0 ms cross
ab
ab6	2
ab7	5
fail		8978.54   16291.43  9       458506.0 ms
cross iterater17
bad   	success		8942.48   16284.53  9       458506.0 ms cross
rand   	fail		9150.80   16038.65  9       468661.0 ms cross
bad   	success		9620.88   17349.64  9       469629.0 ms cross
rand   	
ab
ab6	4
ab7	0
fail		9413.68   15880.19  9       488894.0 ms
cross iterater18
bad   	success		10423.38  16609.33  9       490719.0 ms cross
rand   	fail		9742.62   16301.06  9       500500.0 ms cross
bad   	success		9996.18   16292.99  9       500625.0 ms cross
rand   	fail		9129.61   15732.18  9       510734.0 ms cross
ab
ab6	4
fail		9426.62   16689.04  9       520250.0 ms
fail		9529.00   16970.43  9       529687.0 ms
cross iterater19
bad   	success		9683.04   16350.81  9       532526.0 ms cross
rand   	
bad   	success		9803.92   16317.16  9       538938.0 ms cross
rand   	
ab
ab6	4
ab7	5
cross iterater20
bad   	success		9745.60   15988.07  9       546551.0 ms cross
rand   	
bad   	success		9295.30   16302.27  9       555084.0 ms cross
rand   	fail		9764.98   16129.31  9       562244.0 ms cross
ab
ab6	5
ab7	4
fail		9440.90   16223.32  9       568390.0 ms
fail		9030.23   16192.46  9       574271.0 ms
cross iterater21
bad   	success		9694.27   15921.72  9       574271.0 ms cross
rand   	fail		9601.26   16461.23  9       579856.0 ms cross
bad   	fail		9197.12   16296.50  9       586174.0 ms cross
rand   	fail		9520.65   16076.37  9       593709.0 ms cross
ab
ab6	4
fail		9505.07   16499.21  9       601040.0 ms
cross iterater22
bad   	fail		9503.11   16855.71  9       609324.0 ms cross
rand   	
bad   	success		9319.94   16463.46  9       615018.0 ms cross
rand   	fail		9711.46   16335.61  9       623988.0 ms cross
ab
ab6	3
ab7	5
fail		9501.28   16296.91  9       633035.0 ms
fail		9520.65   16076.37  9       643004.0 ms
fail		9469.05   16813.75  9       650101.0 ms
cross iterater23
bad   	success		9162.11   16676.00  9       650117.0 ms cross
rand   	
bad   	success		9856.47   16494.23  9       656076.0 ms cross
rand   	
ab
ab6	5
ab7	0
cross iterater24
bad   	success		9532.45   16704.92  9       661006.0 ms cross
rand   	fail		9618.22   16967.99  9       668556.0 ms cross
bad   	success		9004.44   16857.54  9       668556.0 ms cross
rand   	fail		9376.73   16278.04  9       676169.0 ms cross
ab
ab6	2
ab7	5
fail		9376.73   16278.04  9       689834.0 ms
fail		9876.12   16156.89  9       698585.0 ms
cross iterater25
bad   	success		9880.68   16517.60  9       703328.0 ms cross
rand   	
bad   	success		9498.69   16771.51  9       714606.0 ms cross
rand   	
ab
ab7	5
ab6	2
cross iterater26
ab
ab7	2
fail		9318.58   16157.76  9       736773.0 ms
fail		9231.71   16557.08  9       749347.0 ms
cross iterater27
ab
ab7	4
fail		9305.18   16624.07  9       760126.0 ms
fail		9325.95   16374.03  9       770640.0 ms
fail		9453.23   16789.50  9       781435.0 ms
cross iterater28
bad   	success		10867.13  16900.54  9       783931.0 ms cross
rand   	fail		9356.85   16555.40  9       798813.0 ms cross
bad   	success		9995.43   16561.13  9       798829.0 ms cross
rand   	
ab
ab7	4
fail		9356.85   16555.40  9       821885.0 ms
cross iterater29
bad   	success		9221.92   16495.40  9       821885.0 ms cross
rand   	
bad   	success		10422.41  16772.03  9       834396.0 ms cross
rand   	
ab
ab7	1
fail		9590.87   16385.56  9       859106.0 ms
cross iterater30
bad   	success		10073.63  17010.05  9       860978.0 ms cross
rand   	
bad   	success		9539.49   16696.19  9       870619.0 ms cross
rand   	fail		10141.97  16196.49  9       881773.0 ms cross
ab
ab7	4
cross iterater31
bad   	success		9482.11   16713.99  9       882007.0 ms cross
rand   	success		9043.62   14470.17  8       887092.0 ms cross
bad   	success		9707.81   17370.70  9       887139.0 ms cross
rand   	fail		9008.58   16088.18  9       896670.0 ms cross
ab
ab7	0
fail		10251.08  16478.89  9       905749.0 ms
cross iterater32
bad   	fail		9289.19   16422.38  9       914891.0 ms cross
rand   	
bad   	success		9197.50   16895.61  9       924672.0 ms cross
rand   	fail		9871.84   15760.88  9       937417.0 ms cross
ab
ab7	4
fail		10251.08  16478.89  9       945716.0 ms
cross iterater33
bad   	success		9648.07   16960.08  9       950286.0 ms cross
rand   	
bad   	success		9229.69   16266.15  9       959880.0 ms cross
rand   	fail		9576.72   16532.53  9       968741.0 ms cross
ab
ab6	5
ab7	3
cross iterater34
bad   	success		10126.40  16752.75  9       968741.0 ms cross
rand   	fail		9768.72   16730.01  9       984559.0 ms cross
bad   	success		10384.93  16701.74  9       987429.0 ms cross
rand   	
ab
ab6	0
ab7	3
fail		10166.58  16347.55  9       1014573.0 ms
fail		9008.58   16088.18  9       1027224.0 ms
cross iterater35
bad   	success		9704.29   15514.39  9       1027240.0 ms cross
rand   	
bad   	fail		9089.82   16630.95  9       1053088.0 ms cross
rand   	fail		9347.97   16719.36  9       1068766.0 ms cross
ab
ab7	2
ab6	4
fail		10229.67  16932.95  9       1077658.0 ms
cross iterater36
bad   	success		9240.18   16731.99  9       1077658.0 ms cross
rand   	fail		9553.94   16672.98  9       1085005.0 ms cross
bad   	success		9194.98   16381.84  9       1085005.0 ms cross
rand   	
ab
ab7	0
fail		9553.94   16672.98  9       1097657.0 ms
cross iterater37
bad   	success		8988.03   16562.86  9       1097672.0 ms cross
rand   	fail		9216.33   16812.62  9       1110402.0 ms cross
bad   	success		9543.50   16468.99  9       1110417.0 ms cross
rand   	fail		9417.64   16537.68  9       1119730.0 ms cross
ab
ab6	3
ab7	1
cross iterater38
bad   	success		9711.12   16934.44  9       1119746.0 ms cross
rand   	
bad   	success		9477.97   16641.54  9       1128919.0 ms cross
rand   	fail		9954.58   16799.74  9       1135970.0 ms cross
ab
ab6	3
ab7	0
fail		9318.85   17171.23  9       1143489.0 ms
fail		9986.47   16933.00  9       1152209.0 ms
fail		9704.29   15617.50  9       1158652.0 ms
cross iterater39
bad   	success		9342.64   16585.85  9       1158652.0 ms cross
rand   	
bad   	success		9572.68   15969.43  9       1163441.0 ms cross
rand   	
ab
ab6	1
fail		9750.96   16703.09  9       1178557.0 ms
cross iterater40
bad   	success		10246.24  16304.02  9       1178635.0 ms cross
rand   	
bad   	success		9074.06   16429.01  9       1185608.0 ms cross
rand   	
ab
ab7	3
fail		9259.65   16883.45  9       1199414.0 ms
cross iterater41
bad   	success		9193.21   16548.37  9       1199445.0 ms cross
rand   	fail		9053.68   16728.54  9       1206434.0 ms cross
bad   	success		9855.94   16099.45  9       1206449.0 ms cross
rand   	fail		9661.53   16105.63  9       1212533.0 ms cross
ab
ab6	1
ab7	2
fail		9922.36   16810.72  9       1218866.0 ms
fail		9750.96   16703.09  9       1225855.0 ms
cross iterater42
bad   	success		9631.10   17104.01  9       1225886.0 ms cross
rand   	
bad   	success		9743.43   16540.56  9       1232563.0 ms cross
rand   	fail		9405.77   16726.95  9       1240394.0 ms cross
ab
ab6	3
ab7	2
fail		9405.77   16726.95  9       1246306.0 ms
fail		9443.10   16959.95  9       1254730.0 ms
cross iterater43
ab
ab6	4
ab7	5
cross iterater44
bad   	success		9482.81   17039.31  9       1254746.0 ms cross
rand   	fail		8820.46   17050.36  9       1261282.0 ms cross
bad   	success		9353.25   16847.20  9       1261282.0 ms cross
rand   	fail		9407.79   17024.41  9       1268099.0 ms cross
ab
ab6	5
ab7	3
fail		9259.84   16404.66  9       1277927.0 ms
fail		9826.14   17110.25  9       1284682.0 ms
cross iterater45
bad   	success		9890.66   17034.78  9       1284682.0 ms cross
rand   	
bad   	success		9711.91   16844.06  9       1290251.0 ms cross
rand   	
ab
ab7	5
ab6	1
cross iterater46
bad   	success		10224.39  16788.47  9       1296116.0 ms cross
rand   	fail		9012.60   16301.20  9       1301639.0 ms cross
bad   	success		9379.54   16989.37  9       1301654.0 ms cross
rand   	fail		9674.40   16716.60  9       1309766.0 ms cross
ab
ab6	0
fail		10242.75  16666.13  9       1320155.0 ms
fail		9074.06   16509.40  9       1330841.0 ms
cross iterater47
bad   	success		9203.12   16569.02  9       1330841.0 ms cross
rand   	
bad   	success		10366.54  16504.01  9       1338891.0 ms cross
rand   	fail		9806.65   16550.94  9       1348110.0 ms cross
ab
ab6	5
fail		9806.65   16550.94  9       1355457.0 ms
cross iterater48
bad   	success		9742.67   16705.36  9       1355645.0 ms cross
rand   	
bad   	success		9450.51   17212.50  9       1360839.0 ms cross
rand   	fail		9300.79   16488.65  9       1366642.0 ms cross
ab
ab6	3
fail		8871.02   16684.21  9       1374505.0 ms
fail		9012.60   16301.20  9       1380011.0 ms
cross iterater49
ab
ab6	2
fail		8701.13   16333.50  9       1384988.0 ms
fail		9668.20   17062.68  9       1391820.0 ms
cross iterater50
ab
ab6	5
fail		9514.85   16845.35  9       1400400.0 ms
cross iterater51
bad   	success		9846.28   16060.41  9       1400806.0 ms cross
rand   	fail		9881.59   16075.24  9       1407716.0 ms cross
bad   	success		9920.90   16658.60  9       1407732.0 ms cross
rand   	fail		9869.82   16727.97  9       1415704.0 ms cross
ab
ab6	1
ab7	2
fail		9881.59   16075.24  9       1421772.0 ms
cross iterater52
bad   	success		8886.97   16971.82  9       1423909.0 ms cross
rand   	
bad   	success		10508.33  16377.75  9       1437231.0 ms cross
rand   	
ab
ab6	3
ab7	0
fail		9747.07   16395.63  9       1452737.0 ms
fail		9959.34   16903.30  9       1459429.0 ms
fail		10117.47  16543.46  9       1465825.0 ms
cross iterater53
bad   	success		10146.03  16682.53  9       1466059.0 ms cross
rand   	fail		9653.09   16661.50  9       1473875.0 ms cross
bad   	success		10381.81  16693.73  9       1477463.0 ms cross
rand   	fail		9690.17   16605.97  9       1486932.0 ms cross
ab
ab6	1
fail		9690.17   16605.97  9       1494685.0 ms
cross iterater54
ab
ab6	4
ab7	3
fail		9977.56   16621.12  9       1510940.0 ms
fail		9881.59   16075.24  9       1519254.0 ms
cross iterater55
bad   	success		10094.34  16541.79  9       1519270.0 ms cross
rand   	
bad   	success		10153.57  16920.15  9       1533434.0 ms cross
rand   	
ab
ab6	3
ab7	0
cross iterater56
bad   	success		9367.79   16938.64  9       1542139.0 ms cross
rand   	
bad   	success		9583.05   16574.32  9       1550501.0 ms cross
rand   	fail		9534.53   16609.51  9       1562887.0 ms cross
ab
ab6	0
ab7	3
fail		8996.06   16235.71  9       1575772.0 ms
fail		9881.59   16075.24  9       1588049.0 ms
cross iterater57
bad   	success		10337.69  16217.60  9       1588439.0 ms cross
rand   	
bad   	success		9701.05   15992.10  9       1601278.0 ms cross
rand   	fail		9342.87   16478.95  9       1613352.0 ms cross
ab
ab6	5
ab7	4
fail		8996.06   16235.71  9       1625348.0 ms
fail		9495.65   16814.67  9       1635878.0 ms
fail		9236.35   16511.29  9       1650619.0 ms
cross iterater58
bad   	success		10253.39  16101.93  9       1650635.0 ms cross
rand   	
bad   	success		9697.52   15939.77  9       1659527.0 ms cross
rand   	fail		9589.28   16686.55  9       1669589.0 ms cross
ab
ab6	0
ab7	3
fail		9888.19   17310.01  9       1679697.0 ms
cross iterater59
ab
ab6	3
cross iterater60
bad   	success		9956.78   16147.12  9       1679697.0 ms cross
rand   	
bad   	success		9148.83   16635.04  9       1690149.0 ms cross
rand   	fail		9407.72   16687.91  9       1700008.0 ms cross
ab
ab6	3
fail		9632.75   16504.16  9       1711162.0 ms
cross iterater61
bad   	success		10450.74  16882.36  9       1711209.0 ms cross
rand   	
bad   	success		10075.63  16557.31  9       1724359.0 ms cross
rand   	
ab
ab6	5
cross iterater62
bad   	success		9861.88   16353.21  9       1732830.0 ms cross
rand   	fail		10073.97  16434.36  9       1740364.0 ms cross
bad   	success		9822.15   16358.08  9       1740364.0 ms cross
rand   	
ab
ab6	1
cross iterater63
bad   	success		9088.30   16253.10  9       1751440.0 ms cross
rand   	fail		9023.17   15974.35  9       1762890.0 ms cross
bad   	success		9915.01   16785.66  9       1763202.0 ms cross
rand   	fail		9278.61   16615.44  9       1774653.0 ms cross
ab
ab6	5
ab7	0
fail		9960.87   16512.11  9       1785541.0 ms
fail		9023.17   15974.35  9       1793918.0 ms
cross iterater64
ab
ab7	0
cross iterater65
bad   	success		9775.89   16711.88  9       1793934.0 ms cross
rand   	fail		9653.26   16363.55  9       1802857.0 ms cross
bad   	success		9893.53   16961.80  9       1802857.0 ms cross
rand   	
ab
ab6	3
ab7	1
fail		9600.25   16155.24  9       1816834.0 ms
fail		9747.29   16937.36  9       1822388.0 ms
cross iterater66
bad   	success		9602.83   16799.13  9       1823402.0 ms cross
rand   	
bad   	success		10189.43  16942.48  9       1830406.0 ms cross
rand   	
ab
ab6	3
ab7	2
fail		9023.17   15974.35  9       1850389.0 ms
cross iterater67
bad   	success		9805.61   16610.76  9       1850389.0 ms cross
rand   	fail		10041.08  16506.24  9       1858454.0 ms cross
bad   	success		9976.30   16689.62  9       1858454.0 ms cross
rand   	fail		9548.84   16259.76  9       1867471.0 ms cross
ab
ab6	1
fail		9906.31   16957.80  9       1875879.0 ms
fail		9548.84   16259.76  9       1885052.0 ms
cross iterater68
ab
ab6	1
cross iterater69
bad   	success		9923.30   16903.67  9       1885613.0 ms cross
rand   	
bad   	success		10127.77  16788.80  9       1895191.0 ms cross
rand   	
ab
ab6	4
ab7	3
fail		9599.03   16687.48  9       1918435.0 ms
fail		9538.58   16638.78  9       1928497.0 ms
cross iterater70
bad   	success		10606.14  16598.43  9       1928512.0 ms cross
rand   	
bad   	success		9699.19   16863.24  9       1940805.0 ms cross
rand   	
ab
ab7	0
ab6	4
fail		10013.02  16608.23  9       1960258.0 ms
fail		10059.25  16829.26  9       1971817.0 ms
cross iterater71
bad   	success		9311.30   17025.98  9       1971817.0 ms cross
rand   	
bad   	success		9849.60   16861.63  9       1982456.0 ms cross
rand   	
ab
ab6	5
ab7	3
fail		9667.83   16992.82  9       2004670.0 ms
fail		9472.26   16646.94  9       2016682.0 ms
cross iterater72
ab
ab7	0
fail		10157.98  16341.62  9       2026900.0 ms
fail		9001.75   16779.48  9       2039224.0 ms
cross iterater73
bad   	success		9821.31   16679.93  9       2041127.0 ms cross
rand   	
bad   	success		10701.64  16198.79  9       2051656.0 ms cross
rand   	fail		9351.70   15791.09  9       2062373.0 ms cross
ab
cross iterater74
bad   	success		9798.30   16487.06  9       2062685.0 ms cross
rand   	
bad   	success		10062.65  16724.08  9       2076990.0 ms cross
rand   	
ab
ab6	0
cross iterater75
bad   	success		10048.45  16954.25  9       2087052.0 ms cross
rand   	fail		9983.96   16804.95  9       2099548.0 ms cross
bad   	success		10192.36  16710.78  9       2099953.0 ms cross
rand   	
ab
ab6	5
fail		9798.30   16594.81  9       2120888.0 ms
cross iterater76
bad   	success		10092.11  16435.22  9       2120904.0 ms cross
rand   	fail		9457.25   16460.86  9       2134460.0 ms cross
bad   	success		9270.56   16429.00  9       2134460.0 ms cross
rand   	fail		9882.58   15601.47  9       2141916.0 ms cross
ab
ab7	5
fail		9937.09   16869.99  9       2149607.0 ms
fail		9593.60   16299.68  9       2158405.0 ms
cross iterater77
ab
ab6	1
fail		9798.30   16594.81  9       2164021.0 ms
cross iterater78
bad   	success		9559.03   16884.65  9       2164333.0 ms cross
rand   	
bad   	success		9843.97   16706.50  9       2170214.0 ms cross
rand   	
ab
ab6	3
ab7	4
fail		9798.30   16594.81  9       2184348.0 ms
fail		9953.56   16873.52  9       2195392.0 ms
fail		10192.36  16614.57  9       2201055.0 ms
cross iterater79
bad   	success		9616.85   16674.29  9       2201070.0 ms cross
rand   	fail		9885.62   16499.45  9       2206250.0 ms cross
bad   	success		9874.42   17044.20  9       2206250.0 ms cross
rand   	
ab
ab6	4
ab7	1
fail		9371.87   16299.49  9       2222395.0 ms
cross iterater80
bad   	success		10395.22  16410.89  9       2222489.0 ms cross
rand   	
bad   	success		9597.73   16852.26  9       2233783.0 ms cross
rand   	fail		9633.76   16649.26  9       2244937.0 ms cross
ab
ab6	1
ab7	2
fail		9371.87   16299.49  9       2253298.0 ms
fail		9824.36   17067.17  9       2264873.0 ms
fail		10192.36  16614.57  9       2275434.0 ms
cross iterater81
bad   	success		10115.90  16680.38  9       2280301.0 ms cross
rand   	
bad   	success		10415.74  16398.75  9       2292391.0 ms cross
rand   	fail		10060.73  17040.83  9       2302749.0 ms cross
ab
ab6	3
ab7	4
fail		10115.90  16884.40  9       2309832.0 ms
cross iterater82
bad   	success		9698.44   16066.21  9       2309832.0 ms cross
rand   	
bad   	success		9761.83   16851.11  9       2320049.0 ms cross
rand   	
ab
ab6	5
ab7	1
cross iterater83
bad   	success		9943.32   16506.46  9       2329893.0 ms cross
rand   	
bad   	success		9968.92   16115.37  9       2340688.0 ms cross
rand   	
ab
fail		10730.22  16650.63  9       2360000.0 ms
cross iterater84
bad   	success		10120.86  16346.06  9       2360016.0 ms cross
rand   	fail		9899.28   16707.04  9       2371326.0 ms cross
bad   	success		10223.16  16068.91  9       2371326.0 ms cross
rand   	
ab
ab7	2
cross iterater85
bad   	success		9651.60   16669.74  9       2380576.0 ms cross
rand   	fail		9709.51   16304.22  9       2387846.0 ms cross
bad   	success		9214.22   17253.38  9       2389640.0 ms cross
rand   	
ab
ab7	3
fail		10131.99  16751.78  9       2411869.0 ms
cross iterater86
bad   	success		9308.67   16668.23  9       2411869.0 ms cross
rand   	fail		10286.71  16411.37  9       2419560.0 ms cross
bad   	success		9902.71   16346.31  9       2419607.0 ms cross
rand   	fail		9331.29   15942.18  9       2428951.0 ms cross
ab
cross iterater87
bad   	success		9375.96   16209.86  9       2429013.0 ms cross
rand   	
bad   	success		10264.99  16711.55  9       2441087.0 ms cross
rand   	fail		8889.49   16419.23  9       2452288.0 ms cross
ab
ab6	3
fail		9421.43   16496.73  9       2462896.0 ms
cross iterater88
bad   	success		9989.10   16308.43  9       2462911.0 ms cross
rand   	
bad   	success		9762.39   16499.15  9       2467373.0 ms cross
rand   	
ab
ab6	4
fail		9608.47   16496.23  9       2484767.0 ms
fail		9790.40   16928.47  9       2495312.0 ms
cross iterater89
bad   	success		10038.57  16408.88  9       2497153.0 ms cross
rand   	
bad   	success		10051.85  16485.78  9       2511567.0 ms cross
rand   	
ab
ab7	5
ab6	3
fail		9376.42   17007.28  9       2533921.0 ms
cross iterater90
bad   	success		9892.70   16730.11  9       2534374.0 ms cross
rand   	
bad   	success		10244.87  16853.78  9       2541955.0 ms cross
rand   	fail		9657.04   16739.28  9       2553826.0 ms cross
ab
ab6	1
cross iterater91
ab
ab6	3
fail		9946.19   16591.99  9       2566852.0 ms
cross iterater92
bad   	success		9413.94   16838.60  9       2567008.0 ms cross
rand   	
bad   	fail		9222.50   16586.39  9       2592576.0 ms cross
rand   	
ab
ab7	3
fail		9690.35   16235.38  9       2606163.0 ms
fail		9096.11   16427.61  9       2614618.0 ms
cross iterater93
bad   	fail		10581.38  17688.22  10      2618940.0 ms cross
rand   	success		10188.35  15878.91  9       2619236.0 ms cross
bad   	success		9406.70   16510.79  9       2619720.0 ms cross
rand   	fail		10153.99  15975.66  9       2626131.0 ms cross
ab
ab7	0
fail		9731.93   16826.13  9       2631872.0 ms
cross iterater94
bad   	success		9774.90   16247.62  9       2631887.0 ms cross
rand   	
bad   	success		9931.12   16443.99  9       2639937.0 ms cross
rand   	
ab
ab7	5
ab6	2
cross iterater95
bad   	success		9878.78   16712.00  9       2650139.0 ms cross
rand   	
bad   	success		10005.07  16711.96  9       2662088.0 ms cross
rand   	fail		9244.44   16073.21  9       2670543.0 ms cross
ab
ab7	1
cross iterater96
bad   	success		9377.96   16438.21  9       2670543.0 ms cross
rand   	fail		9594.36   16391.39  9       2677329.0 ms cross
bad   	success		9879.16   16525.72  9       2677345.0 ms cross
rand   	
ab
ab7	0
fail		10153.99  15975.66  9       2690620.0 ms
cross iterater97
bad   	fail		9540.16   16755.60  9       2699902.0 ms cross
rand   	
bad   	success		9428.28   16615.92  9       2706922.0 ms cross
rand   	
ab
ab6	5
ab7	3
cross iterater98
ab
ab6	2
ab7	4
fail		9828.25   16402.02  9       2719667.0 ms
fail		9306.60   16682.15  9       2725595.0 ms
cross iterater99
bad   	success		9547.53   16936.90  9       2725688.0 ms cross
rand   	fail		9396.50   16223.53  9       2730727.0 ms cross
bad   	success		9907.18   16597.51  9       2731507.0 ms cross
rand   	fail		9774.53   17009.22  9       2737107.0 ms cross
ab
ab6	2

R.size:8

1		116	74	4	79	73	91	161	92	19	132	200	193	146	27	68	196	145	102	9	129	37	125	155	175	97	52	1	87	201	72	
2		131	41	26	45	199	95	31	167	103	15	51	81	75	158	149	160	101	22	111	136	24	169	99	86	85	46	
3		18	168	77	60	61	143	119	152	71	194	48	184	44	191	38	178	57	124	144	157	89	16	186	159	2	109	121	10	50	171	202	126	
4		56	118	137	43	63	104	170	66	123	130	198	17	70	174	189	98	96	55	42	110	188	115	
5		183	181	67	100	192	36	179	33	35	162	134	135	165	14	133	142	105	176	69	49	185	156	173	12	20	108	190	148	
6		164	62	117	151	21	6	32	120	172	147	29	107	84	58	5	7	64	112	80	163	
7		23	34	8	197	47	65	139	88	128	40	78	195	59	3	13	187	113	106	82	28	76	182	54	153	39	140	
8		177	150	94	90	11	141	166	180	122	138	93	83	127	114	30	25	53	154	

data1/pdp200/LR2_2_1.txt
total_cost 9043.620457

