success		1       0       1       114     1       0       232640.72 302     78.0     ms
success		1       1       1       11      1       0       232953.39 301     78.0     ms
success		1       2       1       177     1       0       233307.98 300     78.0     ms
success		1       3       1       20      1       0       233582.11 299     78.0     ms
success		1       4       1       236     1       0       234032.84 298     78.0     ms
success		1       5       1       97      1       0       234370.55 297     78.0     ms
success		1       6       1       137     1       0       234724.02 296     78.0     ms
success		1       7       1       55      1       0       234933.40 295     94.0     ms
success		1       8       1       33      1       0       235298.36 294     94.0     ms
success		1       9       1       234     1       0       235455.82 293     94.0     ms
success		1       10      1       43      1       0       235682.91 292     94.0     ms
success		1       11      1       222     1       0       235769.22 291     94.0     ms
success		1       12      1       79      1       0       232444.73 290     94.0     ms
success		1       13      1       16      1       0       232695.23 289     94.0     ms
success		1       14      1       43      1       0       232936.57 288     94.0     ms
success		1       15      1       163     1       0       233139.36 287     94.0     ms
success		1       16      1       146     1       0       233310.65 286     94.0     ms
success		1       17      1       201     1       0       231703.88 285     94.0     ms
success		1       18      1       165     1       0       232037.27 284     94.0     ms
success		1       19      1       124     1       0       232031.71 283     110.0    ms
success		1       20      1       248     1       0       232063.35 282     110.0    ms
success		1       21      1       248     1       0       232558.36 281     110.0    ms
success		1       22      1       250     1       0       232330.23 280     110.0    ms
success		1       23      1       147     1       0       232610.11 279     110.0    ms
success		1       24      1       33      1       0       229462.59 278     110.0    ms
success		1       25      1       229     1       0       229774.13 277     110.0    ms
success		1       26      1       123     1       0       229963.21 276     110.0    ms
success		1       27      2       70      2       0       230689.59 275     110.0    ms
success		1       28      1       13      1       0       231089.46 274     110.0    ms
success		1       29      1       179     1       0       231362.79 273     110.0    ms
success		1       30      1       66      1       0       231218.73 272     110.0    ms
success		1       31      1       263     1       0       231203.52 271     125.0    ms
success		1       32      1       167     1       0       231608.34 270     125.0    ms
success		1       33      1       207     1       0       231524.68 269     125.0    ms
success		1       34      1       189     1       0       231517.20 268     125.0    ms
success		1       35      1       207     1       0       231801.27 267     125.0    ms
success		1       36      1       101     1       0       232056.14 266     125.0    ms
success		1       37      1       257     1       0       231942.71 265     125.0    ms
success		1       38      1       46      1       0       232291.42 264     125.0    ms
success		1       39      1       124     1       0       232134.09 263     125.0    ms
success		1       40      1       35      1       0       231988.11 262     125.0    ms
success		1       41      1       148     1       0       232110.51 261     125.0    ms
success		1       42      2       214     2       0       231848.80 260     125.0    ms
success		1       43      1       214     1       0       231555.74 259     125.0    ms
success		1       44      1       17      1       0       231932.48 258     141.0    ms
success		1       45      1       87      1       0       232120.67 257     141.0    ms
success		1       46      1       23      1       0       232453.39 256     141.0    ms
success		1       47      1       200     1       0       232874.28 255     141.0    ms
success		1       48      1       24      1       0       233012.09 254     141.0    ms
success		1       49      1       29      1       0       233280.11 253     141.0    ms
success		1       50      1       209     1       0       233188.94 252     141.0    ms
success		1       51      1       147     1       0       233428.51 251     141.0    ms
success		1       52      1       70      1       0       233242.37 250     141.0    ms
success		1       53      1       84      1       0       233224.16 249     141.0    ms
success		1       54      1       148     1       0       233326.38 248     141.0    ms
success		1       55      1       133     1       0       233650.95 247     141.0    ms
success		1       56      1       184     1       0       233965.30 246     156.0    ms
success		1       57      1       178     1       0       233970.17 245     156.0    ms
success		1       58      1       32      1       0       234209.70 244     156.0    ms
success		1       59      1       137     1       0       233268.68 243     156.0    ms
success		1       60      1       5       1       0       233329.88 242     156.0    ms
success		1       61      2       21      2       0       233123.66 241     156.0    ms
success		1       62      2       122     2       0       233380.55 240     156.0    ms
success		1       63      2       229     2       0       233271.73 239     156.0    ms
success		1       64      2       15      2       0       233807.40 238     156.0    ms
success		1       65      1       67      1       0       234136.63 237     156.0    ms
success		1       66      2       69      2       0       234544.33 236     172.0    ms
success		1       67      2       94      2       0       233425.59 235     172.0    ms
success		1       68      1       127     1       0       233548.97 234     172.0    ms
success		1       69      1       155     1       0       233897.63 233     172.0    ms
success		1       70      1       56      1       0       233926.07 232     172.0    ms
success		1       71      1       210     1       0       233766.33 231     172.0    ms
success		1       72      1       66      1       0       233936.18 230     172.0    ms
success		1       73      4       177     4       0       234409.37 229     172.0    ms
success		1       74      3       202     3       0       235195.83 228     172.0    ms
success		1       75      3       93      3       0       235439.80 227     172.0    ms
success		1       76      1       148     1       0       234921.13 226     188.0    ms
success		1       77      1       94      1       0       235069.67 225     188.0    ms
success		1       78      1       60      1       0       234129.01 224     188.0    ms
success		1       79      1       39      1       0       234140.06 223     188.0    ms
success		1       80      1       68      1       0       233370.76 222     188.0    ms
success		1       81      1       6       1       0       233620.53 221     188.0    ms
success		1       82      1       194     1       0       233739.60 220     188.0    ms
success		1       83      1       130     1       0       234168.89 219     188.0    ms
success		1       84      1       104     1       0       234172.25 218     188.0    ms
success		1       85      2       8       2       0       234713.50 217     188.0    ms
success		1       86      1       16      1       0       234932.88 216     188.0    ms
success		1       87      1       200     1       0       235200.42 215     188.0    ms
success		1       88      2       46      2       0       235254.18 214     203.0    ms
success		1       89      2       174     2       0       235851.64 213     203.0    ms
success		1       90      2       43      2       0       235719.14 212     203.0    ms
success		1       91      1       57      1       0       235741.82 211     203.0    ms
success		1       92      2       10      2       0       231617.50 210     203.0    ms
success		1       93      1       137     1       0       231508.92 209     203.0    ms
success		1       94      1       150     1       0       231914.34 208     203.0    ms
success		1       95      1       32      1       0       232054.65 207     203.0    ms
success		1       96      3       96      3       0       232132.90 206     203.0    ms
success		1       97      1       107     1       0       232374.59 205     203.0    ms
success		1       98      2       1       2       0       232344.94 204     219.0    ms
success		1       99      2       70      2       0       233018.19 203     219.0    ms
success		1       100     1       96      1       0       232689.44 202     219.0    ms
success		1       101     3       11      3       0       232789.68 201     219.0    ms
success		1       102     1       12      1       0       233106.56 200     219.0    ms
success		1       103     1       154     1       0       233400.57 199     219.0    ms
success		1       104     1       27      1       0       232616.27 198     219.0    ms
success		1       105     2       119     2       0       232190.26 197     219.0    ms
success		1       106     2       131     2       0       230287.43 196     219.0    ms
success		1       107     1       138     1       0       230564.14 195     219.0    ms
success		1       108     3       127     3       0       230223.42 194     219.0    ms
success		1       109     1       47      1       0       227775.77 193     219.0    ms
success		1       110     1       127     1       0       228046.70 192     219.0    ms
success		1       111     1       24      1       0       227858.70 191     234.0    ms
success		1       112     2       100     2       0       227174.43 190     234.0    ms
success		1       113     1       133     1       0       227027.25 189     234.0    ms
success		1       114     1       90      1       0       227486.09 188     234.0    ms
success		1       115     1       143     1       0       227769.42 187     234.0    ms
success		1       116     2       35      2       0       227764.82 186     234.0    ms
success		1       117     1       136     1       0       227945.03 185     234.0    ms
success		1       118     1       126     1       0       228101.18 184     234.0    ms
success		1       119     1       183     1       0       227331.73 183     234.0    ms
success		1       120     1       94      1       0       227312.19 182     234.0    ms
success		1       121     1       100     1       0       227005.88 181     234.0    ms
success		1       122     1       124     1       0       226850.48 180     234.0    ms
success		1       123     1       62      1       0       225765.31 179     234.0    ms
success		1       124     1       161     1       0       225779.81 178     234.0    ms
success		1       125     3       112     3       0       226291.53 177     234.0    ms
success		1       126     1       78      1       0       226515.06 176     234.0    ms
success		1       127     1       108     1       0       226776.12 175     234.0    ms
success		1       128     2       167     2       0       224524.83 174     234.0    ms
success		1       129     1       116     1       0       224857.99 173     234.0    ms
success		1       130     1       15      1       0       225267.96 172     250.0    ms
success		1       131     2       51      2       0       225198.88 171     250.0    ms
success		1       132     3       37      3       0       222998.93 170     250.0    ms
success		1       133     2       153     2       0       223225.95 169     250.0    ms
success		1       134     2       145     2       0       223209.18 168     250.0    ms
success		1       135     2       74      2       0       223371.07 167     250.0    ms
success		1       136     2       145     2       0       224100.76 166     250.0    ms
success		1       137     3       126     3       0       223310.99 165     250.0    ms
success		1       138     2       89      2       0       223330.95 164     250.0    ms
success		1       139     1       22      1       0       223428.80 163     250.0    ms
success		1       140     1       39      1       0       223364.64 162     250.0    ms
success		1       141     1       148     1       0       223488.96 161     250.0    ms
success		1       142     1       127     1       0       221638.27 160     250.0    ms
success		1       143     1       14      1       0       221815.77 159     250.0    ms
success		1       144     3       98      3       0       222636.25 158     250.0    ms
success		1       145     2       148     2       0       222916.19 157     250.0    ms
success		1       146     1       137     1       0       222010.30 156     250.0    ms
success		1       147     2       135     2       0       221924.76 155     250.0    ms
success		1       148     1       86      1       0       221787.80 154     266.0    ms
success		1       149     1       125     1       0       222105.43 153     266.0    ms
success		1       150     2       28      2       0       222038.58 152     266.0    ms
success		1       151     4       32      4       0       222246.16 151     266.0    ms
success		1       152     4       26      4       0       221203.04 150     266.0    ms
success		1       153     1       59      1       0       221372.64 149     266.0    ms
success		1       154     4       76      4       0       221312.85 148     266.0    ms
success		1       155     1       47      1       0       220918.84 147     266.0    ms
success		1       156     1       77      1       0       220727.02 146     266.0    ms
success		1       157     5       2       5       0       220308.14 145     266.0    ms
success		1       158     1       102     1       0       220105.28 144     266.0    ms
success		1       159     1       127     1       0       219137.06 143     266.0    ms
success		1       160     2       9       2       0       218993.23 142     266.0    ms
success		1       161     1       10      1       0       217317.26 141     266.0    ms
success		1       162     2       111     2       0       217643.52 140     266.0    ms
success		1       163     2       81      2       0       214949.10 139     266.0    ms
success		1       164     4       113     4       0       214025.30 138     266.0    ms
success		1       165     3       6       3       0       214526.06 137     281.0    ms
success		1       166     3       8       3       0       214707.72 136     281.0    ms
success		1       167     2       86      2       0       214865.90 135     281.0    ms
success		1       168     1       11      1       0       214891.88 134     281.0    ms
success		1       169     2       62      2       0       211750.78 133     281.0    ms
success		1       170     1       48      1       0       211432.44 132     281.0    ms
success		1       171     2       51      2       0       210347.07 131     281.0    ms
success		1       172     4       125     4       0       210540.43 130     281.0    ms
success		1       173     1       24      1       0       207679.84 129     281.0    ms
success		1       174     1       65      1       0       207289.72 128     281.0    ms
success		1       175     1       38      1       0       207011.48 127     281.0    ms
success		1       176     3       21      3       0       204717.26 126     281.0    ms
success		1       177     1       103     1       0       202972.95 125     281.0    ms
success		1       178     1       49      1       0       201120.29 124     281.0    ms
success		1       179     5       44      5       0       200962.83 123     281.0    ms
success		1       180     5       43      5       0       200312.58 122     281.0    ms
success		1       181     1       39      1       0       199779.97 121     297.0    ms
success		1       182     1       16      1       0       200176.15 120     297.0    ms
success		1       183     11      115     11      0       200509.23 119     297.0    ms
success		1       184     4       28      4       0       200158.02 118     297.0    ms
success		1       185     1       110     1       0       200361.96 117     297.0    ms
success		1       186     2       9       2       0       200742.48 116     297.0    ms
success		1       187     1       107     1       0       201159.02 115     297.0    ms
success		1       188     1       27      1       0       201329.02 114     297.0    ms
success		1       189     2       35      2       0       201320.10 113     297.0    ms
success		1       190     5       50      5       0       200865.78 112     297.0    ms
success		1       191     2       29      2       0       199192.15 111     297.0    ms
success		1       192     1       90      1       0       199408.29 110     297.0    ms
success		1       193     1       109     1       0       199752.39 109     297.0    ms
success		1       194     5       24      5       0       197665.95 108     297.0    ms
success		1       195     4       63      4       0       196846.52 107     312.0    ms
success		1       196     3       32      3       0       196213.58 106     312.0    ms
success		1       197     3       61      3       0       193538.63 105     312.0    ms
success		1       198     4       86      4       0       190506.23 104     312.0    ms
success		1       199     1       25      1       0       190904.02 103     312.0    ms
success		1       200     3       62      3       0       191020.88 102     312.0    ms
success		1       201     2       45      2       0       191544.75 101     312.0    ms
success		1       202     6       74      6       0       189951.71 100     312.0    ms
success		1       203     1       82      1       0       189989.29 99      312.0    ms
success		1       204     3       41      3       0       188146.05 98      312.0    ms
success		1       205     4       34      4       0       187400.58 97      312.0    ms
success		1       206     2       87      2       0       187581.57 96      312.0    ms
success		1       207     1       84      1       0       186605.45 95      312.0    ms
success		1       208     1       72      1       0       184660.16 94      312.0    ms
success		1       209     4       7       4       0       182714.82 93      328.0    ms
success		1       210     4       6       4       0       181763.31 92      328.0    ms
success		1       211     3       82      3       0       182668.15 91      328.0    ms
success		1       212     9       24      9       0       184457.79 90      328.0    ms
success		1       213     2       31      2       0       183027.09 89      328.0    ms
success		1       214     4       56      4       0       181071.82 88      328.0    ms
success		1       215     2       67      2       0       179597.22 87      328.0    ms
success		1       216     2       55      2       0       179436.24 86      328.0    ms
success		1       217     5       76      5       0       178563.17 85      328.0    ms
success		1       218     4       46      4       0       178548.41 84      328.0    ms
success		1       219     1       46      1       0       178027.61 83      328.0    ms
success		1       220     6       25      6       0       177320.72 82      344.0    ms
success		1       221     6       61      6       0       176294.56 81      344.0    ms
success		1       222     4       73      4       0       175277.48 80      344.0    ms
success		1       223     4       45      4       0       175640.59 79      344.0    ms
success		1       224     4       68      4       0       175945.04 78      344.0    ms
success		1       225     5       37      5       0       174048.23 77      344.0    ms
success		1       226     3       16      3       0       172708.75 76      344.0    ms
success		1       227     7       74      7       0       171635.04 75      344.0    ms
success		1       228     3       15      3       0       169844.84 74      344.0    ms
success		1       229     4       14      4       0       169414.27 73      344.0    ms
success		1       230     2       35      2       0       169462.71 72      359.0    ms
success		1       231     3       26      3       0       169696.58 71      359.0    ms
success		1       232     7       5       7       0       170411.49 70      359.0    ms
success		1       233     4       37      4       0       169908.53 69      359.0    ms
success		1       234     2       68      2       0       170015.69 68      359.0    ms
success		1       235     4       16      4       0       170707.54 67      359.0    ms
success		1       236     7       30      7       0       168013.09 66      359.0    ms
success		1       237     9       21      9       0       164406.94 65      359.0    ms
success		1       238     8       34      8       0       163753.75 64      375.0    ms
success		1       239     10      62      10      0       162781.09 63      375.0    ms
success		1       240     7       53      7       0       160888.46 62      375.0    ms
success		1       241     8       0       8       0       160162.44 61      375.0    ms
success		1       242     9       40      9       0       158340.95 60      375.0    ms
success		1       243     2       59      2       0       158327.76 59      375.0    ms
success		1       244     1       11      1       0       155876.37 58      375.0    ms
success		1       245     5       26      5       0       153512.88 57      390.0    ms
success		1       246     8       2       8       0       152996.60 56      390.0    ms
success		1       247     3       50      3       0       152576.62 55      390.0    ms
success		1       248     3       47      3       0       151529.56 54      390.0    ms
success		1       249     5       41      5       0       150376.53 53      390.0    ms
success		1       250     12      6       12      0       145850.55 52      390.0    ms
success		1       251     4       46      4       0       142644.53 51      390.0    ms
success		1       252     10      7       10      0       139463.70 50      406.0    ms
success		1       253     4       28      4       0       137539.52 49      406.0    ms
success		1       254     5       45      5       0       136933.80 48      406.0    ms
success		1       255     3       44      3       0       134536.42 47      406.0    ms
success		1       256     6       41      6       0       131747.10 46      406.0    ms
success		1       257     5       38      5       0       130589.93 45      406.0    ms
success		1       258     5       15      5       0       129498.05 44      406.0    ms
success		1       259     8       27      8       0       127540.15 43      406.0    ms
success		1       260     10      28      10      0       124906.60 42      422.0    ms
success		1       261     5       36      5       0       123040.71 41      422.0    ms
success		1       262     6       5       6       0       119715.76 40      422.0    ms
success		1       263     11      6       11      0       118981.82 39      422.0    ms
success		1       264     14      7       14      0       115056.72 38      422.0    ms
success		1       265     4       1       4       0       114798.96 37      422.0    ms
success		1       266     18      4       18      0       113456.74 36      437.0    ms
success		1       267     8       3       8       0       113281.96 35      437.0    ms
success		1       268     5       3       5       0       112207.29 34      437.0    ms
success		1       269     5       24      5       0       110177.96 33      437.0    ms
success		1       270     5       20      5       0       108237.21 32      437.0    ms
success		1       271     5       20      5       0       104906.11 31      437.0    ms
success		1       272     10      7       10      0       102903.70 30      453.0    ms
success		1       273     7       20      7       0       100103.62 29      453.0    ms
success		1       274     14      10      14      0       98799.03  28      453.0    ms
success		1       275     7       23      7       0       97572.11  27      453.0    ms
success		1       276     12      18      12      0       95493.20  26      453.0    ms
success		1       277     7       8       7       0       92079.75  25      453.0    ms
success		1       278     14      13      14      0       90441.15  24      468.0    ms
success		1       279     10      1       9       0       91204.98  23      484.0    ms
success		1       280     11      12      11      0       85684.51  22      484.0    ms
success		1       281     14      9       14      0       80870.58  21      484.0    ms
success		1       282     8       5       8       0       78053.02  20      484.0    ms
success		1       283     21      7       21      0       76490.66  19      500.0    ms
success		1       284     20      10      20      0       72383.61  18      500.0    ms
success		1       285     21      8       19      0       69516.53  17      578.0    ms
success		1       286     19      13      19      0       66896.24  16      578.0    ms
success		1       287     27      8       23      0       62922.33  15      656.0    ms
success		1       288     20      4       19      0       58048.86  14      718.0    ms
success		1       289     26      2       19      0       55521.50  13      1077.0   ms
success		1       290     26      12      22      0       50489.93  12      1186.0   ms
success		1       291     35      8       21      0       45811.94  11      2371.0   ms
success		1       292     65      8       29      0       41389.10  10      6615.0   ms
success		1       293     121     1       30      0       36738.37  9       19422.0  ms
success		1       294     934     1       36      0       31817.51  8       210315.0 ms
success		1       295     6067    4       33      0       27568.78  7       2049364.0 ms
success		1       0       1       269     1       0       320315.85 302     8298652.0 ms
success		1       1       1       80      1       0       320034.63 301     8298652.0 ms
success		1       2       1       22      1       0       319681.16 300     8298652.0 ms
success		1       3       1       182     1       0       319401.28 299     8298652.0 ms
success		1       4       1       20      1       0       318995.57 298     8298652.0 ms
success		1       5       1       232     1       0       318625.35 297     8298652.0 ms
success		1       6       1       188     1       0       318256.75 296     8298652.0 ms
success		1       7       1       11      1       0       318000.47 295     8298652.0 ms
success		1       8       1       159     1       0       317353.40 294     8298652.0 ms
success		1       9       1       133     1       0       317014.82 293     8298652.0 ms
success		1       10      1       113     1       0       316300.37 292     8298652.0 ms
success		1       11      1       143     1       0       315896.17 291     8298652.0 ms
success		1       12      1       261     1       0       315389.42 290     8298652.0 ms
success		1       13      1       272     1       0       314791.90 289     8298652.0 ms
success		1       14      1       264     1       0       314525.13 288     8298652.0 ms
success		1       15      1       254     1       0       314048.37 287     8298652.0 ms
success		1       16      1       235     1       0       313710.66 286     8298652.0 ms
success		1       17      1       128     1       0       313374.74 285     8298652.0 ms
success		1       18      1       136     1       0       310994.30 284     8298652.0 ms
success		1       19      2       1       2       0       310761.92 283     8298652.0 ms
success		1       20      2       31      2       0       309434.04 282     8298652.0 ms
success		1       21      1       172     1       0       309179.63 281     8298652.0 ms
success		1       22      1       9       1       0       308964.31 280     8298652.0 ms
success		1       23      1       18      1       0       308698.69 279     8298652.0 ms
success		1       24      1       92      1       0       308255.80 278     8298652.0 ms
success		1       25      1       45      1       0       305051.79 277     8298652.0 ms
success		1       26      1       169     1       0       304778.46 276     8298652.0 ms
success		1       27      1       157     1       0       304543.18 275     8298667.0 ms
success		1       28      2       85      2       0       304129.02 274     8298667.0 ms
success		1       29      1       130     1       0       303921.81 273     8298667.0 ms
success		1       30      1       242     1       0       303485.40 272     8298667.0 ms
success		1       31      1       218     1       0       302806.63 271     8298667.0 ms
success		1       32      1       270     1       0       302461.28 270     8298667.0 ms
success		1       33      1       178     1       0       302224.07 269     8298667.0 ms
success		1       34      1       203     1       0       301938.36 268     8298667.0 ms
success		1       35      1       69      1       0       301410.58 267     8298667.0 ms
success		1       36      2       52      2       0       301095.43 266     8298667.0 ms
success		1       37      1       191     1       0       300619.41 265     8298667.0 ms
success		1       38      1       32      1       0       300417.54 264     8298667.0 ms
success		1       39      1       43      1       0       299694.50 263     8298667.0 ms
success		1       40      1       198     1       0       298959.63 262     8298667.0 ms
success		1       41      1       216     1       0       298508.90 261     8298667.0 ms
success		1       42      1       114     1       0       298190.97 260     8298667.0 ms
success		1       43      1       225     1       0       297930.05 259     8298667.0 ms
success		1       44      1       16      1       0       297452.19 258     8298667.0 ms
success		1       45      1       48      1       0       297433.01 257     8298667.0 ms
success		1       46      2       35      2       0       295749.30 256     8298667.0 ms
success		1       47      1       52      1       0       295351.98 255     8298667.0 ms
success		1       48      1       242     1       0       295011.98 254     8298667.0 ms
success		1       49      1       34      1       0       294618.33 253     8298667.0 ms
success		1       50      2       252     2       0       293313.68 252     8298667.0 ms
success		1       51      2       191     2       0       293582.01 251     8298667.0 ms
success		1       52      1       195     1       0       293016.02 250     8298667.0 ms
success		1       53      1       247     1       0       292516.27 249     8298667.0 ms
success		1       54      1       200     1       0       292167.23 248     8298667.0 ms
success		1       55      1       28      1       0       291937.38 247     8298667.0 ms
success		1       56      1       169     1       0       292103.55 246     8298667.0 ms
success		1       57      2       198     2       0       291982.61 245     8298683.0 ms
success		1       58      1       237     1       0       291504.86 244     8298683.0 ms
success		1       59      1       169     1       0       291283.42 243     8298683.0 ms
success		1       60      1       165     1       0       290943.57 242     8298683.0 ms
success		1       61      2       213     2       0       290883.02 241     8298683.0 ms
success		1       62      1       36      1       0       290599.40 240     8298683.0 ms
success		1       63      2       139     2       0       289536.89 239     8298683.0 ms
success		1       64      1       146     1       0       289219.48 238     8298683.0 ms
success		1       65      1       128     1       0       288729.39 237     8298683.0 ms
success		1       66      1       177     1       0       288374.03 236     8298683.0 ms
success		1       67      1       214     1       0       287889.74 235     8298683.0 ms
success		1       68      2       55      2       0       287839.96 234     8298683.0 ms
success		1       69      2       113     2       0       286995.56 233     8298683.0 ms
success		1       70      1       23      1       0       286842.47 232     8298683.0 ms
success		1       71      1       82      1       0       285772.21 231     8298683.0 ms
success		1       72      2       153     2       0       285422.15 230     8298683.0 ms
success		1       73      2       184     2       0       285368.53 229     8298683.0 ms
success		1       74      1       31      1       0       284996.35 228     8298683.0 ms
success		1       75      1       223     1       0       284459.08 227     8298683.0 ms
success		1       76      1       125     1       0       284263.31 226     8298683.0 ms
success		1       77      1       24      1       0       283725.56 225     8298683.0 ms
success		1       78      1       11      1       0       283754.81 224     8298683.0 ms
success		1       79      1       77      1       0       283674.10 223     8298683.0 ms
success		1       80      1       205     1       0       283780.64 222     8298683.0 ms
success		1       81      2       131     2       0       283292.30 221     8298683.0 ms
success		1       82      1       202     1       0       282943.05 220     8298683.0 ms
success		1       83      1       90      1       0       282703.77 219     8298683.0 ms
success		1       84      1       198     1       0       282436.70 218     8298683.0 ms
success		1       85      1       29      1       0       282537.07 217     8298683.0 ms
success		1       86      1       171     1       0       279859.96 216     8298683.0 ms
success		1       87      1       189     1       0       279451.25 215     8298683.0 ms
success		1       88      1       147     1       0       279496.55 214     8298698.0 ms
success		1       89      1       44      1       0       279096.27 213     8298698.0 ms
success		1       90      1       44      1       0       278869.17 212     8298698.0 ms
success		1       91      1       63      1       0       276057.70 211     8298698.0 ms
success		1       92      1       45      1       0       275755.91 210     8298698.0 ms
success		1       93      1       155     1       0       274141.79 209     8298698.0 ms
success		1       94      1       69      1       0       273878.17 208     8298698.0 ms
success		1       95      1       147     1       0       273904.45 207     8298698.0 ms
success		1       96      3       121     3       0       273553.19 206     8298698.0 ms
success		1       97      1       155     1       0       273243.97 205     8298698.0 ms
success		1       98      1       123     1       0       272990.06 204     8298698.0 ms
success		1       99      1       182     1       0       272770.81 203     8298698.0 ms
success		1       100     3       12      3       0       272639.23 202     8298698.0 ms
success		1       101     2       10      2       0       271517.98 201     8298698.0 ms
success		1       102     2       153     2       0       271442.87 200     8298698.0 ms
success		1       103     3       186     3       0       271667.19 199     8298698.0 ms
success		1       104     1       162     1       0       271417.91 198     8298698.0 ms
success		1       105     3       120     3       0       270585.12 197     8298698.0 ms
success		1       106     2       16      2       0       270566.26 196     8298698.0 ms
success		1       107     2       115     2       0       270615.63 195     8298698.0 ms
success		1       108     2       11      2       0       270370.59 194     8298698.0 ms
success		1       109     1       154     1       0       269134.81 193     8298698.0 ms
success		1       110     1       69      1       0       268615.82 192     8298698.0 ms
success		1       111     2       150     2       0       268184.55 191     8298698.0 ms
success		1       112     1       107     1       0       267758.82 190     8298698.0 ms
success		1       113     1       41      1       0       267159.94 189     8298698.0 ms
success		1       114     1       63      1       0       267102.58 188     8298698.0 ms
success		1       115     1       150     1       0       266236.97 187     8298698.0 ms
success		1       116     1       36      1       0       266093.97 186     8298698.0 ms
success		1       117     1       54      1       0       264145.93 185     8298714.0 ms
success		1       118     3       96      3       0       264144.95 184     8298714.0 ms
success		1       119     2       84      2       0       263803.04 183     8298714.0 ms
success		1       120     2       83      2       0       263423.78 182     8298714.0 ms
success		1       121     5       108     5       0       263007.17 181     8298714.0 ms
success		1       122     1       66      1       0       262491.90 180     8298714.0 ms
success		1       123     1       167     1       0       262055.83 179     8298714.0 ms
success		1       124     2       111     2       0       259631.07 178     8298714.0 ms
success		1       125     3       5       3       0       259047.22 177     8298714.0 ms
success		1       126     1       109     1       0       258329.86 176     8298714.0 ms
success		1       127     1       55      1       0       257963.98 175     8298714.0 ms
success		1       128     4       69      4       0       258535.07 174     8298714.0 ms
success		1       129     2       96      2       0       258836.92 173     8298714.0 ms
success		1       130     1       90      1       0       258803.51 172     8298714.0 ms
success		1       131     1       9       1       0       258171.38 171     8298714.0 ms
success		1       132     3       132     3       0       257496.93 170     8298714.0 ms
success		1       133     4       133     4       0       256745.54 169     8298714.0 ms
success		1       134     3       86      3       0       255566.97 168     8298714.0 ms
success		1       135     1       53      1       0       255105.42 167     8298714.0 ms
success		1       136     2       14      2       0       254776.33 166     8298714.0 ms
success		1       137     1       119     1       0       251611.95 165     8298714.0 ms
success		1       138     2       154     2       0       250748.79 164     8298714.0 ms
success		1       139     7       60      7       0       249918.20 163     8298730.0 ms
success		1       140     3       140     3       0       249318.48 162     8298730.0 ms
success		1       141     1       71      1       0       249388.23 161     8298730.0 ms
success		1       142     3       117     3       0       249404.67 160     8298730.0 ms
success		1       143     1       155     1       0       248990.90 159     8298730.0 ms
success		1       144     2       48      2       0       249263.73 158     8298730.0 ms
success		1       145     1       147     1       0       249233.37 157     8298730.0 ms
success		1       146     1       132     1       0       248887.75 156     8298730.0 ms
success		1       147     1       72      1       0       248635.90 155     8298730.0 ms
success		1       148     5       125     5       0       247852.43 154     8298730.0 ms
success		1       149     2       95      2       0       245721.75 153     8298730.0 ms
success		1       150     1       84      1       0       245723.76 152     8298730.0 ms
success		1       151     2       79      2       0       245296.86 151     8298730.0 ms
success		1       152     3       48      3       0       246703.74 150     8298730.0 ms
success		1       153     1       114     1       0       245674.17 149     8298730.0 ms
success		1       154     1       61      1       0       245468.82 148     8298730.0 ms
success		1       155     1       5       1       0       245594.67 147     8298730.0 ms
success		1       156     1       26      1       0       245558.86 146     8298730.0 ms
success		1       157     5       67      5       0       243183.44 145     8298730.0 ms
success		1       158     1       140     1       0       242532.54 144     8298730.0 ms
success		1       159     1       18      1       0       242310.33 143     8298730.0 ms
success		1       160     1       141     1       0       242308.81 142     8298730.0 ms
success		1       161     1       136     1       0       241789.91 141     8298730.0 ms
success		1       162     1       131     1       0       238816.56 140     8298745.0 ms
success		1       163     2       33      2       0       235815.12 139     8298745.0 ms
success		1       164     1       45      1       0       234715.23 138     8298745.0 ms
success		1       165     2       84      2       0       234089.86 137     8298745.0 ms
success		1       166     1       123     1       0       233734.62 136     8298745.0 ms
success		1       167     1       131     1       0       233450.54 135     8298745.0 ms
success		1       168     2       33      2       0       233568.23 134     8298745.0 ms
success		1       169     4       77      4       0       233611.30 133     8298745.0 ms
success		1       170     1       16      1       0       233349.36 132     8298745.0 ms
success		1       171     1       116     1       0       230288.95 131     8298745.0 ms
success		1       172     2       72      2       0       230134.68 130     8298745.0 ms
success		1       173     4       61      4       0       230059.29 129     8298745.0 ms
success		1       174     3       111     3       0       228240.74 128     8298745.0 ms
success		1       175     4       83      4       0       226738.02 127     8298745.0 ms
success		1       176     2       87      2       0       224491.06 126     8298745.0 ms
success		1       177     1       25      1       0       223650.89 125     8298745.0 ms
success		1       178     2       89      2       0       224127.22 124     8298745.0 ms
success		1       179     3       22      3       0       221953.08 123     8298745.0 ms
success		1       180     2       103     2       0       220078.84 122     8298745.0 ms
success		1       181     7       3       7       0       218947.17 121     8298745.0 ms
success		1       182     1       46      1       0       216733.86 120     8298761.0 ms
success		1       183     6       7       6       0       214052.55 119     8298761.0 ms
success		1       184     1       80      1       0       211117.27 118     8298761.0 ms
success		1       185     2       49      2       0       210853.66 117     8298761.0 ms
success		1       186     2       5       2       0       211562.32 116     8298761.0 ms
success		1       187     4       43      4       0       211249.71 115     8298761.0 ms
success		1       188     2       51      2       0       209867.09 114     8298761.0 ms
success		1       189     2       31      2       0       209974.47 113     8298761.0 ms
success		1       190     1       84      1       0       208112.75 112     8298761.0 ms
success		1       191     2       88      2       0       207822.72 111     8298761.0 ms
success		1       192     1       100     1       0       205237.00 110     8298761.0 ms
success		1       193     2       104     2       0       205084.23 109     8298761.0 ms
success		1       194     2       42      2       0       204731.26 108     8298761.0 ms
success		1       195     2       1       2       0       204647.50 107     8298761.0 ms
success		1       196     2       71      2       0       204808.40 106     8298761.0 ms
success		1       197     1       35      1       0       200798.49 105     8298761.0 ms
success		1       198     5       47      5       0       199988.83 104     8298761.0 ms
success		1       199     7       17      7       0       196420.23 103     8298761.0 ms
success		1       200     1       61      1       0       196133.34 102     8298761.0 ms
success		1       201     2       86      2       0       195259.39 101     8298761.0 ms
success		1       202     2       70      2       0       194255.20 100     8298761.0 ms
success		1       203     5       68      5       0       195913.67 99      8298776.0 ms
success		1       204     7       19      7       0       196255.72 98      8298776.0 ms
success		1       205     1       16      1       0       195803.68 97      8298776.0 ms
success		1       206     4       82      4       0       194557.65 96      8298776.0 ms
success		1       207     2       18      2       0       192992.07 95      8298776.0 ms
success		1       208     6       89      6       0       193256.64 94      8298776.0 ms
success		1       209     4       72      4       0       193322.91 93      8298776.0 ms
success		1       210     3       64      3       0       192823.67 92      8298776.0 ms
success		1       211     5       89      5       0       191049.17 91      8298776.0 ms
success		1       212     2       80      2       0       190750.54 90      8298776.0 ms
success		1       213     3       40      3       0       190067.58 89      8298776.0 ms
success		1       214     3       62      3       0       190050.30 88      8298776.0 ms
success		1       215     6       65      6       0       186276.69 87      8298776.0 ms
success		1       216     4       45      4       0       185524.85 86      8298792.0 ms
success		1       217     5       61      5       0       183010.89 85      8298792.0 ms
success		1       218     2       43      2       0       181156.57 84      8298792.0 ms
success		1       219     5       69      5       0       178651.70 83      8298792.0 ms
success		1       220     1       22      1       0       178406.78 82      8298792.0 ms
success		1       221     3       47      3       0       176952.42 81      8298792.0 ms
success		1       222     3       62      3       0       173878.29 80      8298792.0 ms
success		1       223     2       71      2       0       173875.19 79      8298792.0 ms
success		1       224     1       32      1       0       170250.29 78      8298792.0 ms
success		1       225     4       30      4       0       169529.20 77      8298792.0 ms
success		1       226     2       48      2       0       166984.76 76      8298792.0 ms
success		1       227     3       52      3       0       167047.06 75      8298792.0 ms
success		1       228     11      15      11      0       166708.38 74      8298792.0 ms
success		1       229     5       64      5       0       166341.37 73      8298792.0 ms
success		1       230     6       49      6       0       164878.64 72      8298808.0 ms
success		1       231     11      67      11      0       161524.33 71      8298808.0 ms
success		1       232     6       15      6       0       160666.68 70      8298808.0 ms
success		1       233     3       43      3       0       159772.78 69      8298808.0 ms
success		1       234     4       51      4       0       158180.92 68      8298808.0 ms
success		1       235     1       31      1       0       156060.53 67      8298808.0 ms
success		1       236     2       59      2       0       156043.74 66      8298808.0 ms
success		1       237     7       55      7       0       154383.91 65      8298808.0 ms
success		1       238     5       31      5       0       153385.28 64      8298808.0 ms
success		1       239     3       38      3       0       150631.38 63      8298808.0 ms
success		1       240     2       45      2       0       148820.16 62      8298808.0 ms
success		1       241     10      42      10      0       150489.69 61      8298808.0 ms
success		1       242     2       55      2       0       148163.94 60      8298808.0 ms
success		1       243     6       33      6       0       146862.89 59      8298823.0 ms
success		1       244     9       27      9       0       146083.76 58      8298823.0 ms
success		1       245     5       48      5       0       144769.52 57      8298823.0 ms
success		1       246     8       42      8       0       144913.15 56      8298823.0 ms
success		1       247     10      10      10      0       145034.95 55      8298823.0 ms
success		1       248     8       13      8       0       143553.76 54      8298823.0 ms
success		1       249     4       24      4       0       143979.99 53      8298823.0 ms
success		1       250     4       39      4       0       143439.59 52      8298823.0 ms
success		1       251     6       13      6       0       141929.46 51      8298839.0 ms
success		1       252     8       9       8       0       139882.83 50      8298839.0 ms
success		1       253     5       4       5       0       138002.62 49      8298839.0 ms
success		1       254     8       24      8       0       133516.30 48      8298839.0 ms
success		1       255     9       30      9       0       132136.17 47      8298839.0 ms
success		1       256     7       5       7       0       130148.58 46      8298839.0 ms
success		1       257     4       25      4       0       128859.16 45      8298839.0 ms
success		1       258     5       13      5       0       127452.67 44      8298839.0 ms
success		1       259     5       41      5       0       125573.94 43      8298839.0 ms
success		1       260     5       32      5       0       124387.20 42      8298854.0 ms
success		1       261     8       30      8       0       121128.28 41      8298854.0 ms
success		1       262     7       6       7       0       121357.44 40      8298854.0 ms
success		1       263     5       10      5       0       118628.91 39      8298854.0 ms
success		1       264     5       10      5       0       118116.24 38      8298854.0 ms
success		1       265     7       11      7       0       117078.67 37      8298854.0 ms
success		1       266     8       21      8       0       115547.62 36      8298854.0 ms
success		1       267     14      29      14      0       114714.74 35      8298854.0 ms
success		1       268     7       14      7       0       111742.12 34      8298854.0 ms
success		1       269     7       7       7       0       108963.52 33      8298870.0 ms
success		1       270     18      1       18      0       109203.03 32      8298870.0 ms
success		1       271     15      9       15      0       105860.46 31      8298870.0 ms
success		1       272     6       11      6       0       105119.64 30      8298870.0 ms
success		1       273     10      21      10      0       102344.83 29      8298870.0 ms
success		1       274     7       0       7       0       98684.22  28      8298870.0 ms
success		1       275     6       11      6       0       95085.77  27      8298870.0 ms
success		1       276     8       9       8       0       93060.50  26      8298870.0 ms
success		1       277     9       21      9       0       90048.27  25      8298870.0 ms
success		1       278     9       16      9       0       88954.91  24      8298886.0 ms
success		1       279     10      1       10      0       85459.86  23      8298886.0 ms
success		1       280     11      7       11      0       82172.94  22      8298886.0 ms
success		1       281     11      18      10      0       84404.05  21      8298901.0 ms
success		1       282     12      6       12      0       80296.86  20      8298901.0 ms
success		1       283     17      19      17      0       76024.95  19      8298901.0 ms
success		1       284     12      4       12      0       73837.32  18      8298901.0 ms
success		1       285     18      9       16      0       70874.12  17      8298932.0 ms
success		1       286     19      11      19      0       65530.49  16      8298932.0 ms
success		1       287     20      5       19      0       62401.81  15      8298979.0 ms
success		1       288     24      14      22      0       58927.68  14      8299026.0 ms
success		1       289     25      13      20      0       55371.46  13      8299244.0 ms
success		1       290     36      5       25      0       50739.27  12      8300024.0 ms
success		1       291     47      1       26      0       45970.21  11      8302645.0 ms
success		1       292     80      1       26      0       41707.40  10      8311741.0 ms
success		1       293     484     0       28      0       36894.20  9       8427265.0 ms
success		1       294     614     6       35      0       32124.87  8       8645060.0 ms
cross iterater0

R.size:7

1		424	275	192	270	251	495	157	527	503	336	71	343	457	334	165	295	220	215	369	530	123	196	84	403	554	581	344	36	45	353	525	27	409	592	205	514	545	374	517	360	331	454	599	259	64	431	312	278	97	77	26	20	422	153	234	572	505	73	145	292	588	51	573	65	159	240	78	359	395	194	208	93	528	341	48	252	445	216	12	37	563	89	226	451	
2		166	564	238	301	416	41	239	163	29	455	571	520	16	265	452	149	325	129	287	513	387	508	533	155	555	420	583	222	372	497	314	120	347	136	298	512	496	207	443	210	179	577	22	128	113	231	217	433	218	391	522	286	542	377	602	186	467	223	567	154	349	346	437	340	327	181	261	244	246	417	72	326	268	565	519	76	100	506	388	182	277	280	518	586	415	175	255	3	489	25	102	389	114	605	
3		66	285	596	421	439	337	90	459	86	350	338	2	396	13	44	357	83	130	14	79	262	57	106	569	87	585	313	253	110	378	566	131	427	300	315	376	442	60	98	143	290	213	468	446	472	43	176	141	440	368	144	276	384	191	546	361	94	195	385	24	335	50	328	582	164	428	449	88	412	148	458	248	158	386	242	6	413	139	501	58	193	211	488	151	288	453	
4		532	111	460	470	169	187	162	544	401	305	345	498	606	483	321	309	260	227	461	539	294	214	373	219	56	509	243	132	342	487	201	116	383	99	204	269	108	54	393	142	202	31	423	62	450	411	47	435	418	137	135	7	414	494	225	484	172	28	289	174	475	232	304	70	4	574	556	267	404	568	310	595	552	34	576	499	233	271	
5		80	291	281	370	46	550	146	603	249	138	477	236	332	535	122	352	318	107	30	534	558	560	408	432	523	589	529	198	206	279	237	171	476	272	230	562	394	121	410	32	200	366	53	362	299	101	402	478	548	152	500	504	490	5	10	537	105	82	485	320	380	406	392	469	112	553	580	473	425	430	17	399	284	493	526	125	160	127	250	578	486	480	
6		23	49	590	118	482	591	229	543	197	319	365	224	140	339	491	59	75	303	575	189	63	551	124	474	462	39	317	91	521	329	273	150	466	103	293	188	382	516	266	429	593	426	69	245	463	203	531	256	180	536	247	559	540	190	235	42	254	379	323	147	604	119	547	465	358	177	557	11	52	441	95	367	283	570	156	117	85	447	282	579	68	363	74	67	348	594	264	92	436	209	
7		61	115	601	438	221	306	126	15	185	296	96	398	297	397	390	492	9	587	40	333	549	515	133	400	354	316	444	274	481	355	448	405	322	375	510	600	356	561	183	479	351	19	161	55	371	407	173	538	471	178	134	168	302	502	464	109	38	81	541	307	308	434	228	598	21	18	184	258	311	170	104	167	330	199	507	597	257	381	524	263	511	35	241	419	212	1	456	33	584	8	324	364	

data1/pdp600/LR2_6_8.txt
total_cost 27321.645499

