success		1       0       1       77      1       0       22079.54  104     16.0     ms
success		1       1       1       6       1       0       22082.85  103     16.0     ms
success		1       2       1       87      1       0       22063.27  102     16.0     ms
success		1       3       1       15      1       0       21862.46  101     16.0     ms
success		1       4       1       44      1       0       21885.30  100     16.0     ms
success		1       5       1       38      1       0       21650.59  99      16.0     ms
success		1       6       1       31      1       0       21558.74  98      16.0     ms
success		1       7       2       78      2       0       21653.00  97      16.0     ms
success		1       8       1       80      1       0       21648.58  96      16.0     ms
success		1       9       1       47      1       0       21618.87  95      16.0     ms
success		1       10      1       70      1       0       21563.76  94      31.0     ms
success		1       11      1       18      1       0       21686.03  93      31.0     ms
success		1       12      1       68      1       0       21672.75  92      31.0     ms
success		1       13      1       13      1       0       21289.52  91      31.0     ms
success		1       14      4       10      4       0       21157.77  90      31.0     ms
success		1       15      1       28      1       0       21043.61  89      31.0     ms
success		1       16      1       66      1       0       20955.78  88      31.0     ms
success		1       17      1       76      1       0       20939.31  87      31.0     ms
success		1       18      1       72      1       0       20673.93  86      47.0     ms
success		1       19      2       53      2       0       20647.18  85      47.0     ms
success		1       20      1       67      1       0       20430.94  84      47.0     ms
success		1       21      1       10      1       0       20386.13  83      47.0     ms
success		1       22      1       28      1       0       20476.75  82      47.0     ms
success		1       23      1       70      1       0       20487.09  81      47.0     ms
success		1       24      1       26      1       0       20480.60  80      47.0     ms
success		1       25      1       31      1       0       20504.74  79      47.0     ms
success		1       26      1       26      1       0       20449.49  78      47.0     ms
success		1       27      1       48      1       0       20388.19  77      47.0     ms
success		1       28      1       1       1       0       20440.53  76      47.0     ms
success		1       29      1       14      1       0       20509.25  75      47.0     ms
success		1       30      2       15      2       0       20427.47  74      47.0     ms
success		1       31      1       17      1       0       20235.74  73      47.0     ms
success		1       32      1       48      1       0       20023.63  72      47.0     ms
success		1       33      1       52      1       0       20004.91  71      47.0     ms
success		1       34      1       69      1       0       19971.83  70      47.0     ms
success		1       35      1       46      1       0       19907.94  69      47.0     ms
success		1       36      1       8       1       0       19671.68  68      47.0     ms
success		1       37      2       45      2       0       19570.08  67      47.0     ms
success		1       38      1       7       1       0       19639.15  66      47.0     ms
success		1       39      2       13      2       0       19418.80  65      47.0     ms
success		1       40      1       38      1       0       19196.30  64      47.0     ms
success		1       41      2       58      2       0       18873.33  63      47.0     ms
success		1       42      1       34      1       0       18819.86  62      47.0     ms
success		1       43      2       59      2       0       18626.15  61      47.0     ms
success		1       44      1       40      1       0       18393.75  60      47.0     ms
success		1       45      1       25      1       0       18067.95  59      47.0     ms
success		1       46      1       11      1       0       18122.48  58      47.0     ms
success		1       47      2       37      2       0       18066.48  57      47.0     ms
success		1       48      1       38      1       0       17906.72  56      47.0     ms
success		1       49      2       24      2       0       17687.23  55      47.0     ms
success		1       50      2       33      2       0       17536.31  54      47.0     ms
success		1       51      2       20      2       0       17272.68  53      47.0     ms
success		1       52      3       16      3       0       17334.21  52      47.0     ms
success		1       53      3       36      3       0       17088.91  51      47.0     ms
success		1       54      2       4       2       0       16752.89  50      47.0     ms
success		1       55      2       42      2       0       16551.40  49      47.0     ms
success		1       56      4       5       4       0       16212.97  48      47.0     ms
success		1       57      2       18      2       0       15918.85  47      47.0     ms
success		1       58      2       19      2       0       15621.01  46      47.0     ms
success		1       59      3       21      3       0       15170.47  45      47.0     ms
success		1       60      3       10      3       0       14973.83  44      47.0     ms
success		1       61      2       3       2       0       14460.35  43      47.0     ms
success		1       62      2       15      2       0       14192.14  42      47.0     ms
success		1       63      3       19      3       0       13887.31  41      47.0     ms
success		1       64      2       36      2       0       13985.09  40      47.0     ms
success		1       65      2       37      2       0       14012.59  39      47.0     ms
success		1       66      3       27      3       0       13875.44  38      47.0     ms
success		1       67      3       16      3       0       13631.82  37      47.0     ms
success		1       68      5       35      4       0       15325.27  35      47.0     ms
success		1       69      4       32      2       0       14533.45  34      47.0     ms
success		1       70      2       11      2       0       14051.21  33      47.0     ms
success		1       71      7       32      3       0       14375.59  32      47.0     ms
success		1       72      3       25      3       0       13917.63  31      47.0     ms
success		1       73      4       20      4       0       13096.62  30      47.0     ms
success		1       74      11      25      5       0       13322.99  29      63.0     ms
success		1       75      27      23      4       0       12502.68  27      78.0     ms
success		1       76      8       0       3       0       11976.99  26      78.0     ms
success		1       77      7       4       4       0       11212.00  25      94.0     ms
success		1       78      28      3       5       0       11053.66  24      125.0    ms
success		1       79      21      14      3       0       10356.61  23      141.0    ms
success		1       80      38      16      5       0       10388.25  22      172.0    ms
success		1       81      373     13      5       0       9565.38   21      687.0    ms
success		1       0       1       88      1       0       35590.26  104     1607.0   ms
success		1       1       1       12      1       0       35247.68  103     1607.0   ms
success		1       2       1       55      1       0       34943.61  102     1607.0   ms
success		1       3       1       31      1       0       34488.00  101     1607.0   ms
success		1       4       1       100     1       0       33813.39  100     1607.0   ms
success		1       5       1       18      1       0       33634.81  99      1607.0   ms
success		1       6       1       81      1       0       33432.18  98      1607.0   ms
success		1       7       1       52      1       0       33248.82  97      1607.0   ms
success		1       8       2       46      2       0       33087.64  96      1607.0   ms
success		1       9       1       46      1       0       32788.90  95      1607.0   ms
success		1       10      1       67      1       0       32441.53  94      1607.0   ms
success		1       11      1       39      1       0       32084.93  93      1607.0   ms
success		1       12      1       7       1       0       31721.07  92      1607.0   ms
success		1       13      1       44      1       0       31311.33  91      1607.0   ms
success		1       14      2       18      2       0       30907.51  90      1607.0   ms
success		1       15      1       83      1       0       30597.17  89      1607.0   ms
success		1       16      1       30      1       0       30203.83  88      1607.0   ms
success		1       17      1       83      1       0       29886.25  87      1607.0   ms
success		1       18      1       58      1       0       29466.46  86      1607.0   ms
success		1       19      2       48      2       0       29366.06  85      1607.0   ms
success		1       20      2       68      2       0       29135.78  84      1607.0   ms
success		1       21      1       34      1       0       28903.32  83      1607.0   ms
success		1       22      3       50      3       0       28722.67  82      1607.0   ms
success		1       23      1       30      1       0       28303.89  81      1607.0   ms
success		1       24      2       69      2       0       28058.19  80      1607.0   ms
success		1       25      1       66      1       0       27820.88  79      1607.0   ms
success		1       26      1       31      1       0       27522.74  78      1607.0   ms
success		1       27      1       16      1       0       27349.59  77      1607.0   ms
success		1       28      1       70      1       0       27284.69  76      1607.0   ms
success		1       29      2       60      2       0       27129.70  75      1607.0   ms
success		1       30      1       24      1       0       26732.42  74      1607.0   ms
success		1       31      1       68      1       0       26265.40  73      1607.0   ms
success		1       32      2       8       2       0       25674.60  72      1607.0   ms
success		1       33      2       56      2       0       25703.43  71      1607.0   ms
success		1       34      2       54      2       0       25222.29  70      1607.0   ms
success		1       35      1       45      1       0       25097.78  69      1607.0   ms
success		1       36      1       32      1       0       24885.48  68      1607.0   ms
success		1       37      3       41      3       0       24658.95  67      1607.0   ms
success		1       38      3       15      3       0       24254.57  66      1607.0   ms
success		1       39      2       48      2       0       23899.58  65      1607.0   ms
success		1       40      4       13      4       0       23655.15  64      1607.0   ms
success		1       41      2       42      2       0       23221.75  63      1607.0   ms
success		1       42      2       16      2       0       22893.38  62      1607.0   ms
success		1       43      1       54      1       0       22600.82  61      1607.0   ms
success		1       44      2       15      2       0       22068.54  60      1607.0   ms
success		1       45      2       45      2       0       21794.68  59      1607.0   ms
success		1       46      2       58      2       0       21556.17  58      1607.0   ms
success		1       47      1       26      1       0       21363.66  57      1607.0   ms
success		1       48      2       21      2       0       21226.09  56      1607.0   ms
success		1       49      2       21      2       0       20837.49  55      1607.0   ms
success		1       50      1       54      1       0       20287.80  54      1607.0   ms
success		1       51      1       16      1       0       19803.30  53      1607.0   ms
success		1       52      2       44      2       0       19382.69  52      1607.0   ms
success		1       53      1       36      1       0       19031.75  51      1607.0   ms
success		1       54      2       40      2       0       18742.98  50      1607.0   ms
success		1       55      3       8       3       0       18508.50  49      1607.0   ms
success		1       56      2       38      2       0       18164.70  48      1607.0   ms
success		1       57      3       24      3       0       17881.32  47      1607.0   ms
success		1       58      3       1       3       0       17398.35  46      1607.0   ms
success		1       59      2       3       2       0       16969.17  45      1607.0   ms
success		1       60      2       16      2       0       16723.79  44      1607.0   ms
success		1       61      2       17      2       0       16351.61  43      1623.0   ms
success		1       62      2       16      2       0       16089.16  42      1623.0   ms
success		1       63      2       24      2       0       15906.10  41      1623.0   ms
success		1       64      2       15      2       0       15839.86  40      1623.0   ms
success		1       65      2       3       2       0       15464.40  39      1623.0   ms
success		1       66      3       37      2       0       16040.11  38      1623.0   ms
success		1       67      5       10      3       0       15268.63  36      1623.0   ms
success		1       68      2       31      2       0       14605.54  35      1623.0   ms
success		1       69      2       3       2       0       14237.90  34      1623.0   ms
success		1       70      3       5       3       0       13734.30  33      1623.0   ms
success		1       71      4       4       4       0       13327.02  32      1623.0   ms
success		1       72      3       18      3       0       12798.66  31      1623.0   ms
success		1       73      11      11      3       0       13055.87  30      1623.0   ms
success		1       74      3       18      3       0       12572.41  29      1623.0   ms
success		1       75      22      9       3       0       12780.48  28      1638.0   ms
success		1       76      3       6       3       0       12001.41  27      1638.0   ms
success		1       77      7       23      4       0       11955.75  26      1638.0   ms
success		1       78      32      10      6       0       11886.93  25      1654.0   ms
success		1       79      3       0       3       0       11054.09  24      1654.0   ms
success		1       80      29      5       6       0       10683.11  23      1685.0   ms
success		1       81      109     7       4       0       10426.33  22      1841.0   ms
success		1       82      306     13      6       0       9570.42   21      2371.0   ms
success		1       0       1       85      1       0       35504.78  104     3323.0   ms
success		1       1       1       51      1       0       35088.84  103     3323.0   ms
success		1       2       1       19      1       0       34605.33  102     3323.0   ms
success		1       3       1       8       1       0       34266.77  101     3323.0   ms
success		1       4       1       50      1       0       33930.88  100     3323.0   ms
success		1       5       1       86      1       0       33536.00  99      3323.0   ms
success		1       6       1       14      1       0       33292.75  98      3323.0   ms
success		1       7       1       36      1       0       33085.42  97      3323.0   ms
success		1       8       1       42      1       0       32684.00  96      3323.0   ms
success		1       9       1       69      1       0       32487.20  95      3323.0   ms
success		1       10      1       14      1       0       31995.91  94      3323.0   ms
success		1       11      1       30      1       0       31623.39  93      3323.0   ms
success		1       12      1       40      1       0       31167.37  92      3323.0   ms
success		1       13      1       46      1       0       30849.65  91      3323.0   ms
success		1       14      1       24      1       0       30622.86  90      3323.0   ms
success		1       15      1       82      1       0       30240.86  89      3323.0   ms
success		1       16      1       86      1       0       30070.36  88      3323.0   ms
success		1       17      1       14      1       0       29744.01  87      3323.0   ms
success		1       18      1       46      1       0       29572.02  86      3323.0   ms
success		1       19      1       40      1       0       29094.79  85      3323.0   ms
success		1       20      1       73      1       0       28835.06  84      3323.0   ms
success		1       21      2       47      2       0       28381.34  83      3323.0   ms
success		1       22      1       44      1       0       28080.30  82      3323.0   ms
success		1       23      2       16      2       0       27608.89  81      3339.0   ms
success		1       24      2       50      2       0       27367.85  80      3339.0   ms
success		1       25      1       17      1       0       27000.04  79      3339.0   ms
success		1       26      1       32      1       0       26925.52  78      3339.0   ms
success		1       27      1       39      1       0       26871.56  77      3339.0   ms
success		1       28      1       39      1       0       26409.81  76      3339.0   ms
success		1       29      1       11      1       0       26234.12  75      3339.0   ms
success		1       30      1       6       1       0       26008.14  74      3339.0   ms
success		1       31      2       10      2       0       25781.71  73      3339.0   ms
success		1       32      3       35      3       0       24899.70  72      3339.0   ms
success		1       33      2       12      2       0       24417.49  71      3339.0   ms
success		1       34      1       3       1       0       23846.60  70      3339.0   ms
success		1       35      1       43      1       0       23402.41  69      3339.0   ms
success		1       36      2       9       2       0       22998.62  68      3339.0   ms
success		1       37      2       60      2       0       23063.24  67      3339.0   ms
success		1       38      2       37      2       0       22810.10  66      3339.0   ms
success		1       39      2       50      2       0       22683.22  65      3339.0   ms
success		1       40      2       63      2       0       22456.89  64      3339.0   ms
success		1       41      1       4       1       0       21976.51  63      3339.0   ms
success		1       42      2       6       2       0       21908.86  62      3339.0   ms
success		1       43      2       41      2       0       21780.04  61      3339.0   ms
success		1       44      1       46      1       0       21442.56  60      3339.0   ms
success		1       45      1       23      1       0       20918.13  59      3339.0   ms
success		1       46      2       30      2       0       20394.55  58      3339.0   ms
success		1       47      2       41      2       0       20046.17  57      3339.0   ms
success		1       48      2       14      2       0       19790.23  56      3339.0   ms
success		1       49      3       45      3       0       19762.27  55      3339.0   ms
success		1       50      2       7       2       0       19632.84  54      3339.0   ms
success		1       51      3       17      3       0       19109.99  53      3339.0   ms
success		1       52      2       0       2       0       19012.98  52      3339.0   ms
success		1       53      2       20      2       0       18638.01  51      3339.0   ms
success		1       54      1       3       1       0       18247.38  50      3339.0   ms
success		1       55      3       45      2       0       18446.08  44      3339.0   ms
success		1       56      2       7       2       0       17973.79  43      3339.0   ms
success		1       57      2       24      2       0       17578.69  42      3339.0   ms
success		1       58      3       14      3       0       17299.07  41      3339.0   ms
success		1       59      1       37      1       0       16765.34  40      3339.0   ms
success		1       60      2       10      2       0       16487.77  39      3339.0   ms
success		1       61      1       19      1       0       16142.44  38      3339.0   ms
success		1       62      3       37      3       0       15510.12  37      3339.0   ms
success		1       63      2       18      2       0       15076.14  36      3339.0   ms
success		1       64      4       33      4       0       14728.53  35      3339.0   ms
success		1       65      3       8       2       0       14171.48  34      3339.0   ms
success		1       66      6       9       4       0       14781.86  33      3339.0   ms
success		1       67      8       8       5       0       13448.54  30      3339.0   ms
success		1       68      5       19      3       0       13682.87  29      3339.0   ms
success		1       69      12      7       4       0       12411.97  28      3354.0   ms
success		1       70      19      11      3       0       12592.69  27      3354.0   ms
success		1       71      6       22      3       0       11979.52  26      3370.0   ms
success		1       72      34      6       4       0       12117.86  25      3385.0   ms
success		1       73      47      12      5       0       11367.29  24      3463.0   ms
success		1       74      38      5       3       0       11164.48  23      3510.0   ms
success		1       75      96      22      5       0       10205.39  22      3619.0   ms
success		1       0       1       37      1       0       35856.02  104     4477.0   ms
success		1       1       1       11      1       0       35652.66  103     4477.0   ms
success		1       2       1       61      1       0       35244.25  102     4477.0   ms
success		1       3       1       15      1       0       34828.13  101     4477.0   ms
success		1       4       1       66      1       0       34489.65  100     4477.0   ms
success		1       5       1       4       1       0       34136.36  99      4477.0   ms
success		1       6       1       37      1       0       33744.49  98      4477.0   ms
success		1       7       1       87      1       0       33528.00  97      4477.0   ms
success		1       8       1       40      1       0       33335.94  96      4477.0   ms
success		1       9       1       77      1       0       33174.45  95      4477.0   ms
success		1       10      1       92      1       0       32676.51  94      4477.0   ms
success		1       11      1       9       1       0       32326.17  93      4477.0   ms
success		1       12      2       31      2       0       31904.81  92      4477.0   ms
success		1       13      1       48      1       0       31587.08  91      4477.0   ms
success		1       14      1       81      1       0       31406.02  90      4477.0   ms
success		1       15      2       20      2       0       31113.94  89      4477.0   ms
success		1       16      1       52      1       0       30733.64  88      4477.0   ms
success		1       17      1       80      1       0       30284.12  87      4477.0   ms
success		1       18      1       13      1       0       30005.98  86      4477.0   ms
success		1       19      1       39      1       0       29657.22  85      4477.0   ms
success		1       20      2       23      2       0       29364.60  84      4477.0   ms
success		1       21      1       83      1       0       28815.71  83      4477.0   ms
success		1       22      1       81      1       0       28622.34  82      4477.0   ms
success		1       23      1       47      1       0       28350.94  81      4477.0   ms
success		1       24      1       57      1       0       27968.77  80      4477.0   ms
success		1       25      1       55      1       0       27470.74  79      4477.0   ms
success		1       26      2       21      2       0       27072.05  78      4477.0   ms
success		1       27      1       68      1       0       26649.44  77      4477.0   ms
success		1       28      1       44      1       0       26292.59  76      4477.0   ms
success		1       29      1       11      1       0       25869.06  75      4477.0   ms
success		1       30      1       0       1       0       25501.59  74      4477.0   ms
success		1       31      2       53      2       0       25297.65  73      4477.0   ms
success		1       32      1       43      1       0       24741.32  72      4477.0   ms
success		1       33      1       5       1       0       24308.35  71      4477.0   ms
success		1       34      1       68      1       0       24040.78  70      4477.0   ms
success		1       35      1       59      1       0       23748.85  69      4477.0   ms
success		1       36      1       60      1       0       23165.67  68      4477.0   ms
success		1       37      2       62      2       0       23180.46  67      4493.0   ms
success		1       38      1       51      1       0       23044.37  66      4493.0   ms
success		1       39      2       5       2       0       22650.75  65      4493.0   ms
success		1       40      1       29      1       0       22176.41  64      4493.0   ms
success		1       41      2       38      2       0       21724.01  63      4493.0   ms
success		1       42      2       60      2       0       21409.09  62      4493.0   ms
success		1       43      3       22      3       0       21260.01  61      4493.0   ms
success		1       44      2       20      2       0       20901.48  60      4493.0   ms
success		1       45      2       0       2       0       20392.06  59      4493.0   ms
success		1       46      2       56      2       0       20130.52  58      4493.0   ms
success		1       47      2       0       2       0       19745.05  57      4493.0   ms
success		1       48      2       31      2       0       19600.73  56      4493.0   ms
success		1       49      1       30      1       0       19135.67  55      4493.0   ms
success		1       50      3       47      3       0       18896.25  54      4493.0   ms
success		1       51      2       13      2       0       18578.65  53      4493.0   ms
success		1       52      2       17      2       0       18359.58  52      4493.0   ms
success		1       53      2       39      2       0       18314.44  51      4493.0   ms
success		1       54      2       27      2       0       17857.02  50      4493.0   ms
success		1       55      3       37      3       0       17801.54  49      4493.0   ms
success		1       56      3       3       3       0       17418.13  48      4493.0   ms
success		1       57      3       46      3       0       17420.78  47      4493.0   ms
success		1       58      2       5       2       0       17300.96  46      4493.0   ms
success		1       59      2       44      2       0       17124.44  45      4493.0   ms
success		1       60      2       10      2       0       16797.12  44      4493.0   ms
success		1       61      4       18      4       0       16703.17  43      4493.0   ms
success		1       62      2       6       2       0       16373.44  42      4493.0   ms
success		1       63      3       35      3       0       15954.81  41      4493.0   ms
success		1       64      2       12      2       0       15571.81  40      4493.0   ms
success		1       65      5       30      4       0       17468.08  38      4493.0   ms
success		1       66      5       5       4       0       16335.25  37      4493.0   ms
success		1       67      1       35      1       0       15806.70  36      4493.0   ms
success		1       68      3       0       3       0       15334.96  35      4493.0   ms
success		1       69      5       6       3       0       14783.71  34      4493.0   ms
success		1       70      3       8       3       0       14206.68  33      4493.0   ms
success		1       71      4       32      4       0       13617.70  32      4493.0   ms
success		1       72      5       15      3       0       13334.58  31      4493.0   ms
success		1       73      7       22      4       0       13911.32  30      4493.0   ms
success		1       74      7       21      3       0       13514.71  29      4493.0   ms
success		1       75      3       13      3       0       12606.58  28      4493.0   ms
success		1       76      5       9       4       0       12308.48  27      4493.0   ms
success		1       77      12      24      4       0       11321.80  26      4509.0   ms
success		1       78      19      7       6       0       11072.00  25      4524.0   ms
success		1       79      22      4       3       0       11002.59  24      4540.0   ms
success		1       80      125     12      4       0       10568.04  23      4727.0   ms
success		1       81      119     14      5       0       10148.45  22      4899.0   ms
success		1       82      503     15      4       0       9556.38   21      5850.0   ms
success		1       0       1       87      1       0       35723.80  104     7005.0   ms
success		1       1       1       13      1       0       35298.89  103     7005.0   ms
success		1       2       1       8       1       0       34962.62  102     7005.0   ms
success		1       3       1       0       1       0       34726.12  101     7005.0   ms
success		1       4       1       31      1       0       34439.35  100     7005.0   ms
success		1       5       1       11      1       0       34167.19  99      7005.0   ms
success		1       6       1       82      1       0       33910.72  98      7005.0   ms
success		1       7       1       22      1       0       33437.69  97      7005.0   ms
success		1       8       1       51      1       0       33327.39  96      7005.0   ms
success		1       9       1       83      1       0       32987.67  95      7005.0   ms
success		1       10      1       0       1       0       32803.72  94      7005.0   ms
success		1       11      1       33      1       0       32368.73  93      7005.0   ms
success		1       12      1       8       1       0       32181.27  92      7005.0   ms
success		1       13      1       57      1       0       31784.82  91      7005.0   ms
success		1       14      1       37      1       0       31639.26  90      7005.0   ms
success		1       15      1       2       1       0       31334.44  89      7005.0   ms
success		1       16      1       45      1       0       31016.21  88      7005.0   ms
success		1       17      1       63      1       0       30889.03  87      7005.0   ms
success		1       18      1       13      1       0       30873.96  86      7005.0   ms
success		1       19      1       9       1       0       30733.38  85      7005.0   ms
success		1       20      1       31      1       0       30518.32  84      7005.0   ms
success		1       21      1       37      1       0       30222.05  83      7005.0   ms
success		1       22      1       52      1       0       29951.61  82      7005.0   ms
success		1       23      1       33      1       0       29235.97  81      7005.0   ms
success		1       24      1       60      1       0       28950.05  80      7005.0   ms
success		1       25      2       42      2       0       28430.03  79      7005.0   ms
success		1       26      1       69      1       0       28155.18  78      7005.0   ms
success		1       27      1       26      1       0       27618.29  77      7005.0   ms
success		1       28      2       38      2       0       27378.65  76      7005.0   ms
success		1       29      2       61      2       0       27003.85  75      7005.0   ms
success		1       30      3       1       3       0       26843.96  74      7005.0   ms
success		1       31      2       23      2       0       26423.51  73      7005.0   ms
success		1       32      1       47      1       0       26191.69  72      7005.0   ms
success		1       33      1       3       1       0       25760.90  71      7005.0   ms
success		1       34      1       38      1       0       25517.55  70      7005.0   ms
success		1       35      3       57      3       0       25062.95  69      7005.0   ms
success		1       36      1       13      1       0       24730.03  68      7005.0   ms
success		1       37      2       50      2       0       24454.07  67      7005.0   ms
success		1       38      3       65      3       0       23805.86  66      7005.0   ms
success		1       39      2       57      2       0       23320.66  65      7005.0   ms
success		1       40      2       30      2       0       22853.83  64      7005.0   ms
success		1       41      1       30      1       0       22415.65  63      7005.0   ms
success		1       42      2       43      2       0       21950.86  62      7005.0   ms
success		1       43      2       34      2       0       21997.00  61      7005.0   ms
success		1       44      1       16      1       0       21645.96  60      7005.0   ms
success		1       45      2       26      2       0       21591.60  59      7005.0   ms
success		1       46      3       40      3       0       21054.30  58      7005.0   ms
success		1       47      2       21      2       0       20786.18  57      7005.0   ms
success		1       48      2       49      2       0       20402.69  56      7005.0   ms
success		1       49      1       55      1       0       19999.80  55      7005.0   ms
success		1       50      2       52      2       0       19735.65  54      7005.0   ms
success		1       51      3       50      2       0       20289.63  53      7005.0   ms
success		1       52      3       0       3       0       20085.12  52      7005.0   ms
success		1       53      1       30      1       0       19684.36  51      7005.0   ms
success		1       54      1       35      1       0       19124.76  50      7005.0   ms
success		1       55      1       21      1       0       18615.90  49      7005.0   ms
success		1       56      2       47      2       0       18283.27  48      7005.0   ms
success		1       57      2       31      2       0       18078.66  47      7005.0   ms
success		1       58      2       22      2       0       17745.51  46      7005.0   ms
success		1       59      1       26      1       0       17144.40  45      7005.0   ms
success		1       60      3       35      3       0       16776.75  44      7005.0   ms
success		1       61      2       39      2       0       16504.54  43      7005.0   ms
success		1       62      3       2       3       0       16195.17  42      7005.0   ms
success		1       63      4       8       4       0       15803.07  41      7020.0   ms
success		1       64      3       22      3       0       15446.07  40      7020.0   ms
success		1       65      4       16      4       0       15394.83  39      7020.0   ms
success		1       66      2       18      2       0       14852.08  38      7020.0   ms
success		1       67      1       34      1       0       14522.51  37      7020.0   ms
success		1       68      4       19      4       0       14257.19  36      7020.0   ms
success		1       69      3       14      3       0       14009.18  35      7020.0   ms
success		1       70      3       29      3       0       13496.83  34      7020.0   ms
success		1       71      4       31      2       0       14684.77  33      7020.0   ms
success		1       72      8       8       2       0       14123.08  32      7020.0   ms
success		1       73      4       28      4       0       13521.08  31      7020.0   ms
success		1       74      4       21      2       0       13232.29  30      7020.0   ms
success		1       75      6       22      2       0       12882.91  29      7020.0   ms
success		1       76      7       21      4       0       12352.85  28      7020.0   ms
success		1       77      12      27      4       0       12118.97  27      7036.0   ms
success		1       78      16      26      4       0       11236.62  26      7036.0   ms
success		1       79      7       10      4       0       11439.82  25      7036.0   ms
success		1       80      5       10      3       0       11403.02  24      7051.0   ms
success		1       81      45      18      4       0       11217.87  23      7114.0   ms
success		1       82      69      2       4       0       10053.45  22      7223.0   ms
success		1       0       1       22      1       0       35505.88  104     7816.0   ms
success		1       1       1       25      1       0       35095.74  103     7816.0   ms
success		1       2       1       44      1       0       34607.04  102     7816.0   ms
success		1       3       1       40      1       0       34368.48  101     7816.0   ms
success		1       4       1       40      1       0       34061.10  100     7816.0   ms
success		1       5       2       8       2       0       33686.80  99      7816.0   ms
success		1       6       1       54      1       0       33170.27  98      7816.0   ms
success		1       7       1       24      1       0       33107.61  97      7816.0   ms
success		1       8       2       82      2       0       32877.50  96      7816.0   ms
success		1       9       1       25      1       0       32587.68  95      7816.0   ms
success		1       10      1       49      1       0       32370.80  94      7816.0   ms
success		1       11      2       50      2       0       31916.64  93      7816.0   ms
success		1       12      1       78      1       0       31593.43  92      7816.0   ms
success		1       13      1       82      1       0       31433.51  91      7816.0   ms
success		1       14      2       51      2       0       30833.00  90      7816.0   ms
success		1       15      1       49      1       0       30611.61  89      7816.0   ms
success		1       16      1       57      1       0       30236.32  88      7816.0   ms
success		1       17      2       13      2       0       29939.84  87      7816.0   ms
success		1       18      2       41      2       0       29452.17  86      7816.0   ms
success		1       19      1       52      1       0       29249.57  85      7816.0   ms
success		1       20      1       15      1       0       29122.60  84      7816.0   ms
success		1       21      2       66      2       0       28914.40  83      7831.0   ms
success		1       22      1       3       1       0       28365.31  82      7831.0   ms
success		1       23      2       25      2       0       28172.09  81      7831.0   ms
success		1       24      1       9       1       0       27894.59  80      7831.0   ms
success		1       25      1       3       1       0       27558.49  79      7831.0   ms
success		1       26      1       13      1       0       27100.94  78      7831.0   ms
success		1       27      2       59      2       0       26899.63  77      7831.0   ms
success		1       28      1       18      1       0       26579.92  76      7831.0   ms
success		1       29      1       33      1       0       26288.54  75      7831.0   ms
success		1       30      1       12      1       0       26196.76  74      7831.0   ms
success		1       31      2       70      2       0       26045.94  73      7831.0   ms
success		1       32      2       36      2       0       25623.44  72      7831.0   ms
success		1       33      2       14      2       0       25331.25  71      7831.0   ms
success		1       34      1       6       1       0       24973.77  70      7831.0   ms
success		1       35      1       55      1       0       24841.95  69      7831.0   ms
success		1       36      1       34      1       0       24609.92  68      7831.0   ms
success		1       37      1       0       1       0       24152.54  67      7831.0   ms
success		1       38      1       7       1       0       23691.78  66      7831.0   ms
success		1       39      1       2       1       0       23225.46  65      7831.0   ms
success		1       40      2       42      2       0       23167.37  64      7831.0   ms
success		1       41      1       51      1       0       22684.94  63      7831.0   ms
success		1       42      1       54      1       0       22308.25  62      7831.0   ms
success		1       43      1       21      1       0       21850.13  61      7831.0   ms
success		1       44      2       19      2       0       21504.23  60      7831.0   ms
success		1       45      3       9       3       0       20876.23  59      7831.0   ms
success		1       46      2       23      2       0       20258.15  58      7831.0   ms
success		1       47      1       5       1       0       20068.38  57      7831.0   ms
success		1       48      3       36      3       0       19754.61  56      7831.0   ms
success		1       49      1       27      1       0       19359.69  55      7831.0   ms
success		1       50      1       30      1       0       18991.65  54      7831.0   ms
success		1       51      2       45      2       0       18720.06  53      7831.0   ms
success		1       52      2       17      2       0       18346.78  52      7831.0   ms
success		1       53      1       10      1       0       18114.68  51      7831.0   ms
success		1       54      2       28      2       0       18020.83  50      7831.0   ms
success		1       55      2       40      2       0       17625.54  49      7831.0   ms
success		1       56      2       17      2       0       16987.08  48      7831.0   ms
success		1       57      4       21      4       0       17044.95  47      7831.0   ms
success		1       58      2       5       2       0       16656.17  46      7831.0   ms
success		1       59      3       34      3       0       16327.24  45      7831.0   ms
success		1       60      5       9       3       0       17955.78  42      7831.0   ms
success		1       61      2       27      2       0       17357.47  41      7831.0   ms
success		1       62      2       1       2       0       16794.80  40      7831.0   ms
success		1       63      3       28      3       0       16411.57  39      7831.0   ms
success		1       64      2       5       2       0       15929.62  38      7831.0   ms
success		1       65      8       34      2       0       16567.06  36      7831.0   ms
success		1       66      2       19      2       0       16068.76  35      7831.0   ms
success		1       67      5       4       3       0       14839.94  34      7831.0   ms
success		1       68      9       24      3       0       13978.52  32      7831.0   ms
success		1       69      4       13      3       0       13885.15  31      7831.0   ms
success		1       70      5       30      5       0       13279.05  30      7831.0   ms
success		1       71      16      1       5       0       13532.03  29      7831.0   ms
success		1       72      6       18      4       0       13303.30  28      7847.0   ms
success		1       73      20      11      3       0       12967.26  27      7847.0   ms
success		1       74      8       11      4       0       12166.52  26      7847.0   ms
success		1       75      39      25      3       0       12004.52  25      7878.0   ms
success		1       76      14      9       4       0       11364.01  24      7878.0   ms
success		1       77      64      14      4       0       10807.28  23      7941.0   ms
success		1       78      46      6       5       0       10157.52  22      7972.0   ms
success		1       79      155     2       2       0       9797.37   21      8096.0   ms
cross iterater0
ab
ab7	2
ab6	4
fail		7666.63   9805.15   21      9485.0   ms
cross iterater1
bad   	success		7646.77   9591.00   22      9594.0   ms cross
rand   	success		7400.80   9617.51   21      9844.0   ms cross
bad   	rand   	bad   	rand   	bad   	success		7436.69   10381.29  22      13478.0  ms cross
rand   	success		7174.23   9838.20   21      13837.0  ms cross
bad   	rand   	bad   	rand   	ab
ab7	5
success		7148.39   9168.38   20      18299.0  ms
cross iterater2
bad   	success		7674.78   9749.63   21      18299.0  ms cross
rand   	success		7072.51   9247.53   20      18767.0  ms cross
bad   	rand   	bad   	rand   	bad   	success		7654.89   9660.17   21      22932.0  ms cross
rand   	ab
ab7	2
ab6	4
fail		7654.89   9813.45   21      24866.0  ms
fail		7148.39   9556.02   20      25787.0  ms
cross iterater3
bad   	success		7324.54   10563.67  22      25802.0  ms cross
rand   	success		7397.94   9814.69   21      25833.0  ms cross
bad   	rand   	bad   	rand   	bad   	rand   	ab
ab7	0
cross iterater4
bad   	success		7371.19   10118.73  21      31668.0  ms cross
rand   	bad   	success		7476.20   9783.83   21      32760.0  ms cross
rand   	ab
ab6	4
ab7	3
cross iterater5
bad   	rand   	success		7169.13   9446.71   20      35053.0  ms cross
bad   	success		7705.95   9809.06   21      35053.0  ms cross
rand   	ab
ab6	4
cross iterater6
bad   	success		7675.48   10196.05  22      36005.0  ms cross
rand   	success		7440.30   9614.77   21      36613.0  ms cross
bad   	rand   	bad   	rand   	bad   	success		7381.08   10018.63  21      40357.0  ms cross
rand   	ab
ab6	0
ab7	2
cross iterater7
bad   	success		7553.52   9953.11   21      41324.0  ms cross
rand   	bad   	rand   	bad   	success		6945.40   9517.02   20      44506.0  ms cross
rand   	bad   	success		7514.10   9710.43   21      45396.0  ms cross
rand   	success		7341.73   9625.69   20      45676.0  ms cross
bad   	rand   	bad   	rand   	ab
cross iterater8
bad   	success		7285.98   9420.90   21      50746.0  ms cross
rand   	bad   	success		7501.09   9067.72   21      52072.0  ms cross
rand   	bad   	rand   	bad   	rand   	ab
ab6	1
ab7	3
fail		7502.06   9855.84   21      57751.0  ms
fail		7169.13   9446.89   20      58655.0  ms
cross iterater9
bad   	success		7821.66   10549.33  22      58671.0  ms cross
rand   	success		7793.30   9745.34   21      58687.0  ms cross
bad   	rand   	bad   	rand   	bad   	success		7198.24   9626.75   21      62477.0  ms cross
rand   	ab
ab6	4
ab7	0
fail		6945.40   9614.23   20      64412.0  ms
fail		7198.24   9748.32   21      65332.0  ms
fail		7446.36   9908.22   21      66284.0  ms
cross iterater10
bad   	rand   	bad   	rand   	success		7156.02   9158.51   20      69014.0  ms cross
bad   	rand   	bad   	success		7167.52   9371.48   21      70932.0  ms cross
rand   	ab
ab6	4
fail		7156.02   9594.66   20      72680.0  ms
fail		7169.13   9446.89   20      73740.0  ms
cross iterater11
bad   	success		7134.61   9649.38   21      73756.0  ms cross
rand   	bad   	rand   	success		7211.93   9267.64   20      76595.0  ms cross
bad   	rand   	bad   	success		7646.70   10214.71  21      78842.0  ms cross
rand   	ab
ab7	3
fail		7234.63   9848.42   21      80979.0  ms
cross iterater12
bad   	success		7361.20   10456.34  21      81650.0  ms cross
rand   	bad   	rand   	bad   	rand   	bad   	success		7472.23   10220.09  21      86236.0  ms cross
rand   	ab
ab6	1
ab7	4
cross iterater13
bad   	rand   	bad   	success		6987.51   9268.41   20      89215.0  ms cross
rand   	ab
ab6	4
fail		7211.93   9613.12   20      91524.0  ms
cross iterater14
ab
cross iterater15
bad   	success		7340.83   10023.79  21      91524.0  ms cross
rand   	bad   	rand   	success		6880.49   9326.47   20      94161.0  ms cross
bad   	rand   	bad   	success		6914.36   9488.27   20      96298.0  ms cross
rand   	ab
fail		7557.87   9851.01   21      98513.0  ms
cross iterater16
bad   	success		7678.67   9721.08   22      98529.0  ms cross
rand   	success		7152.54   9501.38   21      99246.0  ms cross
bad   	rand   	bad   	rand   	bad   	success		6977.56   9458.59   20      103146.0 ms cross
rand   	ab
ab7	3
fail		7401.04   9928.95   21      105236.0 ms
fail		7612.17   9970.28   21      106204.0 ms
fail		6914.36   9496.42   20      107249.0 ms
fail		7646.26   10142.09  21      108232.0 ms
cross iterater17
bad   	success		7108.80   9751.06   21      108762.0 ms cross
rand   	bad   	rand   	bad   	rand   	bad   	success		7726.33   10172.10  22      113504.0 ms cross
rand   	success		6956.83   10067.87  21      113863.0 ms cross
bad   	rand   	bad   	rand   	ab
ab6	0
cross iterater18
bad   	success		6910.04   9174.26   20      118855.0 ms cross
rand   	bad   	rand   	bad   	rand   	bad   	success		7230.88   9709.40   21      124237.0 ms cross
rand   	ab
ab6	1
cross iterater19
bad   	success		7787.76   9434.15   21      125563.0 ms cross
rand   	bad   	success		7185.10   8885.88   20      127388.0 ms cross
rand   	bad   	rand   	bad   	success		7844.10   10347.52  22      130617.0 ms cross
rand   	success		7525.59   9402.62   21      130617.0 ms cross
bad   	rand   	bad   	rand   	ab
ab6	1
fail		7185.10   9215.70   20      135672.0 ms
fail		6977.56   9662.05   20      136732.0 ms
cross iterater20
bad   	success		7558.40   10155.71  22      136732.0 ms cross
rand   	bad   	success		7495.65   9541.35   21      137544.0 ms cross
rand   	bad   	success		7240.42   9442.22   20      139119.0 ms cross
rand   	bad   	success		7486.47   9996.12   22      140274.0 ms cross
rand   	success		7538.43   9144.66   21      140320.0 ms cross
bad   	success		7247.94   9520.72   20      140820.0 ms cross
rand   	bad   	rand   	ab
cross iterater21
bad   	rand   	bad   	rand   	success		7516.74   9705.87   21      146576.0 ms cross
bad   	rand   	bad   	rand   	ab
ab6	4
ab7	5
fail		7247.94   9747.51   20      151833.0 ms
cross iterater22
bad   	rand   	bad   	success		7156.71   9458.56   20      154033.0 ms cross
rand   	bad   	rand   	bad   	rand   	ab
ab6	5
cross iterater23
bad   	rand   	bad   	rand   	ab
ab6	1
cross iterater24
ab
ab7	4
fail		6914.36   9496.42   20      164859.0 ms
cross iterater25
bad   	success		7195.59   9903.67   21      164859.0 ms cross
rand   	bad   	rand   	bad   	rand   	bad   	success		7446.53   9649.25   21      169835.0 ms cross
rand   	bad   	rand   	bad   	rand   	ab
ab7	0
ab6	1
fail		6942.64   9442.62   20      175545.0 ms
fail		7356.20   9709.94   20      176403.0 ms
fail		6914.36   9496.42   20      177354.0 ms
cross iterater26
ab
ab6	1
fail		7156.71   9472.52   20      178524.0 ms
cross iterater27
bad   	rand   	bad   	rand   	ab
ab6	3
ab7	2
cross iterater28
ab
ab6	5
ab7	4
fail		6995.94   9668.75   20      183625.0 ms
fail		7286.65   9684.24   20      184593.0 ms
fail		6922.43   9564.16   20      185591.0 ms
cross iterater29
bad   	rand   	bad   	success		7170.15   9545.40   20      187853.0 ms cross
rand   	bad   	rand   	bad   	rand   	ab
ab6	1
fail		7172.13   9528.63   20      193703.0 ms
fail		6922.43   9564.16   20      194733.0 ms
cross iterater30
bad   	rand   	bad   	rand   	bad   	rand   	bad   	rand   	bad   	rand   	bad   	rand   	ab
ab7	3
ab6	4
fail		7095.16   9480.29   20      208133.0 ms
fail		7320.23   9746.85   20      209209.0 ms
cross iterater31
bad   	success		7228.89   9469.34   20      209225.0 ms cross
rand   	bad   	rand   	bad   	rand   	bad   	rand   	bad   	rand   	bad   	rand   	ab
ab7	4
ab6	5
fail		7323.41   9749.53   20      221673.0 ms
cross iterater32
ab
ab7	3
ab6	5
fail		7143.09   9434.17   20      222781.0 ms
fail		7105.05   9478.72   20      223889.0 ms
cross iterater33
ab
ab6	5
cross iterater34
bad   	rand   	bad   	rand   	ab
ab6	4
fail		7312.32   9556.92   20      229504.0 ms
fail		7008.23   9456.05   20      230596.0 ms
fail		7143.09   9434.17   20      231610.0 ms
cross iterater35
bad   	rand   	bad   	rand   	ab
ab6	3
fail		6940.27   9368.94   20      236930.0 ms
fail		7007.68   9310.05   20      237960.0 ms
cross iterater36
bad   	rand   	bad   	rand   	bad   	rand   	bad   	rand   	bad   	rand   	bad   	rand   	ab
ab7	5
cross iterater37
bad   	rand   	bad   	rand   	bad   	rand   	bad   	rand   	ab
ab6	5
cross iterater38
bad   	rand   	bad   	rand   	bad   	rand   	bad   	rand   	bad   	rand   	bad   	rand   	ab
ab6	1
cross iterater39
bad   	success		6950.61   9472.97   20      270735.0 ms cross
rand   	bad   	success		6894.05   9279.25   20      271796.0 ms cross
rand   	ab
ab6	1
fail		6914.68   9337.47   20      274089.0 ms
cross iterater40
bad   	success		6929.81   9337.10   20      274089.0 ms cross
rand   	bad   	success		7027.97   9383.66   20      275165.0 ms cross
rand   	bad   	rand   	bad   	rand   	ab
ab6	3
fail		6914.35   9539.19   20      281467.0 ms
cross iterater41
bad   	rand   	bad   	success		7342.86   9793.78   21      283371.0 ms cross
rand   	bad   	rand   	bad   	rand   	ab
ab7	0
ab6	3
fail		7154.65   9559.58   20      289376.0 ms
cross iterater42
bad   	success		7015.87   9644.06   21      289376.0 ms cross
rand   	bad   	rand   	success		6965.83   9366.28   20      291436.0 ms cross
bad   	rand   	bad   	success		7018.53   9670.71   21      293698.0 ms cross
rand   	bad   	success		6859.01   9296.45   20      294634.0 ms cross
rand   	bad   	rand   	ab
ab6	1
fail		6859.01   9323.93   20      298612.0 ms
cross iterater43
bad   	success		7252.74   9843.72   21      298612.0 ms cross
rand   	bad   	success		7119.61   9447.49   20      299594.0 ms cross
rand   	bad   	rand   	bad   	success		7077.32   9689.65   21      302636.0 ms cross
rand   	bad   	success		6901.98   9284.69   20      303682.0 ms cross
rand   	bad   	rand   	ab
ab6	3
ab7	0
fail		7178.83   9517.99   20      307753.0 ms
fail		7211.81   9638.79   20      308845.0 ms
fail		6929.81   9358.83   20      309906.0 ms
cross iterater44
bad   	rand   	success		7115.20   9305.97   20      310779.0 ms cross
bad   	success		6929.42   9299.41   20      310779.0 ms cross
rand   	ab
ab6	1
fail		7142.18   9738.22   20      312963.0 ms
fail		7192.18   9567.09   20      313853.0 ms
cross iterater45
bad   	success		7194.78   9395.53   20      313853.0 ms cross
rand   	bad   	rand   	bad   	rand   	bad   	success		7115.94   9524.87   20      318907.0 ms cross
rand   	bad   	rand   	bad   	rand   	ab
ab7	0
cross iterater46
bad   	success		6800.14   9217.38   20      324102.0 ms cross
rand   	bad   	rand   	bad   	rand   	bad   	success		7194.40   9465.90   20      329140.0 ms cross
rand   	bad   	rand   	bad   	rand   	ab
ab6	3
ab7	5
cross iterater47
ab
cross iterater48
bad   	rand   	bad   	rand   	bad   	rand   	bad   	success		7167.82   9446.07   20      340559.0 ms cross
rand   	bad   	rand   	bad   	rand   	ab
ab6	2
fail		6928.65   9610.88   20      346425.0 ms
fail		6800.14   9221.80   20      347455.0 ms
cross iterater49
ab
ab6	2
cross iterater50
ab
fail		6868.42   9615.83   20      348406.0 ms
cross iterater51
bad   	success		7210.80   9426.19   20      348406.0 ms cross
rand   	bad   	rand   	bad   	rand   	bad   	rand   	bad   	rand   	bad   	rand   	ab
ab7	0
fail		7249.53   9701.03   20      357984.0 ms
fail		7014.19   9619.03   20      358608.0 ms
cross iterater52
bad   	success		6977.18   9562.67   20      358608.0 ms cross
rand   	bad   	rand   	bad   	rand   	bad   	rand   	success		7209.19   9387.54   20      362352.0 ms cross
bad   	rand   	bad   	rand   	ab
ab7	0
fail		7045.65   9347.70   20      365332.0 ms
fail		7209.19   9460.14   20      366050.0 ms
cross iterater53
bad   	success		7156.37   9859.72   21      366050.0 ms cross
rand   	success		7136.79   9125.23   20      366065.0 ms cross
bad   	rand   	bad   	rand   	bad   	rand   	ab
ab7	2
ab6	3
fail		7045.65   9347.70   20      370636.0 ms
cross iterater54
ab
ab7	3
fail		7045.65   9347.70   20      371291.0 ms
cross iterater55
bad   	success		7003.11   9724.81   20      371307.0 ms cross
rand   	bad   	success		7409.89   9655.37   21      371868.0 ms cross
rand   	success		6907.55   9381.29   20      372102.0 ms cross
bad   	rand   	bad   	rand   	ab
ab7	5
ab6	0
fail		7033.43   9549.88   20      375285.0 ms
cross iterater56
bad   	rand   	bad   	success		7088.14   9363.07   20      376626.0 ms cross
rand   	bad   	rand   	bad   	success		7002.99   9426.67   21      378451.0 ms cross
rand   	bad   	rand   	bad   	rand   	ab
ab6	4
fail		7096.01   9501.58   20      382086.0 ms
cross iterater57
bad   	success		7601.39   9849.00   21      382086.0 ms cross
rand   	bad   	success		7278.46   9445.45   20      382726.0 ms cross
rand   	bad   	rand   	bad   	success		7126.73   10044.07  21      384707.0 ms cross
rand   	bad   	success		7244.76   9293.28   20      385300.0 ms cross
rand   	bad   	rand   	ab
ab6	4
ab7	0
cross iterater58
bad   	success		7089.86   9729.48   21      387218.0 ms cross
rand   	bad   	success		7035.01   9260.44   20      387858.0 ms cross
rand   	bad   	rand   	bad   	success		7068.79   9374.63   20      389839.0 ms cross
rand   	ab
ab6	3
ab7	2
fail		7127.34   9544.60   20      391056.0 ms
fail		7050.01   9456.21   20      391742.0 ms
cross iterater59
bad   	success		7207.08   9644.33   20      391758.0 ms cross
rand   	bad   	rand   	bad   	rand   	bad   	success		7292.23   9085.60   20      395081.0 ms cross
rand   	ab
ab7	1
ab6	5
cross iterater60
bad   	rand   	bad   	success		7123.36   9503.28   20      396984.0 ms cross
rand   	ab
ab7	0
fail		7189.65   9455.84   20      398232.0 ms
fail		7099.01   9527.56   20      398887.0 ms
cross iterater61
bad   	rand   	bad   	rand   	bad   	rand   	bad   	rand   	ab
ab6	3
ab7	5
cross iterater62
bad   	success		7213.59   9441.11   20      404191.0 ms cross
rand   	bad   	success		7332.39   9897.82   21      404768.0 ms cross
rand   	bad   	rand   	bad   	success		7150.92   9262.38   20      406749.0 ms cross
rand   	ab
ab7	4
ab6	0
fail		7171.57   9704.49   20      407857.0 ms
fail		7033.88   9446.12   20      408528.0 ms
cross iterater63
ab
ab7	0
fail		7189.65   9455.84   20      409573.0 ms
fail		7050.01   9456.21   20      410727.0 ms
cross iterater64
bad   	rand   	bad   	rand   	bad   	rand   	bad   	rand   	bad   	rand   	success		6991.10   9683.48   20      419947.0 ms cross
bad   	rand   	ab
ab6	0
ab7	5
cross iterater65
bad   	success		7189.65   9443.19   20      421975.0 ms cross
rand   	bad   	rand   	bad   	rand   	bad   	rand   	ab
ab6	2
ab7	3
cross iterater66
bad   	success		6725.53   9383.92   20      429556.0 ms cross
rand   	bad   	rand   	bad   	rand   	bad   	rand   	success		6951.84   9458.80   20      436077.0 ms cross
bad   	rand   	bad   	rand   	ab
ab6	4
fail		6909.49   9591.28   20      441225.0 ms
cross iterater67
bad   	rand   	bad   	success		6808.23   9590.88   20      443612.0 ms cross
rand   	ab
ab7	2
cross iterater68
ab
ab7	0
fail		6738.13   9354.12   20      445328.0 ms
cross iterater69
bad   	rand   	bad   	rand   	bad   	rand   	bad   	rand   	ab
ab6	0
fail		6725.53   9415.79   20      453034.0 ms
cross iterater70
bad   	rand   	bad   	rand   	bad   	rand   	bad   	rand   	bad   	rand   	bad   	rand   	ab
ab6	0
ab7	2
fail		7043.02   9537.79   20      461598.0 ms
cross iterater71
bad   	rand   	bad   	success		6906.49   9451.13   20      463813.0 ms cross
rand   	bad   	rand   	bad   	rand   	ab
ab6	2
ab7	5
fail		6883.00   9609.55   20      467807.0 ms
cross iterater72
bad   	success		7139.78   9578.08   20      467823.0 ms cross
rand   	bad   	success		7180.24   9533.10   20      468415.0 ms cross
rand   	bad   	rand   	bad   	rand   	ab
ab6	2
ab7	1
fail		7010.21   9453.06   20      472362.0 ms
cross iterater73
bad   	rand   	success		7241.35   9817.29   20      473376.0 ms cross
bad   	rand   	bad   	rand   	bad   	success		7048.94   9471.92   20      475950.0 ms cross
rand   	ab
ab6	5
ab7	2
fail		6666.14   9383.74   20      477198.0 ms
cross iterater74
ab
fail		7080.64   9446.84   20      477822.0 ms
cross iterater75
bad   	success		7277.02   9524.31   20      477822.0 ms cross
rand   	bad   	rand   	bad   	rand   	bad   	success		7105.66   9960.90   21      481223.0 ms cross
rand   	bad   	rand   	bad   	rand   	ab
ab7	2
ab6	0
fail		7079.99   9491.05   20      485092.0 ms
cross iterater76
bad   	rand   	bad   	rand   	bad   	rand   	bad   	success		7120.37   9580.57   20      488851.0 ms cross
rand   	bad   	rand   	bad   	rand   	ab
ab7	3
ab6	5
fail		7165.95   9671.48   20      492720.0 ms
cross iterater77
bad   	rand   	bad   	success		7284.01   9880.72   21      493796.0 ms cross
rand   	success		7029.13   9642.79   20      493812.0 ms cross
bad   	rand   	bad   	rand   	ab
ab7	5
fail		7236.14   9552.39   20      496823.0 ms
fail		7403.69   9729.52   20      497525.0 ms
cross iterater78
bad   	rand   	bad   	rand   	ab
ab7	3
ab6	1
fail		7029.13   9481.17   20      502517.0 ms
fail		7403.69   9729.52   20      503187.0 ms
cross iterater79
ab
ab6	5
fail		7175.69   9399.55   20      503905.0 ms
cross iterater80
bad   	success		7322.18   9604.74   21      503905.0 ms cross
rand   	bad   	rand   	bad   	rand   	bad   	success		7078.89   9050.44   20      507306.0 ms cross
rand   	ab
ab6	0
fail		7078.89   9468.48   20      508632.0 ms
fail		6666.14   9383.74   20      509287.0 ms
cross iterater81
ab
fail		6666.14   9383.74   20      509911.0 ms
fail		7148.98   9537.44   20      510597.0 ms
cross iterater82
ab
fail		6666.14   9383.74   20      511252.0 ms
cross iterater83
bad   	success		6713.51   9836.46   21      511252.0 ms cross
rand   	bad   	success		6622.44   9351.01   20      511908.0 ms cross
rand   	bad   	rand   	bad   	success		7093.79   9688.97   20      513936.0 ms cross
rand   	ab
fail		6622.44   9436.03   20      515137.0 ms
cross iterater84
ab
fail		7004.66   9688.00   20      515776.0 ms
fail		7078.89   9468.48   20      516432.0 ms
cross iterater85
ab
ab7	0
cross iterater86
bad   	success		7237.91   9839.52   21      516447.0 ms cross
rand   	bad   	rand   	bad   	rand   	bad   	rand   	ab
ab6	0
ab7	2
fail		7148.98   9537.44   20      521096.0 ms
cross iterater87
bad   	success		7459.74   9826.34   21      521096.0 ms cross
rand   	success		7094.08   9535.08   20      521096.0 ms cross
bad   	rand   	bad   	rand   	bad   	success		7246.98   9599.73   20      523639.0 ms cross
rand   	ab
ab6	5
ab7	1
fail		7093.79   9644.10   20      524824.0 ms
cross iterater88
bad   	success		7112.15   9619.39   20      524824.0 ms cross
rand   	bad   	rand   	bad   	rand   	bad   	success		7190.10   9054.19   20      528272.0 ms cross
rand   	bad   	rand   	bad   	rand   	ab
ab6	2
fail		6622.44   9436.03   20      531953.0 ms
cross iterater89
bad   	success		6976.70   9236.14   20      532172.0 ms cross
rand   	bad   	rand   	bad   	rand   	bad   	rand   	ab
fail		7125.20   9541.70   20      537616.0 ms
fail		7190.10   9629.75   20      538318.0 ms
cross iterater90
bad   	rand   	bad   	rand   	success		6944.44   9010.86   20      540128.0 ms cross
ab
ab7	4
cross iterater91
bad   	rand   	bad   	rand   	bad   	rand   	bad   	rand   	success		7190.28   9086.06   20      544698.0 ms cross
ab
ab7	4
cross iterater92
bad   	rand   	bad   	rand   	bad   	rand   	bad   	rand   	ab
ab7	2
fail		7190.10   9629.75   20      550767.0 ms
fail		6944.44   9528.33   20      551500.0 ms
cross iterater93
bad   	success		7132.41   9232.86   20      551500.0 ms cross
rand   	bad   	rand   	bad   	rand   	bad   	success		6987.41   9496.90   20      554713.0 ms cross
rand   	ab
ab7	1
fail		7190.10   9629.75   20      556164.0 ms
fail		6944.44   9528.33   20      556913.0 ms
cross iterater94
ab
ab7	0
fail		7190.10   9629.75   20      557568.0 ms
fail		6944.44   9528.33   20      558223.0 ms
fail		6987.41   9527.28   20      558816.0 ms
cross iterater95
bad   	rand   	bad   	success		6921.75   9541.35   20      560095.0 ms cross
rand   	bad   	rand   	bad   	rand   	ab
ab6	5
ab7	3
fail		7190.28   9520.82   20      564167.0 ms
fail		7138.74   9687.11   20      564775.0 ms
fail		6944.44   9528.33   20      565415.0 ms
cross iterater96
bad   	rand   	bad   	rand   	bad   	rand   	bad   	rand   	ab
ab6	4
ab7	3
fail		7190.28   9520.82   20      571327.0 ms
fail		7105.16   9497.62   20      571998.0 ms
fail		7108.59   9434.38   20      572622.0 ms
cross iterater97
bad   	success		7138.43   9364.76   20      572622.0 ms cross
rand   	bad   	rand   	bad   	rand   	bad   	rand   	success		7148.56   9418.03   20      576272.0 ms cross
ab
ab7	2
ab6	3
cross iterater98
bad   	rand   	bad   	rand   	success		7339.14   9262.88   20      578753.0 ms cross
ab
ab6	3
ab7	4
fail		7050.15   9573.00   20      579361.0 ms
cross iterater99
bad   	rand   	bad   	success		7404.01   9801.10   21      580562.0 ms cross
rand   	bad   	rand   	bad   	success		7041.89   9256.80   20      582668.0 ms cross
rand   	ab
ab6	4
fail		7041.89   9351.55   20      583870.0 ms
fail		7108.59   9434.38   20      584509.0 ms

R.size:20

1		157	67	28	5	176	31	170	187	81	149	91	72	
2		155	120	123	48	76	121	169	139	78	50	11	150	
3		168	26	21	124	134	101	42	209	52	185	
4		147	166	167	97	
5		63	51	133	27	160	156	148	113	
6		87	53	2	16	98	136	159	189	58	77	
7		106	85	94	65	19	178	23	22	47	82	207	108	
8		132	93	199	135	175	37	39	154	99	45	
9		115	161	122	162	171	146	192	17	40	105	
10		188	54	164	89	125	33	29	43	141	110	
11		196	30	35	90	127	6	177	102	205	10	
12		57	163	104	100	13	118	96	70	107	191	
13		73	194	20	34	95	142	128	152	112	83	204	114	198	173	
14		158	66	165	69	1	181	103	111	24	59	60	208	
15		4	184	153	193	151	56	129	144	179	190	206	7	
16		44	36	137	68	64	109	116	172	117	80	130	75	
17		46	15	71	186	12	182	9	174	203	74	
18		140	145	92	210	8	38	62	84	32	138	88	183	200	201	
19		55	18	143	49	202	195	79	126	119	197	
20		41	3	86	131	14	25	180	61	

data1/pdp200/LR1_2_2.txt
total_cost 6622.437705

