success		1       0       1       30      1       0       70444.59  101     16.0     ms
success		1       1       1       8       1       0       70251.67  100     16.0     ms
success		1       2       1       86      1       0       68832.98  99      16.0     ms
success		1       3       1       56      1       0       68287.26  98      16.0     ms
success		1       4       1       79      1       0       68201.17  97      16.0     ms
success		1       5       1       63      1       0       68131.95  96      16.0     ms
success		1       6       1       79      1       0       68057.64  95      16.0     ms
success		1       7       1       85      1       0       67739.62  94      16.0     ms
success		1       8       1       63      1       0       67634.09  93      16.0     ms
success		1       9       1       10      1       0       67178.63  92      16.0     ms
success		1       10      2       62      2       0       66001.33  91      16.0     ms
success		1       11      1       64      1       0       65900.14  90      16.0     ms
success		1       12      1       14      1       0       65886.95  89      16.0     ms
success		1       13      1       70      1       0       65785.70  88      16.0     ms
success		1       14      1       52      1       0       65595.48  87      16.0     ms
success		1       15      2       19      2       0       64256.06  86      16.0     ms
success		1       16      2       43      2       0       63180.71  85      16.0     ms
success		1       17      1       63      1       0       63168.01  84      16.0     ms
success		1       18      1       80      1       0       62521.78  83      16.0     ms
success		1       19      1       9       1       0       62685.12  82      16.0     ms
success		1       20      1       37      1       0       62443.12  81      16.0     ms
success		1       21      1       25      1       0       61798.22  80      16.0     ms
success		1       22      1       60      1       0       61591.14  79      16.0     ms
success		1       23      1       49      1       0       61092.93  78      16.0     ms
success		1       24      2       39      2       0       59979.53  77      16.0     ms
success		1       25      2       8       2       0       59806.94  76      31.0     ms
success		1       26      3       5       3       0       59489.82  75      31.0     ms
success		1       27      1       68      1       0       59004.07  74      31.0     ms
success		1       28      1       72      1       0       58701.68  73      31.0     ms
success		1       29      1       15      1       0       58451.77  72      31.0     ms
success		1       30      1       10      1       0       58281.02  71      31.0     ms
success		1       31      1       20      1       0       57151.46  70      31.0     ms
success		1       32      3       64      3       0       57166.08  69      31.0     ms
success		1       33      1       30      1       0       57333.76  68      31.0     ms
success		1       34      2       33      2       0       56138.74  67      31.0     ms
success		1       35      1       61      1       0       55776.21  66      31.0     ms
success		1       36      1       36      1       0       55494.34  65      31.0     ms
success		1       37      2       24      2       0       55648.59  64      31.0     ms
success		1       38      2       14      2       0       55203.12  63      31.0     ms
success		1       39      3       13      3       0       55053.97  62      31.0     ms
success		1       40      1       0       1       0       54708.30  61      31.0     ms
success		1       41      1       23      1       0       53108.84  60      31.0     ms
success		1       42      1       39      1       0       52716.65  59      31.0     ms
success		1       43      2       24      2       0       52764.55  58      31.0     ms
success		1       44      3       36      3       0       51725.39  57      31.0     ms
success		1       45      2       48      2       0       51673.09  56      31.0     ms
success		1       46      1       25      1       0       51158.87  55      31.0     ms
success		1       47      2       36      2       0       50812.64  54      31.0     ms
success		1       48      1       0       1       0       50372.77  53      31.0     ms
success		1       49      1       52      1       0       49741.65  52      31.0     ms
success		1       50      2       8       2       0       49642.27  51      31.0     ms
success		1       51      2       40      2       0       48360.50  50      31.0     ms
success		1       52      1       49      1       0       47871.97  49      31.0     ms
success		1       53      1       30      1       0       47314.86  48      31.0     ms
success		1       54      2       29      2       0       46403.26  47      31.0     ms
success		1       55      1       5       1       0       45936.28  46      31.0     ms
success		1       56      1       35      1       0       45741.68  45      31.0     ms
success		1       57      1       3       1       0       45359.07  44      31.0     ms
success		1       58      1       8       1       0       44928.89  43      31.0     ms
success		1       59      4       5       4       0       43458.05  42      31.0     ms
success		1       60      5       24      5       0       43065.59  41      47.0     ms
success		1       61      2       10      2       0       42036.66  40      47.0     ms
success		1       62      3       35      3       0       41965.37  39      47.0     ms
success		1       63      4       29      4       0       40772.25  38      47.0     ms
success		1       64      1       7       1       0       40218.20  37      47.0     ms
success		1       65      1       32      1       0       39682.42  36      47.0     ms
success		1       66      1       29      1       0       39437.32  35      47.0     ms
success		1       67      2       20      2       0       39336.34  34      47.0     ms
success		1       68      3       30      3       0       38905.38  33      47.0     ms
success		1       69      3       26      3       0       37683.09  32      47.0     ms
success		1       70      3       0       3       0       37142.28  31      47.0     ms
success		1       71      2       28      2       0       36649.83  30      47.0     ms
success		1       72      1       28      1       0       35634.15  29      47.0     ms
success		1       73      5       25      5       0       34741.92  28      47.0     ms
success		1       74      4       12      4       0       33354.01  27      47.0     ms
success		1       75      3       3       3       0       32073.98  26      47.0     ms
success		1       76      6       21      6       0       31779.39  25      47.0     ms
success		1       77      4       18      4       0       31070.42  24      47.0     ms
success		1       78      3       18      3       0       30720.27  23      47.0     ms
success		1       79      6       13      6       0       29351.56  22      47.0     ms
success		1       80      5       15      5       0       28764.33  21      47.0     ms
success		1       81      5       18      5       0       28316.19  20      47.0     ms
success		1       82      3       5       3       0       27824.62  19      47.0     ms
success		1       83      5       13      5       0       25934.23  18      47.0     ms
success		1       84      7       16      7       0       24812.79  17      47.0     ms
success		1       85      7       2       7       0       23475.02  16      47.0     ms
success		1       86      7       2       6       0       24110.66  15      63.0     ms
success		1       87      7       0       7       0       22204.62  14      63.0     ms
success		1       88      8       0       8       0       20658.56  13      63.0     ms
success		1       89      9       2       8       0       18410.88  12      63.0     ms
success		1       90      10      5       5       0       17854.94  11      109.0    ms
success		1       91      19      4       9       0       15438.90  10      187.0    ms
success		1       92      17      3       12      0       15246.23  9       203.0    ms
success		1       93      46      0       12      0       13350.61  8       468.0    ms
success		1       94      1047    5       10      0       11012.99  7       11561.0  ms
success		1       0       1       56      1       0       83977.89  101     29097.0  ms
success		1       1       1       63      1       0       82586.38  100     29097.0  ms
success		1       2       1       14      1       0       81851.64  99      29097.0  ms
success		1       3       1       13      1       0       80975.30  98      29097.0  ms
success		1       4       1       12      1       0       79750.95  97      29097.0  ms
success		1       5       1       16      1       0       79322.57  96      29097.0  ms
success		1       6       1       78      1       0       79057.04  95      29097.0  ms
success		1       7       1       11      1       0       78840.66  94      29097.0  ms
success		1       8       1       41      1       0       78746.96  93      29097.0  ms
success		1       9       2       51      2       0       78497.50  92      29097.0  ms
success		1       10      1       18      1       0       78123.88  91      29097.0  ms
success		1       11      1       61      1       0       77897.50  90      29097.0  ms
success		1       12      1       44      1       0       77025.11  89      29097.0  ms
success		1       13      1       76      1       0       76378.23  88      29097.0  ms
success		1       14      1       20      1       0       75761.03  87      29097.0  ms
success		1       15      1       58      1       0       75628.46  86      29097.0  ms
success		1       16      1       84      1       0       75348.16  85      29097.0  ms
success		1       17      1       62      1       0       74775.32  84      29097.0  ms
success		1       18      1       76      1       0       74537.82  83      29097.0  ms
success		1       19      2       11      2       0       74216.48  82      29097.0  ms
success		1       20      1       62      1       0       73392.76  81      29097.0  ms
success		1       21      1       47      1       0       72790.72  80      29097.0  ms
success		1       22      1       3       1       0       72565.71  79      29097.0  ms
success		1       23      1       58      1       0       72118.19  78      29097.0  ms
success		1       24      1       54      1       0       71631.75  77      29097.0  ms
success		1       25      2       39      2       0       71280.79  76      29097.0  ms
success		1       26      1       67      1       0       70653.81  75      29097.0  ms
success		1       27      1       30      1       0       69371.88  74      29097.0  ms
success		1       28      1       39      1       0       68981.11  73      29097.0  ms
success		1       29      2       40      2       0       69039.53  72      29097.0  ms
success		1       30      1       14      1       0       68514.65  71      29097.0  ms
success		1       31      1       66      1       0       67360.20  70      29097.0  ms
success		1       32      1       50      1       0       66901.22  69      29097.0  ms
success		1       33      1       68      1       0       65252.60  68      29097.0  ms
success		1       34      1       27      1       0       64526.35  67      29097.0  ms
success		1       35      1       56      1       0       64056.32  66      29097.0  ms
success		1       36      2       10      2       0       62655.95  65      29097.0  ms
success		1       37      1       23      1       0       61697.57  64      29097.0  ms
success		1       38      2       41      2       0       60914.68  63      29097.0  ms
success		1       39      1       43      1       0       60651.19  62      29097.0  ms
success		1       40      1       3       1       0       60234.76  61      29097.0  ms
success		1       41      3       20      3       0       60730.54  60      29097.0  ms
success		1       42      1       21      1       0       60396.28  59      29097.0  ms
success		1       43      1       31      1       0       59759.93  58      29097.0  ms
success		1       44      2       37      2       0       58736.87  57      29097.0  ms
success		1       45      1       55      1       0       58267.65  56      29097.0  ms
success		1       46      1       51      1       0       57697.67  55      29097.0  ms
success		1       47      1       24      1       0       57159.28  54      29097.0  ms
success		1       48      2       5       2       0       56098.05  53      29113.0  ms
success		1       49      1       38      1       0       55887.92  52      29113.0  ms
success		1       50      4       14      4       0       54666.44  51      29113.0  ms
success		1       51      1       19      1       0       53020.60  50      29113.0  ms
success		1       52      2       0       2       0       51678.66  49      29113.0  ms
success		1       53      1       17      1       0       51127.26  48      29113.0  ms
success		1       54      3       38      3       0       50381.72  47      29113.0  ms
success		1       55      1       20      1       0       49967.47  46      29113.0  ms
success		1       56      3       45      3       0       49472.14  45      29113.0  ms
success		1       57      2       14      2       0       48080.82  44      29113.0  ms
success		1       58      2       26      2       0       47485.24  43      29113.0  ms
success		1       59      3       39      3       0       46880.41  42      29113.0  ms
success		1       60      6       32      6       0       45643.09  41      29113.0  ms
success		1       61      2       15      2       0       44549.67  40      29113.0  ms
success		1       62      6       5       6       0       43437.92  39      29113.0  ms
success		1       63      6       27      6       0       44131.35  38      29113.0  ms
success		1       64      3       25      3       0       42161.63  37      29113.0  ms
success		1       65      4       8       4       0       41529.52  36      29113.0  ms
success		1       66      5       8       5       0       40966.83  35      29113.0  ms
success		1       67      2       1       2       0       40985.13  34      29113.0  ms
success		1       68      5       19      5       0       40252.20  33      29113.0  ms
success		1       69      2       31      2       0       39406.40  32      29113.0  ms
success		1       70      1       2       1       0       38911.60  31      29113.0  ms
success		1       71      4       22      4       0       38135.01  30      29113.0  ms
success		1       72      3       27      3       0       37182.77  29      29113.0  ms
success		1       73      6       28      6       0       36381.00  28      29113.0  ms
success		1       74      4       16      4       0       34612.65  27      29113.0  ms
success		1       75      5       16      5       0       34075.59  26      29113.0  ms
success		1       76      1       18      1       0       33330.80  25      29113.0  ms
success		1       77      8       19      8       0       31925.11  24      29113.0  ms
success		1       78      4       14      4       0       30400.58  23      29113.0  ms
success		1       79      6       14      6       0       28146.17  22      29113.0  ms
success		1       80      6       2       6       0       26854.33  21      29113.0  ms
success		1       81      4       18      4       0       25574.54  20      29113.0  ms
success		1       82      4       9       4       0       24323.25  19      29113.0  ms
success		1       83      5       1       5       0       23205.13  18      29113.0  ms
success		1       84      6       0       6       0       21936.39  17      29113.0  ms
success		1       85      7       1       7       0       21238.08  16      29113.0  ms
success		1       86      15      9       11      0       22787.42  15      29113.0  ms
success		1       87      7       6       6       0       22350.68  14      29113.0  ms
success		1       88      7       2       7       0       20389.09  13      29113.0  ms
success		1       89      12      0       10      0       18115.84  12      29128.0  ms
success		1       90      18      11      8       0       17724.50  11      29159.0  ms
success		1       91      18      9       8       0       16923.34  10      29206.0  ms
success		1       92      39      1       13      0       14720.20  9       29331.0  ms
success		1       93      124     0       14      0       13262.80  8       30205.0  ms
success		1       94      217     4       13      0       11542.22  7       32046.0  ms
success		1       0       1       35      1       0       83999.61  101     43621.0  ms
success		1       1       1       31      1       0       83565.42  100     43621.0  ms
success		1       2       1       55      1       0       83238.25  99      43621.0  ms
success		1       3       1       0       1       0       81739.57  98      43621.0  ms
success		1       4       1       0       1       0       81225.98  97      43621.0  ms
success		1       5       1       74      1       0       80904.58  96      43621.0  ms
success		1       6       1       5       1       0       80639.93  95      43621.0  ms
success		1       7       1       30      1       0       80456.35  94      43621.0  ms
success		1       8       1       91      1       0       79836.66  93      43621.0  ms
success		1       9       1       42      1       0       79740.03  92      43621.0  ms
success		1       10      1       59      1       0       79373.99  91      43621.0  ms
success		1       11      1       45      1       0       78911.89  90      43621.0  ms
success		1       12      1       42      1       0       78707.44  89      43621.0  ms
success		1       13      1       55      1       0       78015.95  88      43621.0  ms
success		1       14      1       69      1       0       77851.55  87      43621.0  ms
success		1       15      1       53      1       0       77631.56  86      43621.0  ms
success		1       16      1       74      1       0       76983.67  85      43621.0  ms
success		1       17      1       56      1       0       76335.11  84      43621.0  ms
success		1       18      1       42      1       0       75514.19  83      43621.0  ms
success		1       19      2       73      2       0       74770.91  82      43621.0  ms
success		1       20      1       4       1       0       74262.94  81      43621.0  ms
success		1       21      1       9       1       0       73681.31  80      43621.0  ms
success		1       22      1       19      1       0       72416.86  79      43621.0  ms
success		1       23      1       72      1       0       71681.03  78      43621.0  ms
success		1       24      2       48      2       0       71208.12  77      43621.0  ms
success		1       25      1       4       1       0       70285.42  76      43621.0  ms
success		1       26      1       73      1       0       69399.10  75      43621.0  ms
success		1       27      1       6       1       0       68594.78  74      43621.0  ms
success		1       28      2       21      2       0       67162.46  73      43621.0  ms
success		1       29      2       67      2       0       66740.57  72      43621.0  ms
success		1       30      2       27      2       0       64953.93  71      43621.0  ms
success		1       31      3       52      3       0       64339.03  70      43621.0  ms
success		1       32      2       53      2       0       62925.23  69      43621.0  ms
success		1       33      2       60      2       0       62803.75  68      43621.0  ms
success		1       34      1       30      1       0       62392.58  67      43621.0  ms
success		1       35      1       11      1       0       61775.95  66      43621.0  ms
success		1       36      1       4       1       0       61640.64  65      43621.0  ms
success		1       37      2       51      2       0       60607.08  64      43621.0  ms
success		1       38      1       2       1       0       60032.88  63      43621.0  ms
success		1       39      1       2       1       0       59149.81  62      43621.0  ms
success		1       40      2       18      2       0       58816.48  61      43621.0  ms
success		1       41      3       47      3       0       57809.18  60      43621.0  ms
success		1       42      2       3       2       0       57243.85  59      43621.0  ms
success		1       43      1       9       1       0       56935.83  58      43621.0  ms
success		1       44      2       48      2       0       55458.16  57      43621.0  ms
success		1       45      2       38      2       0       54913.11  56      43621.0  ms
success		1       46      2       47      2       0       54628.29  55      43621.0  ms
success		1       47      2       22      2       0       54466.85  54      43621.0  ms
success		1       48      1       0       1       0       53968.49  53      43621.0  ms
success		1       49      2       15      2       0       53403.77  52      43621.0  ms
success		1       50      2       14      2       0       52925.36  51      43621.0  ms
success		1       51      2       24      2       0       52557.85  50      43621.0  ms
success		1       52      2       44      2       0       51894.52  49      43621.0  ms
success		1       53      2       26      2       0       51332.07  48      43621.0  ms
success		1       54      2       6       2       0       50099.11  47      43621.0  ms
success		1       55      1       8       1       0       48722.08  46      43621.0  ms
success		1       56      2       9       2       0       48307.56  45      43621.0  ms
success		1       57      1       17      1       0       47484.38  44      43621.0  ms
success		1       58      3       30      3       0       46190.25  43      43621.0  ms
success		1       59      2       10      2       0       45451.00  42      43621.0  ms
success		1       60      2       13      2       0       44718.16  41      43621.0  ms
success		1       61      1       5       1       0       44014.26  40      43621.0  ms
success		1       62      2       26      2       0       43559.65  39      43621.0  ms
success		1       63      4       6       4       0       43476.84  38      43621.0  ms
success		1       64      5       1       5       0       42828.45  37      43621.0  ms
success		1       65      5       1       5       0       42120.46  36      43621.0  ms
success		1       66      3       33      3       0       40871.04  35      43621.0  ms
success		1       67      5       17      5       0       41530.51  34      43621.0  ms
success		1       68      3       2       3       0       40935.46  33      43621.0  ms
success		1       69      2       20      2       0       40707.21  32      43621.0  ms
success		1       70      2       26      2       0       39489.32  31      43621.0  ms
success		1       71      3       20      3       0       38535.31  30      43621.0  ms
success		1       72      2       11      2       0       37226.55  29      43621.0  ms
success		1       73      3       18      3       0       35959.37  28      43621.0  ms
success		1       74      4       5       4       0       34346.91  27      43621.0  ms
success		1       75      5       10      5       0       33063.94  26      43621.0  ms
success		1       76      3       8       3       0       32621.21  25      43621.0  ms
success		1       77      2       5       2       0       32444.23  24      43621.0  ms
success		1       78      5       22      5       0       31388.26  23      43621.0  ms
success		1       79      5       19      5       0       30129.45  22      43621.0  ms
success		1       80      8       6       8       0       29040.67  21      43621.0  ms
success		1       81      6       17      6       0       27437.30  20      43621.0  ms
success		1       82      5       12      5       0       26232.12  19      43621.0  ms
success		1       83      5       16      4       0       27279.40  18      43637.0  ms
success		1       84      7       4       7       0       26114.93  17      43637.0  ms
success		1       85      6       14      6       0       24920.04  16      43637.0  ms
success		1       86      6       14      6       0       23652.53  15      43637.0  ms
success		1       87      8       0       6       0       21486.03  14      43637.0  ms
success		1       88      8       1       7       0       20370.31  13      43637.0  ms
success		1       89      9       3       9       0       18723.85  12      43637.0  ms
success		1       90      11      10      7       0       18992.73  11      43637.0  ms
success		1       91      15      8       8       0       14668.10  10      43652.0  ms
success		1       92      22      6       10      0       14673.80  9       43699.0  ms
success		1       93      23      0       12      0       13972.53  8       43746.0  ms
success		1       0       1       95      1       0       83692.49  101     54167.0  ms
success		1       1       1       1       1       0       83144.66  100     54167.0  ms
success		1       2       1       39      1       0       80928.30  99      54167.0  ms
success		1       3       1       87      1       0       80571.68  98      54167.0  ms
success		1       4       1       87      1       0       79963.40  97      54167.0  ms
success		1       5       1       77      1       0       79772.97  96      54167.0  ms
success		1       6       1       36      1       0       79084.58  95      54167.0  ms
success		1       7       1       89      1       0       77850.13  94      54167.0  ms
success		1       8       1       45      1       0       76306.40  93      54167.0  ms
success		1       9       2       88      2       0       75332.20  92      54167.0  ms
success		1       10      1       62      1       0       74147.03  91      54167.0  ms
success		1       11      1       78      1       0       73974.38  90      54167.0  ms
success		1       12      2       36      2       0       74380.10  89      54167.0  ms
success		1       13      1       59      1       0       74059.98  88      54167.0  ms
success		1       14      1       62      1       0       72223.76  87      54167.0  ms
success		1       15      1       84      1       0       71667.88  86      54167.0  ms
success		1       16      1       78      1       0       71371.01  85      54167.0  ms
success		1       17      2       25      2       0       70809.76  84      54167.0  ms
success		1       18      1       71      1       0       70377.20  83      54167.0  ms
success		1       19      1       80      1       0       69727.97  82      54167.0  ms
success		1       20      1       77      1       0       69386.83  81      54167.0  ms
success		1       21      1       63      1       0       68854.97  80      54167.0  ms
success		1       22      1       19      1       0       68430.94  79      54167.0  ms
success		1       23      1       53      1       0       67690.49  78      54167.0  ms
success		1       24      1       73      1       0       67155.09  77      54167.0  ms
success		1       25      1       42      1       0       66894.27  76      54167.0  ms
success		1       26      1       4       1       0       66256.72  75      54167.0  ms
success		1       27      1       12      1       0       65691.95  74      54167.0  ms
success		1       28      2       12      2       0       64281.72  73      54167.0  ms
success		1       29      2       50      2       0       62937.17  72      54167.0  ms
success		1       30      1       57      1       0       62713.23  71      54167.0  ms
success		1       31      4       2       4       0       62280.96  70      54167.0  ms
success		1       32      2       59      2       0       61765.18  69      54167.0  ms
success		1       33      2       62      2       0       61164.62  68      54167.0  ms
success		1       34      2       48      2       0       60036.85  67      54167.0  ms
success		1       35      2       19      2       0       59930.50  66      54167.0  ms
success		1       36      1       2       1       0       59173.83  65      54167.0  ms
success		1       37      2       1       2       0       58655.35  64      54167.0  ms
success		1       38      2       31      2       0       58966.15  63      54167.0  ms
success		1       39      2       22      2       0       58425.71  62      54167.0  ms
success		1       40      2       39      2       0       58337.48  61      54167.0  ms
success		1       41      1       51      1       0       58062.11  60      54167.0  ms
success		1       42      2       15      2       0       56963.39  59      54167.0  ms
success		1       43      4       27      4       0       55007.55  58      54167.0  ms
success		1       44      1       32      1       0       53898.98  57      54167.0  ms
success		1       45      3       43      3       0       53670.95  56      54167.0  ms
success		1       46      3       37      3       0       52871.70  55      54167.0  ms
success		1       47      2       30      2       0       52264.23  54      54167.0  ms
success		1       48      2       10      2       0       51267.15  53      54167.0  ms
success		1       49      1       47      1       0       50928.78  52      54167.0  ms
success		1       50      1       33      1       0       49707.54  51      54167.0  ms
success		1       51      3       26      3       0       49393.66  50      54167.0  ms
success		1       52      2       1       2       0       48870.05  49      54167.0  ms
success		1       53      3       2       3       0       48338.65  48      54167.0  ms
success		1       54      2       21      2       0       48628.41  47      54167.0  ms
success		1       55      1       19      1       0       47685.85  46      54167.0  ms
success		1       56      3       40      3       0       46950.94  45      54167.0  ms
success		1       57      2       23      2       0       46240.81  44      54167.0  ms
success		1       58      3       17      3       0       46675.73  43      54167.0  ms
success		1       59      3       25      3       0       46109.05  42      54167.0  ms
success		1       60      1       22      1       0       45325.02  41      54167.0  ms
success		1       61      2       25      2       0       45190.72  40      54167.0  ms
success		1       62      6       13      6       0       44629.16  39      54167.0  ms
success		1       63      3       26      3       0       43785.26  38      54167.0  ms
success		1       64      2       2       2       0       42234.91  37      54167.0  ms
success		1       65      4       30      4       0       41591.55  36      54183.0  ms
success		1       66      1       33      1       0       40879.86  35      54183.0  ms
success		1       67      2       20      2       0       40574.80  34      54183.0  ms
success		1       68      4       29      4       0       39598.75  33      54183.0  ms
success		1       69      1       23      1       0       39014.92  32      54183.0  ms
success		1       70      3       7       3       0       38531.24  31      54183.0  ms
success		1       71      1       12      1       0       37159.35  30      54183.0  ms
success		1       72      6       20      6       0       36187.90  29      54183.0  ms
success		1       73      4       5       4       0       35891.22  28      54183.0  ms
success		1       74      3       18      3       0       34333.01  27      54183.0  ms
success		1       75      2       10      2       0       33645.29  26      54183.0  ms
success		1       76      3       22      3       0       32300.27  25      54183.0  ms
success		1       77      3       16      3       0       31497.83  24      54183.0  ms
success		1       78      6       8       6       0       29927.61  23      54183.0  ms
success		1       79      1       7       1       0       29397.17  22      54183.0  ms
success		1       80      7       11      7       0       29429.53  21      54183.0  ms
success		1       81      5       8       5       0       28380.79  20      54183.0  ms
success		1       82      7       2       7       0       27991.06  19      54183.0  ms
success		1       83      6       12      6       0       27006.13  18      54183.0  ms
success		1       84      6       13      6       0       25945.93  17      54183.0  ms
success		1       85      7       0       7       0       23983.89  16      54183.0  ms
success		1       86      5       14      5       0       23021.96  15      54183.0  ms
success		1       87      7       10      7       0       21957.96  14      54183.0  ms
success		1       88      9       8       6       0       22151.14  13      54183.0  ms
success		1       89      9       6       8       0       20459.95  12      54183.0  ms
success		1       90      13      5       8       0       17809.01  11      54198.0  ms
success		1       91      15      6       9       0       15998.53  10      54214.0  ms
success		1       92      24      8       9       0       15355.10  9       54307.0  ms
success		1       93      22      8       11      0       13820.91  8       54385.0  ms
success		1       94      486     3       12      0       11892.52  7       60048.0  ms
success		1       0       1       27      1       0       83980.95  101     83355.0  ms
success		1       1       1       41      1       0       83826.84  100     83355.0  ms
success		1       2       1       40      1       0       83519.45  99      83355.0  ms
success		1       3       1       20      1       0       83071.19  98      83355.0  ms
success		1       4       1       37      1       0       82426.75  97      83355.0  ms
success		1       5       1       91      1       0       81083.77  96      83355.0  ms
success		1       6       1       27      1       0       80571.94  95      83355.0  ms
success		1       7       1       14      1       0       79868.56  94      83355.0  ms
success		1       8       1       55      1       0       79622.75  93      83355.0  ms
success		1       9       1       71      1       0       79246.07  92      83355.0  ms
success		1       10      1       14      1       0       78969.39  91      83355.0  ms
success		1       11      1       57      1       0       78321.27  90      83355.0  ms
success		1       12      1       15      1       0       77520.96  89      83355.0  ms
success		1       13      1       26      1       0       76962.46  88      83355.0  ms
success		1       14      1       55      1       0       76470.67  87      83355.0  ms
success		1       15      1       48      1       0       75743.05  86      83355.0  ms
success		1       16      1       36      1       0       74807.80  85      83355.0  ms
success		1       17      1       24      1       0       74399.32  84      83355.0  ms
success		1       18      1       14      1       0       74411.81  83      83355.0  ms
success		1       19      1       2       1       0       74224.65  82      83355.0  ms
success		1       20      1       16      1       0       73836.54  81      83355.0  ms
success		1       21      1       7       1       0       72917.34  80      83355.0  ms
success		1       22      1       9       1       0       72185.83  79      83355.0  ms
success		1       23      1       2       1       0       71917.40  78      83355.0  ms
success		1       24      1       7       1       0       71565.97  77      83355.0  ms
success		1       25      2       33      2       0       70900.69  76      83355.0  ms
success		1       26      1       66      1       0       70300.49  75      83355.0  ms
success		1       27      2       13      2       0       69144.45  74      83355.0  ms
success		1       28      1       42      1       0       68687.45  73      83355.0  ms
success		1       29      1       23      1       0       68353.89  72      83355.0  ms
success		1       30      2       28      2       0       68053.10  71      83355.0  ms
success		1       31      2       61      2       0       66945.27  70      83355.0  ms
success		1       32      1       61      1       0       66301.08  69      83355.0  ms
success		1       33      2       2       2       0       66078.56  68      83355.0  ms
success		1       34      1       12      1       0       65316.51  67      83355.0  ms
success		1       35      1       13      1       0       64484.49  66      83355.0  ms
success		1       36      1       13      1       0       63806.69  65      83355.0  ms
success		1       37      2       4       2       0       63710.55  64      83355.0  ms
success		1       38      1       31      1       0       63148.74  63      83355.0  ms
success		1       39      2       50      2       0       62805.71  62      83355.0  ms
success		1       40      1       10      1       0       62268.32  61      83355.0  ms
success		1       41      2       20      2       0       61752.86  60      83355.0  ms
success		1       42      2       13      2       0       60514.83  59      83355.0  ms
success		1       43      1       41      1       0       59697.35  58      83355.0  ms
success		1       44      1       10      1       0       59254.47  57      83355.0  ms
success		1       45      2       36      2       0       58944.58  56      83355.0  ms
success		1       46      3       51      3       0       57137.51  55      83355.0  ms
success		1       47      1       17      1       0       56556.74  54      83355.0  ms
success		1       48      2       44      2       0       55066.42  53      83355.0  ms
success		1       49      1       15      1       0       54620.38  52      83355.0  ms
success		1       50      3       49      3       0       53787.38  51      83355.0  ms
success		1       51      2       27      2       0       53286.30  50      83355.0  ms
success		1       52      2       47      2       0       51703.18  49      83355.0  ms
success		1       53      2       11      2       0       50046.54  48      83355.0  ms
success		1       54      3       0       3       0       48764.24  47      83355.0  ms
success		1       55      2       37      2       0       48032.74  46      83355.0  ms
success		1       56      1       33      1       0       47676.87  45      83355.0  ms
success		1       57      1       12      1       0       46463.32  44      83355.0  ms
success		1       58      3       3       3       0       46042.26  43      83355.0  ms
success		1       59      1       18      1       0       44488.51  42      83355.0  ms
success		1       60      1       25      1       0       44425.40  41      83355.0  ms
success		1       61      1       14      1       0       43464.59  40      83355.0  ms
success		1       62      3       22      3       0       42847.59  39      83355.0  ms
success		1       63      3       28      3       0       42534.31  38      83355.0  ms
success		1       64      2       14      2       0       42207.91  37      83371.0  ms
success		1       65      4       31      4       0       42066.72  36      83371.0  ms
success		1       66      3       1       3       0       41127.38  35      83371.0  ms
success		1       67      3       12      3       0       39864.81  34      83371.0  ms
success		1       68      5       13      5       0       38589.47  33      83371.0  ms
success		1       69      4       30      4       0       37847.98  32      83371.0  ms
success		1       70      3       5       3       0       36602.44  31      83371.0  ms
success		1       71      2       19      2       0       35607.76  30      83371.0  ms
success		1       72      2       13      2       0       35113.43  29      83371.0  ms
success		1       73      1       24      1       0       34528.77  28      83371.0  ms
success		1       74      3       0       3       0       34058.43  27      83371.0  ms
success		1       75      3       21      3       0       33075.77  26      83371.0  ms
success		1       76      4       15      4       0       32119.75  25      83371.0  ms
success		1       77      5       18      5       0       31801.47  24      83371.0  ms
success		1       78      5       22      5       0       30364.02  23      83371.0  ms
success		1       79      6       5       6       0       28815.85  22      83371.0  ms
success		1       80      3       4       3       0       27819.96  21      83371.0  ms
success		1       81      7       11      7       0       26534.95  20      83371.0  ms
success		1       82      4       9       4       0       25778.43  19      83371.0  ms
success		1       83      9       14      9       0       25094.76  18      83371.0  ms
success		1       84      5       8       5       0       24523.50  17      83371.0  ms
success		1       85      4       15      4       0       23229.95  16      83371.0  ms
success		1       86      8       14      8       0       22114.54  15      83371.0  ms
success		1       87      6       3       6       0       20644.28  14      83371.0  ms
success		1       88      9       1       9       0       19223.53  13      83371.0  ms
success		1       89      13      8       8       0       20211.22  12      83402.0  ms
success		1       90      11      3       7       0       16321.45  11      83418.0  ms
success		1       91      16      2       9       0       15529.84  10      83449.0  ms
success		1       92      58      2       7       0       14814.64  9       83870.0  ms
success		1       93      90      8       11      0       13664.85  8       84837.0  ms
success		1       94      476     5       13      0       12167.65  7       90173.0  ms
success		1       0       1       3       1       0       84206.39  101     109236.0 ms
success		1       1       1       54      1       0       83365.98  100     109236.0 ms
success		1       2       1       20      1       0       82869.05  99      109236.0 ms
success		1       3       1       31      1       0       82238.29  98      109236.0 ms
success		1       4       1       34      1       0       81471.23  97      109236.0 ms
success		1       5       1       32      1       0       81286.54  96      109236.0 ms
success		1       6       1       45      1       0       80817.10  95      109236.0 ms
success		1       7       1       68      1       0       80249.00  94      109236.0 ms
success		1       8       1       89      1       0       79534.74  93      109236.0 ms
success		1       9       1       75      1       0       78778.61  92      109236.0 ms
success		1       10      1       7       1       0       77904.99  91      109236.0 ms
success		1       11      1       75      1       0       77538.36  90      109236.0 ms
success		1       12      1       76      1       0       76839.06  89      109236.0 ms
success		1       13      1       23      1       0       76405.25  88      109236.0 ms
success		1       14      2       61      2       0       76067.81  87      109236.0 ms
success		1       15      1       67      1       0       75356.74  86      109236.0 ms
success		1       16      1       48      1       0       74132.02  85      109236.0 ms
success		1       17      1       33      1       0       73773.84  84      109236.0 ms
success		1       18      1       15      1       0       73352.88  83      109236.0 ms
success		1       19      2       53      2       0       73059.55  82      109236.0 ms
success		1       20      1       41      1       0       72385.97  81      109236.0 ms
success		1       21      1       68      1       0       70768.24  80      109236.0 ms
success		1       22      2       39      2       0       70454.99  79      109236.0 ms
success		1       23      1       55      1       0       70228.61  78      109236.0 ms
success		1       24      2       27      2       0       70047.08  77      109236.0 ms
success		1       25      1       58      1       0       69640.84  76      109236.0 ms
success		1       26      2       3       2       0       69601.30  75      109236.0 ms
success		1       27      1       69      1       0       68755.08  74      109236.0 ms
success		1       28      2       67      2       0       68105.30  73      109236.0 ms
success		1       29      2       47      2       0       67654.63  72      109236.0 ms
success		1       30      1       49      1       0       67145.19  71      109236.0 ms
success		1       31      1       15      1       0       66705.24  70      109236.0 ms
success		1       32      1       60      1       0       66109.26  69      109236.0 ms
success		1       33      2       63      2       0       65446.08  68      109236.0 ms
success		1       34      1       67      1       0       65148.13  67      109236.0 ms
success		1       35      2       43      2       0       64443.28  66      109236.0 ms
success		1       36      2       42      2       0       63376.51  65      109236.0 ms
success		1       37      1       61      1       0       62217.03  64      109252.0 ms
success		1       38      1       50      1       0       61734.15  63      109252.0 ms
success		1       39      3       33      3       0       61149.19  62      109252.0 ms
success		1       40      2       35      2       0       59445.74  61      109252.0 ms
success		1       41      1       49      1       0       59305.49  60      109252.0 ms
success		1       42      1       28      1       0       58753.03  59      109252.0 ms
success		1       43      1       26      1       0       58727.73  58      109252.0 ms
success		1       44      2       43      2       0       57805.36  57      109252.0 ms
success		1       45      1       29      1       0       57597.27  56      109252.0 ms
success		1       46      2       52      2       0       57615.55  55      109252.0 ms
success		1       47      3       51      3       0       56437.77  54      109252.0 ms
success		1       48      1       16      1       0       55967.58  53      109252.0 ms
success		1       49      3       24      3       0       54683.67  52      109252.0 ms
success		1       50      2       31      2       0       53598.15  51      109252.0 ms
success		1       51      3       0       3       0       54346.16  50      109252.0 ms
success		1       52      1       8       1       0       53307.20  49      109252.0 ms
success		1       53      3       39      3       0       52754.32  48      109252.0 ms
success		1       54      1       10      1       0       52679.46  47      109252.0 ms
success		1       55      4       10      4       0       51245.07  46      109252.0 ms
success		1       56      6       9       6       0       49823.77  45      109252.0 ms
success		1       57      4       26      4       0       49032.57  44      109252.0 ms
success		1       58      3       29      3       0       48549.56  43      109252.0 ms
success		1       59      4       39      4       0       47955.86  42      109252.0 ms
success		1       60      3       27      3       0       47219.44  41      109252.0 ms
success		1       61      1       29      1       0       46666.77  40      109252.0 ms
success		1       62      2       15      2       0       46097.13  39      109252.0 ms
success		1       63      2       20      2       0       44235.16  38      109252.0 ms
success		1       64      3       22      3       0       43250.77  37      109252.0 ms
success		1       65      3       22      3       0       41827.98  36      109252.0 ms
success		1       66      3       15      3       0       41135.01  35      109252.0 ms
success		1       67      4       25      4       0       40594.12  34      109252.0 ms
success		1       68      1       21      1       0       38905.03  33      109252.0 ms
success		1       69      2       16      2       0       37690.62  32      109252.0 ms
success		1       70      3       27      3       0       37049.40  31      109252.0 ms
success		1       71      3       6       3       0       36668.10  30      109252.0 ms
success		1       72      3       4       3       0       35001.26  29      109252.0 ms
success		1       73      4       21      4       0       34960.24  28      109252.0 ms
success		1       74      2       11      2       0       34385.58  27      109252.0 ms
success		1       75      3       1       3       0       33601.51  26      109252.0 ms
success		1       76      3       11      3       0       32000.13  25      109252.0 ms
success		1       77      2       2       2       0       31620.21  24      109252.0 ms
success		1       78      4       17      4       0       31499.03  23      109252.0 ms
success		1       79      7       2       7       0       29872.47  22      109252.0 ms
success		1       80      3       12      3       0       28896.47  21      109252.0 ms
success		1       81      3       18      3       0       28116.90  20      109252.0 ms
success		1       82      4       0       4       0       27624.62  19      109252.0 ms
success		1       83      3       6       3       0       26549.91  18      109252.0 ms
success		1       84      7       10      7       0       24980.79  17      109252.0 ms
success		1       85      8       0       7       0       23477.51  16      109252.0 ms
success		1       86      12      5       6       0       23864.87  15      109268.0 ms
success		1       87      10      5       10      0       22218.44  14      109268.0 ms
success		1       88      9       6       9       0       19713.54  13      109268.0 ms
success		1       89      8       6       8       0       18713.57  12      109268.0 ms
success		1       90      10      6       8       0       18446.64  11      109268.0 ms
success		1       91      17      5       7       0       17345.62  10      109299.0 ms
success		1       92      31      7       9       0       13548.94  9       109408.0 ms
success		1       93      24      6       10      0       13978.81  8       109533.0 ms
success		1       94      605     6       17      0       11931.17  7       116069.0 ms
cross iterater0
bad   	success		8557.71   13405.32  8       135991.0 ms cross
rand   	bad   	rand   	ab
ab6	2
ab7	0
cross iterater1
bad   	success		8347.89   11500.72  7       170624.0 ms cross
rand   	bad   	rand   	success		8247.19   12080.28  7       208767.0 ms cross
ab
ab6	5
ab7	1
fail		7912.62   11221.52  7       226801.0 ms
cross iterater2
bad   	success		8048.66   11332.19  7       226801.0 ms cross
rand   	bad   	success		8175.88   12339.19  7       250685.0 ms cross
rand   	ab
ab6	1
ab7	2
cross iterater3
bad   	success		7652.69   11294.62  7       267440.0 ms cross
rand   	bad   	success		7684.34   11065.79  7       292853.0 ms cross
rand   	ab
ab6	3
fail		7726.97   11854.81  7       334350.0 ms
cross iterater4
bad   	success		8161.80   11143.62  7       334350.0 ms cross
rand   	bad   	success		7919.68   11997.91  7       354770.0 ms cross
rand   	ab
ab6	2
fail		7988.07   11184.69  7       396017.0 ms
cross iterater5
bad   	success		7851.73   11211.04  7       396032.0 ms cross
rand   	bad   	rand   	ab
ab7	5
ab6	0
fail		7588.38   11902.77  7       461896.0 ms
fail		7988.07   11184.69  7       481286.0 ms
cross iterater6
bad   	success		7549.08   11452.70  7       481286.0 ms cross
rand   	bad   	rand   	success		7908.57   11372.66  7       519194.0 ms cross
ab
ab7	1
ab6	3
fail		7851.73   11396.67  7       542860.0 ms
cross iterater7
bad   	success		8116.51   12089.19  7       543530.0 ms cross
rand   	bad   	success		8094.46   11714.31  7       561720.0 ms cross
rand   	ab
ab7	4
ab6	1
cross iterater8
bad   	success		7848.87   11814.82  7       586056.0 ms cross
rand   	bad   	success		7742.25   11336.23  7       603934.0 ms cross
rand   	ab
ab6	2
ab7	4
fail		7935.19   11782.26  7       641296.0 ms
cross iterater9
bad   	success		8027.12   11558.54  7       641296.0 ms cross
rand   	bad   	success		7898.63   11969.07  7       666505.0 ms cross
rand   	ab
ab6	4
ab7	3
cross iterater10
bad   	success		8116.34   12069.59  7       687487.0 ms cross
rand   	bad   	success		7929.13   11717.01  7       706004.0 ms cross
rand   	ab
ab6	4
ab7	0
fail		7990.39   11844.52  7       741494.0 ms
cross iterater11
bad   	success		8362.08   11765.43  7       741509.0 ms cross
rand   	bad   	success		7959.21   11640.02  7       767421.0 ms cross
rand   	ab
ab6	0
ab7	4
fail		7960.81   11153.35  7       801413.0 ms
fail		7935.19   11782.26  7       819072.0 ms
cross iterater12
ab
ab6	4
fail		7848.69   12243.25  7       836513.0 ms
fail		7988.07   11184.69  7       856028.0 ms
cross iterater13
ab
ab6	2
cross iterater14
ab
ab6	1
fail		8088.06   11529.27  7       877260.0 ms
fail		7704.35   11512.74  7       894919.0 ms
cross iterater15
bad   	success		7837.15   10891.92  7       894919.0 ms cross
rand   	bad   	success		7930.38   10568.81  7       907055.0 ms cross
rand   	ab
ab7	3
fail		7988.07   11184.69  7       933497.0 ms
cross iterater16
ab
ab7	2
fail		7596.66   12004.59  7       943138.0 ms
fail		7930.38   10977.32  7       956554.0 ms
fail		7988.07   11184.69  7       966803.0 ms
cross iterater17
ab
ab7	2
fail		7988.07   11184.69  7       982449.0 ms
cross iterater18
bad   	success		8016.45   11645.62  7       982449.0 ms cross
rand   	bad   	success		7904.64   11496.94  7       1001247.0 ms cross
rand   	ab
ab7	0
ab6	2
cross iterater19
bad   	success		8013.76   10967.91  7       1020669.0 ms cross
rand   	bad   	success		8177.40   11786.19  7       1040294.0 ms cross
rand   	ab
ab6	2
ab7	0
fail		7863.99   10906.93  7       1084925.0 ms
cross iterater20
bad   	success		8090.17   11164.82  7       1084940.0 ms cross
rand   	bad   	success		8190.28   11641.08  7       1111694.0 ms cross
rand   	ab
ab6	4
ab7	2
cross iterater21
bad   	success		8242.20   11642.22  7       1127200.0 ms cross
rand   	bad   	success		7785.16   11101.39  7       1139524.0 ms cross
rand   	ab
ab6	2
ab7	5
fail		7868.13   12270.47  7       1184420.0 ms
fail		7992.08   11947.49  7       1200207.0 ms
cross iterater22
bad   	success		7956.19   11661.68  7       1200207.0 ms cross
rand   	bad   	success		7991.16   11999.16  7       1214216.0 ms cross
rand   	ab
ab7	0
fail		8160.86   12226.80  7       1255664.0 ms
fail		7863.99   10906.93  7       1271451.0 ms
cross iterater23
bad   	success		7949.54   11622.96  7       1271451.0 ms cross
rand   	bad   	success		7736.86   11364.47  7       1291029.0 ms cross
rand   	ab
fail		7777.06   12089.33  7       1325895.0 ms
fail		7736.86   11630.31  7       1343616.0 ms
cross iterater24
ab
ab7	0
cross iterater25
bad   	rand   	bad   	success		7754.82   10752.32  7       1382662.0 ms cross
rand   	ab
ab6	4
ab7	2
fail		7439.47   11841.93  7       1431193.0 ms
cross iterater26
ab
ab6	2
cross iterater27
bad   	success		8100.44   11654.84  7       1431209.0 ms cross
rand   	bad   	success		7765.01   11767.65  7       1452752.0 ms cross
rand   	ab
ab6	1
ab7	0
cross iterater28
bad   	success		7758.16   10820.80  7       1473126.0 ms cross
rand   	bad   	success		7571.46   11836.93  7       1499895.0 ms cross
rand   	ab
ab6	0
fail		7739.00   12196.94  7       1538972.0 ms
fail		8140.07   11716.50  7       1557333.0 ms
cross iterater29
bad   	success		7822.58   10660.74  7       1557349.0 ms cross
rand   	bad   	rand   	ab
ab7	0
fail		7995.78   11972.76  7       1624022.0 ms
cross iterater30
bad   	success		7818.97   11608.28  7       1624022.0 ms cross
rand   	bad   	success		8106.63   11160.76  7       1634568.0 ms cross
rand   	ab
ab7	0
fail		7818.97   11741.08  7       1658560.0 ms
cross iterater31
bad   	success		7980.96   10612.29  7       1658560.0 ms cross
rand   	bad   	success		7458.40   11611.73  7       1677592.0 ms cross
rand   	ab
ab6	4
fail		7941.75   12496.33  7       1725905.0 ms
cross iterater32
bad   	success		8001.41   11111.65  7       1725905.0 ms cross
rand   	bad   	success		8019.76   11265.03  7       1752908.0 ms cross
rand   	ab
ab7	5
ab6	2
fail		8215.98   12070.32  7       1795464.0 ms
fail		7822.58   11008.74  7       1812718.0 ms
cross iterater33
bad   	success		7857.90   11084.95  7       1812733.0 ms cross
rand   	bad   	success		7559.36   11193.38  7       1834089.0 ms cross
rand   	ab
ab6	1
cross iterater34
ab
fail		8231.18   11781.46  7       1881778.0 ms
cross iterater35
ab
ab6	1
cross iterater36
ab
fail		7980.96   11207.48  7       1897690.0 ms
cross iterater37
ab
fail		7559.36   11258.81  7       1909608.0 ms
fail		7822.58   11008.74  7       1928718.0 ms
fail		7857.90   11258.81  7       1949263.0 ms
cross iterater38
bad   	success		7799.21   11101.79  7       1949263.0 ms cross
rand   	bad   	success		8127.11   12038.98  7       1971149.0 ms cross
rand   	ab
ab6	4
ab7	0
fail		7822.58   11008.74  7       2005391.0 ms
fail		8046.86   12366.49  7       2018042.0 ms
cross iterater39
bad   	success		7443.78   11073.04  7       2018058.0 ms cross
rand   	bad   	success		8025.87   10997.81  7       2038088.0 ms cross
rand   	ab
ab6	4
fail		7668.22   11636.04  7       2085262.0 ms
cross iterater40
bad   	success		7636.12   11455.99  7       2085262.0 ms cross
rand   	bad   	success		7672.30   11371.92  7       2104356.0 ms cross
rand   	ab
ab6	0
ab7	4
fail		7822.58   11008.74  7       2140142.0 ms
cross iterater41
bad   	success		7939.56   11483.41  7       2140142.0 ms cross
rand   	bad   	success		8028.81   11558.89  7       2165211.0 ms cross
rand   	ab
ab6	5
ab7	4
fail		7822.58   11008.74  7       2197845.0 ms
cross iterater42
bad   	success		8027.40   11300.10  7       2197861.0 ms cross
rand   	bad   	success		7759.86   11354.57  7       2215333.0 ms cross
rand   	ab
ab6	4
ab7	2
fail		7822.58   11008.74  7       2241026.0 ms
cross iterater43
bad   	success		7657.41   11661.60  7       2241026.0 ms cross
rand   	bad   	success		7984.68   11152.72  7       2251384.0 ms cross
rand   	ab
ab6	0
fail		7905.03   11688.88  7       2297544.0 ms
cross iterater44
bad   	success		7826.11   11734.90  7       2297622.0 ms cross
rand   	bad   	success		7420.11   12160.10  7       2313050.0 ms cross
rand   	ab
ab6	2
ab7	5
fail		7984.68   11219.50  7       2348898.0 ms
cross iterater45
bad   	success		7840.36   11230.39  7       2348898.0 ms cross
rand   	bad   	success		7581.54   11444.32  7       2379334.0 ms cross
rand   	ab
ab6	4
ab7	1
fail		8157.74   12227.96  7       2407507.0 ms
fail		7759.44   12157.09  7       2418739.0 ms
cross iterater46
ab
ab7	0
fail		7984.68   11219.50  7       2428847.0 ms
cross iterater47
bad   	success		8083.16   12042.29  7       2428847.0 ms cross
rand   	bad   	success		7725.34   12274.25  7       2444354.0 ms cross
rand   	ab
ab6	1
ab7	2
fail		7984.68   11219.50  7       2463136.0 ms
fail		7697.82   11952.52  7       2483197.0 ms
cross iterater48
bad   	success		7739.03   11722.25  7       2483213.0 ms cross
rand   	bad   	success		7861.25   12049.75  7       2494866.0 ms cross
rand   	ab
ab6	0
fail		7697.82   11952.52  7       2524521.0 ms
cross iterater49
bad   	success		7894.36   11956.82  7       2524521.0 ms cross
rand   	bad   	success		8010.94   12494.98  7       2545986.0 ms cross
rand   	ab
ab6	1
ab7	4
fail		7693.88   12412.65  7       2590711.0 ms
cross iterater50
bad   	success		7787.16   11317.34  7       2590711.0 ms cross
rand   	bad   	success		7767.19   12103.11  7       2612239.0 ms cross
rand   	ab
ab6	1
cross iterater51
bad   	success		7599.46   11698.56  7       2630802.0 ms cross
rand   	bad   	success		7770.18   11120.49  7       2655559.0 ms cross
rand   	ab
ab6	5
cross iterater52
bad   	success		7866.28   11571.90  7       2669911.0 ms cross
rand   	bad   	success		7838.54   11124.84  7       2693467.0 ms cross
rand   	ab
ab7	5
fail		7866.28   11987.15  7       2732544.0 ms
cross iterater53
bad   	success		7713.25   11564.81  7       2732560.0 ms cross
rand   	bad   	rand   	ab
ab7	0
fail		7838.54   11269.45  7       2808468.0 ms
cross iterater54
bad   	rand   	success		8073.38   11827.55  7       2822352.0 ms cross
bad   	success		7647.84   12389.55  7       2822352.0 ms cross
rand   	ab
ab6	1
cross iterater55
bad   	success		8239.77   11649.72  7       2844036.0 ms cross
rand   	bad   	rand   	success		7903.42   12611.61  7       2880165.0 ms cross
ab
ab6	1
fail		8073.38   11923.37  7       2906950.0 ms
cross iterater56
bad   	success		7848.93   11415.39  7       2906966.0 ms cross
rand   	bad   	success		7927.06   11841.79  7       2927089.0 ms cross
rand   	ab
ab6	5
ab7	0
fail		8073.38   11923.37  7       2973982.0 ms
fail		7810.31   11886.11  7       3003653.0 ms
fail		7838.54   11269.45  7       3025680.0 ms
fail		8239.77   11920.93  7       3048534.0 ms
cross iterater57
bad   	success		7807.32   11078.94  7       3048549.0 ms cross
rand   	bad   	success		8226.00   11662.09  7       3065928.0 ms cross
rand   	ab
ab7	0
cross iterater58
bad   	success		7751.03   11586.59  7       3084398.0 ms cross
rand   	bad   	success		8148.32   11977.00  7       3097548.0 ms cross
rand   	ab
ab6	5
fail		7796.70   12114.50  7       3143537.0 ms
fail		7479.23   11698.43  7       3163333.0 ms
cross iterater59
bad   	rand   	bad   	success		7778.99   11715.29  7       3194907.0 ms cross
rand   	ab
ab7	0
cross iterater60
bad   	rand   	bad   	success		7879.95   11429.49  7       3260644.0 ms cross
rand   	ab
ab6	4
ab7	5
cross iterater61
bad   	success		7484.59   11586.87  7       3281704.0 ms cross
rand   	bad   	success		8100.30   11556.96  7       3301547.0 ms cross
rand   	ab
ab6	4
ab7	5
fail		7501.32   12373.55  7       3338487.0 ms
fail		7773.15   11812.18  7       3355179.0 ms
cross iterater62
bad   	success		7773.32   11263.16  7       3355195.0 ms cross
rand   	bad   	success		7653.64   11741.92  7       3370545.0 ms cross
rand   	ab
ab7	0
fail		7653.64   11973.36  7       3400481.0 ms
cross iterater63
bad   	success		7804.95   11464.14  7       3400481.0 ms cross
rand   	bad   	success		7846.87   11550.91  7       3421182.0 ms cross
rand   	ab
ab6	2
ab7	4
fail		8143.82   12531.84  7       3457436.0 ms
fail		7807.32   11269.75  7       3473394.0 ms
fail		7804.95   11727.44  7       3496420.0 ms
cross iterater64
bad   	success		8366.91   12110.37  7       3496420.0 ms cross
rand   	bad   	success		8069.86   11573.34  7       3520709.0 ms cross
rand   	ab
ab6	1
fail		7804.95   11727.44  7       3551674.0 ms
cross iterater65
bad   	success		7821.70   12024.26  7       3551690.0 ms cross
rand   	bad   	success		7773.88   11583.61  7       3574684.0 ms cross
rand   	ab
ab7	1
fail		7807.32   11269.75  7       3607038.0 ms
cross iterater66

R.size:7

1		54	48	15	167	183	156	124	7	68	14	97	118	130	27	72	109	165	52	86	44	145	157	
2		47	153	92	57	6	203	149	172	197	181	35	164	170	110	3	136	135	5	46	186	77	138	101	81	32	192	139	50	73	141	185	39	201	83	
3		163	84	127	150	180	43	78	132	171	105	88	12	114	173	21	33	125	87	17	115	121	122	10	96	75	69	34	175	
4		131	182	24	161	147	31	85	56	45	128	168	151	177	53	38	160	94	112	117	189	166	198	106	22	95	80	194	55	107	126	154	70	29	1	67	202	64	204	
5		140	100	4	37	133	169	40	143	59	65	99	108	23	9	176	174	134	58	137	123	13	11	8	60	
6		28	120	42	49	63	196	116	26	159	62	25	104	20	187	113	191	162	144	71	89	41	51	178	66	82	76	2	93	193	36	18	179	195	102	146	103	
7		142	152	155	199	98	61	190	184	188	16	111	129	119	90	79	91	148	158	30	19	200	74	

data1/pdp200/LRC2_2_2.txt
total_cost 7420.108230

