success		1       0       1       98      1       0       46032.78  106     10.0     ms
success		1       1       1       70      1       0       45897.95  105     10.0     ms
success		1       2       1       58      1       0       45965.90  104     10.0     ms
success		1       3       1       54      1       0       45620.53  103     10.0     ms
success		1       4       1       15      1       0       44972.59  102     10.0     ms
success		1       5       1       75      1       0       44766.51  101     10.0     ms
success		1       6       1       40      1       0       44595.92  100     10.0     ms
success		1       7       1       99      1       0       44112.82  99      10.0     ms
success		1       8       1       77      1       0       43721.60  98      10.0     ms
success		1       9       1       35      1       0       43044.66  97      10.0     ms
success		1       10      1       61      1       0       42891.16  96      10.0     ms
success		1       11      1       29      1       0       42453.44  95      10.0     ms
success		1       12      1       65      1       0       42010.82  94      10.0     ms
success		1       13      1       50      1       0       41746.35  93      10.0     ms
success		1       14      1       71      1       0       41283.12  92      10.0     ms
success		1       15      2       35      2       0       40779.00  91      10.0     ms
success		1       16      1       9       1       0       40291.72  90      10.0     ms
success		1       17      1       52      1       0       39949.81  89      10.0     ms
success		1       18      2       12      2       0       39486.04  88      10.0     ms
success		1       19      1       50      1       0       39407.86  87      10.0     ms
success		1       20      2       0       2       0       39039.40  86      10.0     ms
success		1       21      1       42      1       0       38592.62  85      10.0     ms
success		1       22      1       15      1       0       37869.52  84      20.0     ms
success		1       23      1       38      1       0       37720.58  83      20.0     ms
success		1       24      1       73      1       0       37346.39  82      20.0     ms
success		1       25      1       16      1       0       36962.63  81      20.0     ms
success		1       26      1       56      1       0       36790.36  80      20.0     ms
success		1       27      1       49      1       0       36555.69  79      20.0     ms
success		1       28      1       32      1       0       36223.85  78      20.0     ms
success		1       29      1       65      1       0       35900.36  77      20.0     ms
success		1       30      2       11      2       0       35315.41  76      20.0     ms
success		1       31      1       9       1       0       34572.48  75      20.0     ms
success		1       32      1       54      1       0       34392.55  74      20.0     ms
success		1       33      1       38      1       0       34013.06  73      20.0     ms
success		1       34      1       18      1       0       33774.73  72      20.0     ms
success		1       35      2       3       2       0       33550.57  71      20.0     ms
success		1       36      2       43      2       0       32885.95  70      20.0     ms
success		1       37      2       41      2       0       32235.88  69      20.0     ms
success		1       38      2       6       2       0       32016.99  68      20.0     ms
success		1       39      1       18      1       0       31443.17  67      20.0     ms
success		1       40      2       36      2       0       30563.27  66      20.0     ms
success		1       41      2       46      2       0       30622.55  65      20.0     ms
success		1       42      2       40      2       0       30267.77  64      20.0     ms
success		1       43      2       12      2       0       29687.53  63      20.0     ms
success		1       44      1       6       1       0       29037.34  62      20.0     ms
success		1       45      3       46      3       0       28528.45  61      20.0     ms
success		1       46      1       34      1       0       27581.87  60      20.0     ms
success		1       47      3       35      3       0       27422.73  59      20.0     ms
success		1       48      2       14      2       0       26849.04  58      20.0     ms
success		1       49      2       10      2       0       26316.30  57      20.0     ms
success		1       50      2       28      2       0       26031.97  56      20.0     ms
success		1       51      3       8       3       0       25858.47  55      20.0     ms
success		1       52      2       42      2       0       25529.60  54      20.0     ms
success		1       53      2       22      2       0       24944.09  53      20.0     ms
success		1       54      2       22      2       0       24162.14  52      20.0     ms
success		1       55      2       38      2       0       23632.26  51      20.0     ms
success		1       56      2       17      2       0       23209.28  50      20.0     ms
success		1       57      1       30      1       0       22766.07  49      20.0     ms
success		1       58      3       27      3       0       22117.20  48      20.0     ms
success		1       59      4       13      4       0       21666.53  47      20.0     ms
success		1       60      2       26      2       0       21326.84  46      20.0     ms
success		1       61      3       27      3       0       20690.89  45      20.0     ms
success		1       62      3       8       3       0       20405.62  44      20.0     ms
success		1       63      2       5       2       0       19683.62  43      20.0     ms
success		1       64      3       5       3       0       18903.07  42      20.0     ms
success		1       65      3       33      3       0       18355.08  41      20.0     ms
success		1       66      3       12      3       0       17591.42  40      20.0     ms
success		1       67      3       32      3       0       17318.72  39      20.0     ms
success		1       68      5       17      3       0       18057.35  38      20.0     ms
success		1       69      3       4       3       0       17066.84  37      20.0     ms
success		1       70      5       30      3       0       16434.77  36      30.0     ms
success		1       71      5       9       3       0       16020.81  35      30.0     ms
success		1       72      9       1       3       0       15284.85  34      30.0     ms
success		1       73      5       23      3       0       13989.18  33      30.0     ms
success		1       74      11      7       2       0       14076.34  32      40.0     ms
success		1       75      3       8       3       0       12837.32  31      40.0     ms
success		1       76      23      8       2       0       12395.73  30      50.0     ms
success		1       77      28      0       4       0       11608.22  29      60.0     ms
success		1       78      59      11      3       0       10880.06  28      110.0    ms
success		1       79      82      21      3       0       10087.02  27      160.0    ms
success		1       0       1       56      1       0       58131.71  106     490.0    ms
success		1       1       1       67      1       0       57506.00  105     490.0    ms
success		1       2       1       39      1       0       56435.34  104     490.0    ms
success		1       3       1       40      1       0       55860.09  103     490.0    ms
success		1       4       1       2       1       0       54959.86  102     490.0    ms
success		1       5       1       10      1       0       54092.45  101     490.0    ms
success		1       6       1       54      1       0       53091.18  100     490.0    ms
success		1       7       1       54      1       0       52768.13  99      490.0    ms
success		1       8       1       87      1       0       52071.96  98      490.0    ms
success		1       9       1       74      1       0       51194.20  97      490.0    ms
success		1       10      1       18      1       0       50711.53  96      490.0    ms
success		1       11      1       67      1       0       49955.22  95      490.0    ms
success		1       12      1       51      1       0       49081.18  94      490.0    ms
success		1       13      1       52      1       0       48715.17  93      490.0    ms
success		1       14      1       81      1       0       48062.45  92      490.0    ms
success		1       15      3       72      3       0       47162.12  91      490.0    ms
success		1       16      2       41      2       0       46599.13  90      490.0    ms
success		1       17      1       58      1       0       46466.61  89      490.0    ms
success		1       18      1       11      1       0       46080.65  88      490.0    ms
success		1       19      2       56      2       0       45115.00  87      490.0    ms
success		1       20      2       29      2       0       44465.65  86      490.0    ms
success		1       21      1       57      1       0       43369.41  85      490.0    ms
success		1       22      2       25      2       0       43032.84  84      490.0    ms
success		1       23      2       80      2       0       42260.81  83      490.0    ms
success		1       24      1       68      1       0       41866.41  82      490.0    ms
success		1       25      1       6       1       0       41602.11  81      490.0    ms
success		1       26      1       68      1       0       41067.88  80      490.0    ms
success		1       27      1       66      1       0       40520.41  79      490.0    ms
success		1       28      1       53      1       0       39814.13  78      490.0    ms
success		1       29      2       69      2       0       39469.87  77      490.0    ms
success		1       30      1       39      1       0       38850.65  76      490.0    ms
success		1       31      1       28      1       0       37963.80  75      490.0    ms
success		1       32      1       57      1       0       37321.44  74      490.0    ms
success		1       33      1       45      1       0       37021.01  73      490.0    ms
success		1       34      1       5       1       0       36406.54  72      490.0    ms
success		1       35      1       2       1       0       35698.17  71      490.0    ms
success		1       36      2       21      2       0       35462.09  70      490.0    ms
success		1       37      2       22      2       0       34656.35  69      490.0    ms
success		1       38      1       17      1       0       33856.18  68      490.0    ms
success		1       39      1       23      1       0       33248.69  67      490.0    ms
success		1       40      2       32      2       0       32618.47  66      490.0    ms
success		1       41      1       14      1       0       32118.31  65      490.0    ms
success		1       42      2       37      2       0       31190.61  64      490.0    ms
success		1       43      1       54      1       0       30757.63  63      490.0    ms
success		1       44      1       46      1       0       30296.24  62      490.0    ms
success		1       45      1       47      1       0       29637.13  61      490.0    ms
success		1       46      3       46      3       0       29422.67  60      490.0    ms
success		1       47      2       43      2       0       28625.20  59      490.0    ms
success		1       48      3       31      3       0       27949.44  58      490.0    ms
success		1       49      2       6       2       0       27631.46  57      490.0    ms
success		1       50      3       31      3       0       27163.58  56      490.0    ms
success		1       51      2       33      2       0       26361.34  55      500.0    ms
success		1       52      1       4       1       0       25758.28  54      500.0    ms
success		1       53      3       19      3       0       24977.79  53      500.0    ms
success		1       54      2       4       2       0       24852.37  52      500.0    ms
success		1       55      1       38      1       0       24280.69  51      500.0    ms
success		1       56      3       21      3       0       23272.64  50      500.0    ms
success		1       57      2       4       2       0       22678.16  49      500.0    ms
success		1       58      2       41      2       0       21939.39  48      500.0    ms
success		1       59      3       3       3       0       21338.06  47      500.0    ms
success		1       60      2       43      2       0       20709.02  46      500.0    ms
success		1       61      4       8       4       0       20097.22  45      500.0    ms
success		1       62      2       23      2       0       19205.74  44      500.0    ms
success		1       63      2       27      2       0       18499.46  43      500.0    ms
success		1       64      4       20      4       0       17756.02  42      500.0    ms
success		1       65      2       13      2       0       17400.57  41      500.0    ms
success		1       66      3       24      3       0       16560.09  40      500.0    ms
success		1       67      3       15      2       0       18761.05  39      500.0    ms
success		1       68      4       38      4       0       17568.69  38      500.0    ms
success		1       69      6       11      3       0       15475.89  36      500.0    ms
success		1       70      3       27      3       0       14989.65  35      500.0    ms
success		1       71      3       14      2       0       15344.79  34      500.0    ms
success		1       72      4       31      4       0       14206.19  33      500.0    ms
success		1       73      14      9       3       0       14051.03  32      500.0    ms
success		1       74      18      16      2       0       12613.79  31      510.0    ms
success		1       75      9       19      3       0       11631.05  30      520.0    ms
success		1       76      40      2       4       0       11830.92  29      544.0    ms
success		1       77      8       6       4       0       10548.70  28      544.0    ms
success		1       78      107     5       4       0       10313.29  27      611.0    ms
success		1       79      343     7       4       0       9404.92   26      840.0    ms
success		1       0       1       72      1       0       58328.91  106     1210.0   ms
success		1       1       1       19      1       0       57714.73  105     1210.0   ms
success		1       2       1       95      1       0       56923.01  104     1210.0   ms
success		1       3       1       42      1       0       56290.32  103     1210.0   ms
success		1       4       1       38      1       0       55799.07  102     1210.0   ms
success		1       5       1       34      1       0       54912.22  101     1210.0   ms
success		1       6       1       22      1       0       54017.35  100     1210.0   ms
success		1       7       1       70      1       0       53152.25  99      1210.0   ms
success		1       8       1       8       1       0       52510.78  98      1210.0   ms
success		1       9       1       74      1       0       51631.82  97      1210.0   ms
success		1       10      2       21      2       0       51522.98  96      1210.0   ms
success		1       11      1       43      1       0       50883.96  95      1210.0   ms
success		1       12      1       49      1       0       50011.89  94      1210.0   ms
success		1       13      1       57      1       0       49182.07  93      1210.0   ms
success		1       14      1       4       1       0       48239.59  92      1210.0   ms
success		1       15      1       42      1       0       47534.72  91      1210.0   ms
success		1       16      1       52      1       0       47077.60  90      1210.0   ms
success		1       17      1       52      1       0       46361.29  89      1210.0   ms
success		1       18      1       21      1       0       45934.73  88      1210.0   ms
success		1       19      2       47      2       0       45269.00  87      1210.0   ms
success		1       20      2       61      2       0       44507.91  86      1210.0   ms
success		1       21      2       16      2       0       43958.10  85      1210.0   ms
success		1       22      1       6       1       0       43172.32  84      1210.0   ms
success		1       23      1       78      1       0       42850.60  83      1210.0   ms
success		1       24      2       30      2       0       42356.20  82      1210.0   ms
success		1       25      1       17      1       0       41696.84  81      1210.0   ms
success		1       26      2       78      2       0       41547.22  80      1210.0   ms
success		1       27      1       23      1       0       40960.30  79      1210.0   ms
success		1       28      1       75      1       0       40138.48  78      1210.0   ms
success		1       29      1       23      1       0       39220.57  77      1210.0   ms
success		1       30      2       19      2       0       39078.80  76      1210.0   ms
success		1       31      2       66      2       0       38308.93  75      1210.0   ms
success		1       32      2       27      2       0       37058.13  74      1210.0   ms
success		1       33      1       0       1       0       36531.28  73      1210.0   ms
success		1       34      1       57      1       0       36219.38  72      1210.0   ms
success		1       35      1       60      1       0       35708.96  71      1210.0   ms
success		1       36      2       12      2       0       35003.68  70      1210.0   ms
success		1       37      1       32      1       0       34669.41  69      1210.0   ms
success		1       38      2       22      2       0       33954.98  68      1210.0   ms
success		1       39      2       0       2       0       33550.74  67      1210.0   ms
success		1       40      2       46      2       0       33168.81  66      1210.0   ms
success		1       41      1       4       1       0       32318.91  65      1210.0   ms
success		1       42      1       5       1       0       31420.34  64      1210.0   ms
success		1       43      2       21      2       0       31163.57  63      1210.0   ms
success		1       44      2       44      2       0       30787.48  62      1210.0   ms
success		1       45      1       41      1       0       29992.07  61      1210.0   ms
success		1       46      1       0       1       0       29479.55  60      1220.0   ms
success		1       47      1       51      1       0       28575.75  59      1220.0   ms
success		1       48      2       34      2       0       27990.79  58      1220.0   ms
success		1       49      1       50      1       0       27381.18  57      1220.0   ms
success		1       50      2       46      2       0       26718.17  56      1220.0   ms
success		1       51      1       43      1       0       26092.60  55      1220.0   ms
success		1       52      2       9       2       0       25782.59  54      1220.0   ms
success		1       53      1       0       1       0       25187.68  53      1220.0   ms
success		1       54      3       16      3       0       24595.16  52      1220.0   ms
success		1       55      2       0       2       0       23843.11  51      1220.0   ms
success		1       56      3       33      3       0       23289.67  50      1220.0   ms
success		1       57      2       38      2       0       22093.70  49      1220.0   ms
success		1       58      2       40      2       0       21512.34  48      1220.0   ms
success		1       59      2       14      1       0       20442.12  42      1220.0   ms
success		1       60      1       14      1       0       19626.19  41      1220.0   ms
success		1       61      4       22      3       0       18524.33  39      1220.0   ms
success		1       62      5       32      4       0       18440.28  38      1220.0   ms
success		1       63      3       31      3       0       17562.44  37      1220.0   ms
success		1       64      3       1       3       0       16582.23  36      1220.0   ms
success		1       65      7       18      4       0       16329.01  35      1220.0   ms
success		1       66      4       22      4       0       14861.49  34      1220.0   ms
success		1       67      9       2       2       0       13874.30  33      1230.0   ms
success		1       68      11      24      4       0       13549.10  32      1230.0   ms
success		1       69      6       19      3       0       12568.28  31      1230.0   ms
success		1       70      8       29      4       0       12411.91  30      1230.0   ms
success		1       71      22      14      3       0       11386.17  29      1240.0   ms
success		1       72      23      18      4       0       10576.47  28      1250.0   ms
success		1       73      48      25      4       0       9975.57   27      1280.0   ms
success		1       0       1       78      1       0       57893.36  106     1593.0   ms
success		1       1       1       0       1       0       57341.96  105     1603.0   ms
success		1       2       1       54      1       0       56401.88  104     1603.0   ms
success		1       3       1       10      1       0       55559.49  103     1604.0   ms
success		1       4       1       3       1       0       55016.01  102     1604.0   ms
success		1       5       1       12      1       0       54440.80  101     1604.0   ms
success		1       6       1       83      1       0       54188.76  100     1604.0   ms
success		1       7       1       13      1       0       53740.44  99      1605.0   ms
success		1       8       1       39      1       0       53493.79  98      1605.0   ms
success		1       9       1       27      1       0       52883.27  97      1605.0   ms
success		1       10      2       48      2       0       51897.58  96      1605.0   ms
success		1       11      1       86      1       0       51060.82  95      1606.0   ms
success		1       12      2       19      2       0       50171.45  94      1606.0   ms
success		1       13      1       50      1       0       49848.51  93      1606.0   ms
success		1       14      1       52      1       0       49379.45  92      1606.0   ms
success		1       15      1       46      1       0       49097.87  91      1606.0   ms
success		1       16      1       89      1       0       48582.61  90      1606.0   ms
success		1       17      1       67      1       0       48002.43  89      1606.0   ms
success		1       18      1       50      1       0       47196.06  88      1607.0   ms
success		1       19      1       68      1       0       46547.45  87      1607.0   ms
success		1       20      2       44      2       0       46040.08  86      1607.0   ms
success		1       21      2       83      2       0       45055.17  85      1607.0   ms
success		1       22      2       55      2       0       44704.00  84      1607.0   ms
success		1       23      1       31      1       0       43743.05  83      1607.0   ms
success		1       24      2       27      2       0       43261.88  82      1607.0   ms
success		1       25      1       25      1       0       42311.44  81      1607.0   ms
success		1       26      3       63      3       0       41375.86  80      1608.0   ms
success		1       27      1       2       1       0       40743.30  79      1608.0   ms
success		1       28      2       27      2       0       40347.56  78      1608.0   ms
success		1       29      1       57      1       0       39906.70  77      1608.0   ms
success		1       30      1       56      1       0       38926.40  76      1608.0   ms
success		1       31      2       50      2       0       38184.57  75      1608.0   ms
success		1       32      2       24      2       0       37615.54  74      1609.0   ms
success		1       33      1       24      1       0       36828.23  73      1609.0   ms
success		1       34      1       57      1       0       36124.27  72      1609.0   ms
success		1       35      1       49      1       0       35332.57  71      1609.0   ms
success		1       36      1       0       1       0       35015.92  70      1609.0   ms
success		1       37      1       33      1       0       34525.07  69      1609.0   ms
success		1       38      2       38      2       0       34272.52  68      1609.0   ms
success		1       39      1       31      1       0       33722.12  67      1610.0   ms
success		1       40      1       48      1       0       33077.81  66      1610.0   ms
success		1       41      3       7       3       0       32605.25  65      1610.0   ms
success		1       42      1       49      1       0       32257.07  64      1610.0   ms
success		1       43      1       42      1       0       31857.77  63      1610.0   ms
success		1       44      1       27      1       0       31226.33  62      1610.0   ms
success		1       45      2       58      2       0       31061.02  61      1610.0   ms
success		1       46      2       18      2       0       30152.80  60      1610.0   ms
success		1       47      2       48      2       0       29268.62  59      1611.0   ms
success		1       48      1       47      1       0       28457.11  58      1611.0   ms
success		1       49      1       11      1       0       27628.02  57      1612.0   ms
success		1       50      3       27      3       0       26957.96  56      1612.0   ms
success		1       51      1       45      1       0       26114.86  55      1613.0   ms
success		1       52      2       31      2       0       25237.20  54      1613.0   ms
success		1       53      2       14      2       0       24971.12  53      1613.0   ms
success		1       54      1       40      1       0       24202.82  52      1613.0   ms
success		1       55      3       13      3       0       23729.49  51      1614.0   ms
success		1       56      2       10      2       0       23168.05  50      1614.0   ms
success		1       57      2       44      2       0       22297.25  49      1614.0   ms
success		1       58      2       46      2       0       21581.73  48      1615.0   ms
success		1       59      2       35      2       0       20939.79  47      1615.0   ms
success		1       60      3       43      3       0       20402.76  46      1616.0   ms
success		1       61      3       23      3       0       20185.38  45      1616.0   ms
success		1       62      2       23      2       0       19556.81  44      1616.0   ms
success		1       63      3       6       3       0       18737.62  43      1616.0   ms
success		1       64      2       20      2       0       18156.14  42      1617.0   ms
success		1       65      2       1       2       0       17680.58  41      1617.0   ms
success		1       66      2       32      2       0       17020.80  40      1617.0   ms
success		1       67      4       34      3       0       18364.77  39      1618.0   ms
success		1       68      1       30      1       0       17473.84  38      1618.0   ms
success		1       69      6       36      4       0       17185.57  37      1618.0   ms
success		1       70      5       29      3       0       16269.83  36      1619.0   ms
success		1       71      6       3       3       0       15128.72  35      1620.0   ms
success		1       72      9       3       3       0       14175.46  34      1623.0   ms
success		1       73      6       1       3       0       13628.79  33      1625.0   ms
success		1       74      17      30      4       0       13549.77  32      1635.0   ms
success		1       75      12      22      3       0       12819.51  31      1637.0   ms
success		1       76      22      6       3       0       12759.18  30      1647.0   ms
success		1       77      42      3       3       0       11680.10  29      1677.0   ms
success		1       78      60      0       4       0       11079.23  28      1717.0   ms
success		1       79      165     10      4       0       9893.10   27      1850.0   ms
success		1       80      307     22      4       0       9127.61   26      2088.0   ms
success		1       0       1       71      1       0       57812.30  106     2412.0   ms
success		1       1       1       61      1       0       57529.08  105     2422.0   ms
success		1       2       1       29      1       0       56792.24  104     2422.0   ms
success		1       3       1       28      1       0       55895.44  103     2422.0   ms
success		1       4       1       24      1       0       55418.10  102     2422.0   ms
success		1       5       1       29      1       0       54930.80  101     2422.0   ms
success		1       6       1       19      1       0       53956.58  100     2422.0   ms
success		1       7       1       49      1       0       53119.33  99      2422.0   ms
success		1       8       1       81      1       0       52804.40  98      2422.0   ms
success		1       9       1       54      1       0       52523.29  97      2422.0   ms
success		1       10      1       14      1       0       51972.34  96      2422.0   ms
success		1       11      1       25      1       0       51341.20  95      2422.0   ms
success		1       12      1       86      1       0       50933.44  94      2422.0   ms
success		1       13      1       2       1       0       50277.21  93      2422.0   ms
success		1       14      1       34      1       0       49990.51  92      2422.0   ms
success		1       15      1       31      1       0       49019.33  91      2422.0   ms
success		1       16      2       38      2       0       48598.00  90      2422.0   ms
success		1       17      1       0       1       0       47812.23  89      2422.0   ms
success		1       18      1       70      1       0       47500.34  88      2422.0   ms
success		1       19      1       38      1       0       46817.76  87      2422.0   ms
success		1       20      1       46      1       0       46148.49  86      2422.0   ms
success		1       21      1       70      1       0       45337.11  85      2422.0   ms
success		1       22      2       13      2       0       44620.21  84      2422.0   ms
success		1       23      2       24      2       0       44021.32  83      2422.0   ms
success		1       24      1       73      1       0       43213.58  82      2422.0   ms
success		1       25      1       51      1       0       42902.01  81      2422.0   ms
success		1       26      2       58      2       0       42388.17  80      2422.0   ms
success		1       27      1       22      1       0       41640.36  79      2422.0   ms
success		1       28      1       78      1       0       40999.48  78      2422.0   ms
success		1       29      3       23      3       0       40427.13  77      2422.0   ms
success		1       30      2       19      2       0       40147.90  76      2422.0   ms
success		1       31      2       21      2       0       39397.92  75      2422.0   ms
success		1       32      3       0       3       0       38593.12  74      2422.0   ms
success		1       33      2       46      2       0       38032.69  73      2432.0   ms
success		1       34      1       4       1       0       37727.53  72      2432.0   ms
success		1       35      1       7       1       0       36807.20  71      2432.0   ms
success		1       36      1       13      1       0       36122.31  70      2432.0   ms
success		1       37      2       36      2       0       35240.50  69      2432.0   ms
success		1       38      2       62      2       0       34571.90  68      2432.0   ms
success		1       39      2       5       2       0       34085.51  67      2432.0   ms
success		1       40      2       55      2       0       33593.62  66      2432.0   ms
success		1       41      2       4       2       0       33015.16  65      2432.0   ms
success		1       42      2       21      2       0       32280.09  64      2432.0   ms
success		1       43      2       53      2       0       31370.15  63      2432.0   ms
success		1       44      1       29      1       0       30786.40  62      2432.0   ms
success		1       45      1       5       1       0       30451.55  61      2432.0   ms
success		1       46      1       43      1       0       29483.92  60      2432.0   ms
success		1       47      3       45      3       0       28687.91  59      2432.0   ms
success		1       48      2       40      2       0       27879.64  58      2432.0   ms
success		1       49      3       51      3       0       27300.17  57      2432.0   ms
success		1       50      2       10      2       0       27351.27  56      2432.0   ms
success		1       51      2       6       2       0       26884.95  55      2432.0   ms
success		1       52      3       1       3       0       26071.19  54      2432.0   ms
success		1       53      3       38      3       0       25395.71  53      2432.0   ms
success		1       54      2       15      2       0       25006.11  52      2432.0   ms
success		1       55      2       3       2       0       24011.69  51      2432.0   ms
success		1       56      1       1       1       0       23507.99  50      2432.0   ms
success		1       57      2       48      2       0       22480.70  49      2432.0   ms
success		1       58      3       26      3       0       22296.07  48      2432.0   ms
success		1       59      2       12      2       0       21415.03  47      2432.0   ms
success		1       60      2       19      2       0       20553.59  46      2432.0   ms
success		1       61      2       38      2       0       20029.63  45      2432.0   ms
success		1       62      3       6       3       0       19439.97  44      2432.0   ms
success		1       63      2       2       2       0       18765.84  43      2432.0   ms
success		1       64      2       40      2       0       18496.29  42      2432.0   ms
success		1       65      3       0       3       0       17976.59  41      2432.0   ms
success		1       66      6       18      4       0       18037.91  40      2432.0   ms
success		1       67      2       0       2       0       17451.25  39      2432.0   ms
success		1       68      4       10      4       0       17132.29  38      2432.0   ms
success		1       69      2       18      2       0       16207.02  37      2432.0   ms
success		1       70      5       32      3       0       16810.72  36      2442.0   ms
success		1       71      2       3       2       0       15824.95  35      2442.0   ms
success		1       72      4       0       3       0       15110.94  34      2442.0   ms
success		1       73      4       18      2       0       14702.33  33      2442.0   ms
success		1       74      7       3       3       0       13376.09  32      2442.0   ms
success		1       75      16      16      3       0       12972.22  31      2452.0   ms
success		1       76      15      1       4       0       11471.35  30      2466.0   ms
success		1       77      28      5       3       0       11369.91  29      2481.0   ms
success		1       78      23      10      3       0       10302.70  28      2494.0   ms
success		1       79      246     14      4       0       10433.43  27      2658.0   ms
success		1       80      381     21      4       0       9042.61   26      2898.0   ms
success		1       0       1       1       1       0       58315.23  106     3221.0   ms
success		1       1       1       72      1       0       57669.39  105     3221.0   ms
success		1       2       1       53      1       0       56818.42  104     3221.0   ms
success		1       3       1       90      1       0       56181.27  103     3221.0   ms
success		1       4       1       102     1       0       55464.37  102     3221.0   ms
success		1       5       1       94      1       0       54419.28  101     3231.0   ms
success		1       6       1       67      1       0       53938.68  100     3231.0   ms
success		1       7       1       77      1       0       53399.25  99      3231.0   ms
success		1       8       1       66      1       0       52538.60  98      3231.0   ms
success		1       9       1       27      1       0       51986.90  97      3231.0   ms
success		1       10      1       95      1       0       51535.41  96      3231.0   ms
success		1       11      1       84      1       0       51098.04  95      3231.0   ms
success		1       12      1       71      1       0       50263.23  94      3231.0   ms
success		1       13      1       77      1       0       49318.85  93      3231.0   ms
success		1       14      1       11      1       0       48997.57  92      3231.0   ms
success		1       15      1       26      1       0       47987.01  91      3231.0   ms
success		1       16      2       43      2       0       47081.54  90      3231.0   ms
success		1       17      1       2       1       0       46363.90  89      3231.0   ms
success		1       18      1       68      1       0       45946.34  88      3231.0   ms
success		1       19      1       50      1       0       45116.06  87      3231.0   ms
success		1       20      1       19      1       0       44612.14  86      3231.0   ms
success		1       21      1       31      1       0       44109.29  85      3231.0   ms
success		1       22      1       69      1       0       43887.76  84      3231.0   ms
success		1       23      1       50      1       0       43553.39  83      3231.0   ms
success		1       24      1       43      1       0       42892.40  82      3231.0   ms
success		1       25      2       77      2       0       42200.32  81      3231.0   ms
success		1       26      1       64      1       0       41758.39  80      3231.0   ms
success		1       27      3       77      3       0       41633.54  79      3231.0   ms
success		1       28      1       40      1       0       41010.99  78      3231.0   ms
success		1       29      1       5       1       0       40160.35  77      3231.0   ms
success		1       30      2       41      2       0       39779.42  76      3231.0   ms
success		1       31      1       48      1       0       38804.66  75      3231.0   ms
success		1       32      1       68      1       0       38075.51  74      3231.0   ms
success		1       33      1       14      1       0       37269.45  73      3231.0   ms
success		1       34      1       67      1       0       36386.66  72      3231.0   ms
success		1       35      2       12      2       0       35444.42  71      3231.0   ms
success		1       36      1       22      1       0       34542.82  70      3231.0   ms
success		1       37      1       66      1       0       33794.28  69      3231.0   ms
success		1       38      1       3       1       0       32971.38  68      3231.0   ms
success		1       39      1       7       1       0       31906.26  67      3231.0   ms
success		1       40      1       39      1       0       31768.53  66      3231.0   ms
success		1       41      1       38      1       0       31184.18  65      3231.0   ms
success		1       42      2       37      2       0       30475.29  64      3231.0   ms
success		1       43      2       7       2       0       29782.75  63      3231.0   ms
success		1       44      2       19      2       0       29269.83  62      3231.0   ms
success		1       45      2       61      2       0       28852.89  61      3231.0   ms
success		1       46      1       19      1       0       28488.08  60      3231.0   ms
success		1       47      1       5       1       0       27899.06  59      3231.0   ms
success		1       48      1       38      1       0       27228.17  58      3231.0   ms
success		1       49      2       57      2       0       26767.21  57      3231.0   ms
success		1       50      2       19      2       0       26038.59  56      3231.0   ms
success		1       51      1       51      1       0       25528.17  55      3231.0   ms
success		1       52      2       34      2       0       24990.82  54      3231.0   ms
success		1       53      1       29      1       0       24447.50  53      3231.0   ms
success		1       54      3       52      3       0       24095.48  52      3231.0   ms
success		1       55      2       10      2       0       23436.48  51      3231.0   ms
success		1       56      2       14      2       0       22512.74  50      3231.0   ms
success		1       57      2       10      2       0       21795.46  49      3231.0   ms
success		1       58      2       28      2       0       20815.16  48      3231.0   ms
success		1       59      4       24      2       0       21304.69  42      3231.0   ms
success		1       60      4       22      4       0       20460.57  41      3231.0   ms
success		1       61      2       17      2       0       19409.30  40      3231.0   ms
success		1       62      4       14      4       0       18881.24  39      3231.0   ms
success		1       63      4       19      4       0       17620.06  38      3231.0   ms
success		1       64      8       16      3       0       16134.26  37      3241.0   ms
success		1       65      4       21      4       0       15429.38  36      3241.0   ms
success		1       66      3       10      2       0       15368.58  35      3241.0   ms
success		1       67      6       0       4       0       14592.37  34      3241.0   ms
success		1       68      12      5       4       0       13941.79  33      3241.0   ms
success		1       69      9       21      3       0       13883.43  32      3251.0   ms
success		1       70      13      27      3       0       13484.97  31      3251.0   ms
success		1       71      17      13      3       0       12420.19  30      3261.0   ms
success		1       72      29      9       4       0       11744.94  29      3281.0   ms
success		1       73      31      7       5       0       11052.68  28      3291.0   ms
success		1       74      67      11      4       0       10786.48  27      3331.0   ms
success		1       75      80      8       4       0       8747.81   26      3381.0   ms
cross iterater0
bad   	success		7304.77   9253.78   26      3923.0   ms cross
rand   	fail		6555.26   8867.03   26      4303.0   ms cross
bad   	success		6965.13   8880.96   26      4373.0   ms cross
rand   	
bad   	
rand   	
bad   	fail		6728.22   9366.89   26      5731.0   ms cross
rand   	fail		6982.75   9448.78   26      6101.0   ms cross
ab
ab7	2
success		7428.41   8863.27   26      6368.0   ms
fail		6851.19   9580.50   26      6681.0   ms
cross iterater1
bad   	
rand   	
bad   	success		6855.13   9371.65   26      7331.0   ms cross
rand   	
bad   	
rand   	fail		6835.37   9311.17   26      8283.0   ms cross
bad   	fail		6298.04   8972.06   26      8757.0   ms cross
rand   	fail		6920.09   9058.20   26      9142.0   ms cross
ab
ab6	2
cross iterater2
ab
ab6	1
fail		6885.21   9427.82   26      9541.0   ms
fail		6703.18   9283.78   26      9896.0   ms
cross iterater3
bad   	success		7138.51   10416.94  27      9966.0   ms cross
rand   	success		7052.08   8893.65   26      10076.0  ms cross
bad   	fail		6787.31   9430.39   26      10483.0  ms cross
rand   	
bad   	
rand   	
bad   	success		6654.28   9361.57   26      11651.0  ms cross
rand   	
ab
ab6	3
ab7	2
fail		7468.34   9637.57   26      12392.0  ms
fail		6942.64   9293.61   26      12761.0  ms
cross iterater4
ab
ab7	0
fail		6806.37   9044.07   26      13114.0  ms
fail		7506.60   9635.05   26      13414.0  ms
fail		7273.26   9362.17   26      13791.0  ms
cross iterater5
bad   	success		6876.80   9265.74   26      13791.0  ms cross
rand   	
bad   	success		7308.84   9681.46   27      14231.0  ms cross
rand   	success		7315.41   8851.55   26      14431.0  ms cross
bad   	
rand   	fail		6694.96   9175.43   26      15147.0  ms cross
bad   	success		7043.67   8458.72   25      15487.0  ms cross
rand   	
ab
ab7	4
ab6	1
fail		7043.67   8946.54   25      16222.0  ms
cross iterater6
bad   	
rand   	
bad   	fail		7241.15   9949.26   27      17258.0  ms cross
rand   	success		6836.96   8532.59   26      17498.0  ms cross
ab
ab6	1
cross iterater7
bad   	success		6897.52   9163.26   26      17498.0  ms cross
rand   	fail		6661.61   9091.75   26      17912.0  ms cross
bad   	success		7088.93   9731.08   26      18072.0  ms cross
rand   	fail		6448.63   8621.01   26      18412.0  ms cross
ab
cross iterater8
ab
ab7	0
fail		6448.63   8621.01   26      18784.0  ms
fail		6806.37   9044.07   26      19094.0  ms
cross iterater9
bad   	success		6635.00   8962.01   26      19094.0  ms cross
rand   	
bad   	success		6431.95   8666.92   26      19514.0  ms cross
rand   	fail		6101.84   9263.98   26      19887.0  ms cross
bad   	
rand   	
bad   	
rand   	fail		7349.73   9124.02   26      21222.0  ms cross
ab
ab6	2
ab7	1
fail		6411.88   9099.56   26      21555.0  ms
fail		6341.18   9013.70   26      21842.0  ms
fail		6801.75   8990.99   26      22192.0  ms
cross iterater10
ab
ab7	3
fail		6793.86   9283.87   26      22565.0  ms
fail		6713.40   9096.51   26      22875.0  ms
cross iterater11
bad   	success		6936.92   9366.93   26      23175.0  ms cross
rand   	fail		6899.25   9001.24   26      23525.0  ms cross
bad   	fail		6816.82   9107.64   26      23899.0  ms cross
rand   	fail		7232.99   9553.33   26      24239.0  ms cross
bad   	fail		6671.28   9451.58   26      24530.0  ms cross
rand   	
bad   	
rand   	
ab
ab7	0
ab6	3
cross iterater12
bad   	success		6849.41   9160.88   27      25605.0  ms cross
rand   	success		6848.92   9290.61   26      25803.0  ms cross
bad   	
rand   	fail		6891.83   9136.78   26      26595.0  ms cross
bad   	
rand   	fail		7031.16   9259.69   26      27255.0  ms cross
bad   	success		7105.14   8930.25   26      27305.0  ms cross
rand   	
ab
ab6	3
ab7	4
fail		6921.59   9243.49   26      28002.0  ms
fail		6714.58   9245.60   26      28342.0  ms
cross iterater13
bad   	success		7173.01   8584.75   26      28452.0  ms cross
rand   	
bad   	success		6744.35   9651.25   27      28783.0  ms cross
rand   	fail		7314.27   10332.22  27      29143.0  ms cross
bad   	success		7103.80   9204.68   26      29423.0  ms cross
rand   	
bad   	
rand   	
ab
ab6	5
ab7	1
fail		6525.89   9481.60   26      31303.0  ms
fail		6831.33   8943.37   26      31783.0  ms
fail		7060.87   9568.26   26      32243.0  ms
cross iterater14
bad   	success		7089.09   8951.83   26      32473.0  ms cross
rand   	
bad   	success		6672.39   8637.65   26      33304.0  ms cross
rand   	
ab
ab7	0
success		6822.03   8337.36   25      34103.0  ms
cross iterater15
ab
ab6	2
ab7	3
fail		7012.60   9413.28   26      34503.0  ms
fail		6822.03   8671.27   25      35013.0  ms
cross iterater16
bad   	success		6508.69   9140.28   26      35023.0  ms cross
rand   	
bad   	success		7330.63   10010.30  27      35443.0  ms cross
rand   	fail		7334.38   10108.43  27      35823.0  ms cross
bad   	fail		7247.16   9981.34   27      36193.0  ms cross
rand   	fail		7536.96   10314.74  27      36539.0  ms cross
bad   	fail		7297.40   10209.07  27      36853.0  ms cross
rand   	success		7040.50   9005.27   26      36963.0  ms cross
ab
ab7	5
fail		6935.08   9183.19   26      37333.0  ms
fail		7320.54   9386.90   26      37673.0  ms
fail		7055.80   9507.10   26      38003.0  ms
cross iterater17
bad   	success		7276.57   9444.98   26      38063.0  ms cross
rand   	
bad   	fail		6456.42   9373.53   26      38833.0  ms cross
rand   	
bad   	
rand   	fail		6640.75   9711.00   26      39983.0  ms cross
bad   	success		6624.19   7960.09   25      40033.0  ms cross
rand   	
ab
ab6	3
ab7	5
cross iterater18
ab
ab6	5
cross iterater19
bad   	success		6615.77   9309.19   26      40653.0  ms cross
rand   	
bad   	success		6747.87   8175.35   25      41253.0  ms cross
rand   	
ab
ab6	0
cross iterater20
bad   	success		7038.79   9193.18   26      41634.0  ms cross
rand   	
bad   	success		6883.67   8852.14   26      41984.0  ms cross
rand   	
ab
ab6	3
fail		7180.80   9309.38   26      42718.0  ms
fail		6898.35   9178.68   26      43088.0  ms
cross iterater21
bad   	success		7132.20   9412.66   26      43098.0  ms cross
rand   	fail		7100.94   9106.65   26      43478.0  ms cross
bad   	fail		7073.89   9272.51   26      43843.0  ms cross
rand   	fail		6628.95   9251.25   26      44243.0  ms cross
bad   	fail		6615.69   9013.77   26      44587.0  ms cross
rand   	fail		6933.16   9566.22   26      44959.0  ms cross
bad   	
rand   	
ab
ab7	0
fail		6898.35   9178.68   26      46044.0  ms
fail		6883.67   8943.09   26      46404.0  ms
fail		7099.98   9501.36   26      46784.0  ms
cross iterater22
bad   	
rand   	
bad   	
rand   	fail		6559.90   8233.44   25      48236.0  ms cross
bad   	
rand   	
bad   	
rand   	
ab
ab6	5
cross iterater23
bad   	
rand   	
bad   	
rand   	fail		6778.86   9242.20   26      51114.0  ms cross
bad   	
rand   	
bad   	success		7635.05   8729.59   26      51994.0  ms cross
rand   	
ab
ab6	3
ab7	5
cross iterater24
bad   	success		6868.62   9025.54   26      52446.0  ms cross
rand   	fail		7033.84   9107.32   26      52848.0  ms cross
bad   	success		7157.09   9143.93   26      53166.0  ms cross
rand   	fail		6605.81   8946.31   26      53532.0  ms cross
bad   	fail		6215.10   8708.75   26      53899.0  ms cross
rand   	
bad   	fail		6760.52   9180.42   26      54570.0  ms cross
rand   	
ab
ab6	5
fail		7033.84   9107.32   26      55297.0  ms
cross iterater25
bad   	success		7760.26   10064.40  27      55317.0  ms cross
rand   	success		6970.25   9380.66   26      55437.0  ms cross
bad   	
rand   	
bad   	
rand   	
bad   	
rand   	
ab
ab6	1
fail		7033.84   9107.32   26      57796.0  ms
fail		6771.16   8794.10   26      58107.0  ms
cross iterater26
bad   	success		6794.01   9311.88   27      58107.0  ms cross
rand   	success		7166.61   9212.24   26      58386.0  ms cross
bad   	
rand   	
bad   	
rand   	
bad   	success		7178.84   9461.02   26      59825.0  ms cross
rand   	
ab
ab6	4
ab7	2
fail		6760.52   9180.42   26      60558.0  ms
cross iterater27
ab
ab6	3
fail		6813.46   9110.66   26      60962.0  ms
cross iterater28
bad   	
rand   	fail		6673.71   9057.00   26      61721.0  ms cross
bad   	
rand   	
bad   	fail		6742.74   9138.47   26      62849.0  ms cross
rand   	
bad   	
rand   	
ab
fail		6811.21   9074.51   26      64266.0  ms
fail		6813.46   9110.66   26      64589.0  ms
cross iterater29
ab
ab7	3
fail		6958.13   9534.05   26      64972.0  ms
fail		6350.35   9292.62   26      65322.0  ms
cross iterater30
bad   	success		6726.81   10258.89  27      65322.0  ms cross
rand   	success		6925.06   9133.06   26      65599.0  ms cross
bad   	
rand   	fail		6667.20   8797.64   26      66324.0  ms cross
bad   	fail		7177.90   8917.48   26      66737.0  ms cross
rand   	
bad   	success		6513.94   10074.54  27      67079.0  ms cross
rand   	success		7220.13   9525.83   26      67149.0  ms cross
bad   	fail		7169.17   9312.57   26      67490.0  ms cross
rand   	
bad   	
rand   	
ab
ab7	0
fail		6734.15   9634.47   26      68832.0  ms
cross iterater31
bad   	success		7293.13   9216.39   26      68899.0  ms cross
rand   	
bad   	
rand   	fail		6766.78   9200.81   26      69908.0  ms cross
bad   	
rand   	fail		6631.23   9532.87   26      70602.0  ms cross
bad   	success		7040.08   10522.34  27      70602.0  ms cross
rand   	fail		7007.28   10127.49  27      70920.0  ms cross
bad   	success		6867.82   8945.77   26      71073.0  ms cross
rand   	
bad   	fail		6842.18   9370.40   26      71842.0  ms cross
rand   	
ab
ab7	3
ab6	0
cross iterater32
bad   	
rand   	
bad   	
rand   	
bad   	fail		7418.74   9572.01   26      73798.0  ms cross
rand   	fail		6355.20   8971.75   26      74149.0  ms cross
bad   	fail		6825.61   9016.04   26      74596.0  ms cross
rand   	
ab
ab7	2
fail		6355.20   8971.75   26      75319.0  ms
cross iterater33
bad   	success		6798.71   9328.38   26      75323.0  ms cross
rand   	
bad   	
rand   	
bad   	
rand   	
bad   	success		7489.39   9294.34   26      77186.0  ms cross
rand   	fail		6664.08   9218.25   26      77526.0  ms cross
ab
ab7	5
ab6	3
cross iterater34
bad   	success		7493.80   10014.36  27      77546.0  ms cross
rand   	success		7352.61   8941.92   26      77633.0  ms cross
bad   	fail		6862.05   9383.19   26      78009.0  ms cross
rand   	success		6772.46   7927.55   25      78039.0  ms cross
bad   	fail		6218.47   8323.35   25      78436.0  ms cross
rand   	
bad   	fail		7090.57   9883.71   27      79126.0  ms cross
rand   	fail		7590.29   10435.86  27      79431.0  ms cross
ab
ab7	0
fail		6387.90   9201.91   26      79775.0  ms
cross iterater35
bad   	success		6598.43   9134.37   26      79775.0  ms cross
rand   	fail		6891.76   9450.61   26      80143.0  ms cross
bad   	fail		6798.27   9230.69   26      80567.0  ms cross
rand   	
ab
ab7	2
ab6	0
fail		6903.47   8860.54   26      81194.0  ms
fail		6218.47   8323.35   25      81562.0  ms
cross iterater36
bad   	success		6706.20   9923.06   27      81562.0  ms cross
rand   	success		7224.32   8995.84   26      81766.0  ms cross
bad   	fail		7297.06   9696.90   26      82096.0  ms cross
rand   	
bad   	
rand   	fail		6893.81   8958.80   26      83102.0  ms cross
bad   	fail		6644.63   8934.86   26      83427.0  ms cross
rand   	
ab
ab6	3
fail		6351.99   9396.81   26      84086.0  ms
fail		7110.59   9489.80   26      84386.0  ms
cross iterater37
ab
ab6	2
cross iterater38
bad   	success		7024.52   9576.09   27      84398.0  ms cross
rand   	success		6686.90   9802.56   26      84532.0  ms cross
bad   	fail		6801.70   9009.48   26      84893.0  ms cross
rand   	fail		6765.31   9081.62   26      85232.0  ms cross
bad   	
rand   	
bad   	success		6520.20   10040.90  27      85909.0  ms cross
rand   	success		7024.25   9295.60   26      85947.0  ms cross
bad   	
rand   	
bad   	
rand   	fail		6559.01   8823.85   26      87289.0  ms cross
ab
ab6	4
fail		6559.01   8823.85   26      87657.0  ms
fail		6835.13   9533.26   26      87997.0  ms
fail		6876.81   9427.26   26      88329.0  ms
cross iterater39
bad   	success		6730.79   9624.29   27      88329.0  ms cross
rand   	success		6820.11   9676.41   26      88454.0  ms cross
bad   	
rand   	fail		6634.04   9226.74   26      89148.0  ms cross
bad   	fail		7264.94   9364.82   26      89526.0  ms cross
rand   	fail		7414.11   9285.59   26      89901.0  ms cross
bad   	success		6651.10   8714.88   26      89901.0  ms cross
rand   	
ab
ab7	3
ab6	2
fail		6559.01   8823.85   26      90563.0  ms
cross iterater40
bad   	success		7092.76   9874.81   27      90705.0  ms cross
rand   	fail		6867.95   10485.96  27      91024.0  ms cross
bad   	fail		6897.48   10027.68  27      91351.0  ms cross
rand   	success		6890.97   9056.53   26      91542.0  ms cross
bad   	fail		7135.44   9340.08   26      91856.0  ms cross
rand   	
bad   	success		6839.68   9364.87   26      92379.0  ms cross
rand   	
ab
ab6	1
ab7	2
fail		7019.07   9395.18   26      93044.0  ms
fail		6559.01   8823.85   26      93371.0  ms
fail		6651.10   8826.68   26      93716.0  ms
cross iterater41
bad   	success		7043.49   10285.20  27      93804.0  ms cross
rand   	fail		6940.36   10165.04  27      94144.0  ms cross
bad   	success		7162.14   9206.25   26      94174.0  ms cross
rand   	fail		6581.46   9101.35   26      94536.0  ms cross
bad   	
rand   	
bad   	success		7203.84   10115.10  27      95260.0  ms cross
rand   	success		7158.57   9046.78   26      95360.0  ms cross
bad   	
rand   	
bad   	
rand   	
ab
ab6	3
cross iterater42
bad   	success		7476.42   9615.70   27      96840.0  ms cross
rand   	success		6932.80   8640.52   26      96939.0  ms cross
bad   	
rand   	
bad   	success		6810.86   8495.90   25      97961.0  ms cross
rand   	
bad   	fail		7176.35   10241.06  27      98718.0  ms cross
rand   	success		6230.74   9605.87   26      98838.0  ms cross
ab
ab6	5
fail		6788.64   9410.22   26      99140.0  ms
fail		6810.86   8689.76   25      99561.0  ms
cross iterater43
bad   	success		6784.69   9196.62   26      99744.0  ms cross
rand   	fail		6862.24   9358.27   26      100046.0 ms cross
bad   	
rand   	
ab
ab6	1
fail		6810.86   8689.76   25      101130.0 ms
cross iterater44
bad   	success		7453.50   9109.22   26      101417.0 ms cross
rand   	fail		6960.59   9379.79   26      101738.0 ms cross
bad   	success		6575.00   8803.35   26      101759.0 ms cross
rand   	
bad   	fail		6549.97   8891.90   26      102520.0 ms cross
rand   	
bad   	fail		6604.17   9512.81   26      103328.0 ms cross
rand   	fail		6651.56   8966.53   26      103699.0 ms cross
ab
ab7	4
ab6	2
fail		6818.44   9239.75   26      104039.0 ms
fail		6651.56   8966.53   26      104359.0 ms
cross iterater45
ab
ab7	2
cross iterater46
bad   	success		6429.99   9930.25   27      104369.0 ms cross
rand   	fail		7028.16   10138.64  27      104728.0 ms cross
bad   	fail		7415.55   9969.80   27      105068.0 ms cross
rand   	success		7068.04   9032.35   26      105338.0 ms cross
bad   	
rand   	
bad   	fail		6694.26   9448.35   26      106349.0 ms cross
rand   	
ab
ab7	4
ab6	3
fail		7027.92   9272.61   26      107155.0 ms
cross iterater47
bad   	
rand   	
bad   	
rand   	fail		7109.88   9209.12   26      108749.0 ms cross
ab
ab7	5
ab6	4
fail		7297.25   9372.02   26      109089.0 ms
fail		6389.16   8862.02   26      109459.0 ms
cross iterater48
bad   	success		6979.36   9674.97   26      109519.0 ms cross
rand   	
bad   	success		6849.82   9349.69   26      110039.0 ms cross
rand   	
bad   	
rand   	
bad   	
rand   	
ab
ab6	2
cross iterater49
bad   	
rand   	fail		6845.96   9576.79   27      112499.0 ms cross
bad   	success		7345.65   9856.15   27      112529.0 ms cross
rand   	fail		7368.76   10404.83  27      112885.0 ms cross
bad   	fail		7253.74   9669.89   27      113220.0 ms cross
rand   	fail		7203.90   10170.61  27      113581.0 ms cross
bad   	fail		7444.74   10304.30  27      113919.0 ms cross
rand   	fail		6850.86   10281.87  27      114279.0 ms cross
ab
ab6	1
ab7	3
cross iterater50
bad   	
rand   	
bad   	fail		6499.08   9264.63   26      115449.0 ms cross
rand   	
bad   	fail		7522.07   9217.11   26      116209.0 ms cross
rand   	fail		6914.52   9300.78   26      116592.0 ms cross
bad   	
rand   	fail		6421.77   9086.52   26      117309.0 ms cross
ab
ab6	4
ab7	3
fail		6595.44   9392.67   26      117699.0 ms
cross iterater51
ab
ab6	5
ab7	4
fail		6873.17   9445.65   26      117999.0 ms
cross iterater52
bad   	fail		7186.21   10226.00  27      118369.0 ms cross
rand   	success		6249.89   9265.98   26      118572.0 ms cross
bad   	success		6632.55   9670.70   27      118572.0 ms cross
rand   	fail		7226.50   10119.31  27      118923.0 ms cross
bad   	fail		7303.66   10183.05  27      119306.0 ms cross
rand   	fail		7143.20   9856.35   27      119689.0 ms cross
bad   	success		6993.76   9125.04   26      119689.0 ms cross
rand   	
ab
ab6	4
ab7	3
fail		7179.64   9617.06   26      120489.0 ms
cross iterater53
bad   	
rand   	
bad   	
rand   	
ab
ab6	5
ab7	1
fail		7209.61   9742.69   26      122219.0 ms
fail		6780.10   9192.21   26      122658.0 ms
cross iterater54
bad   	fail		7083.56   10169.28  27      123028.0 ms cross
rand   	fail		6676.93   9785.56   27      123358.0 ms cross
bad   	success		6582.41   9804.09   26      123445.0 ms cross
rand   	
ab
ab6	3
ab7	2
fail		6985.31   9423.71   26      124159.0 ms
fail		6713.89   9511.99   26      124538.0 ms
cross iterater55
bad   	success		6758.08   8565.65   26      124869.0 ms cross
rand   	
bad   	success		7102.76   9892.25   27      125197.0 ms cross
rand   	success		7315.88   9087.32   26      125247.0 ms cross
bad   	
rand   	
bad   	fail		7104.69   9164.37   26      126232.0 ms cross
rand   	
ab
ab7	4
fail		7104.69   9164.37   26      126925.0 ms
cross iterater56
bad   	
rand   	success		7120.94   9017.64   26      127546.0 ms cross
bad   	success		6909.22   9815.68   27      127661.0 ms cross
rand   	fail		6677.83   10120.60  27      127982.0 ms cross
bad   	success		6540.74   9150.81   26      128238.0 ms cross
rand   	success		6626.72   8428.76   25      128492.0 ms cross
bad   	
rand   	
ab
ab7	0
fail		7659.30   9574.66   26      129602.0 ms
fail		7120.94   9508.26   26      129926.0 ms
cross iterater57
bad   	success		6480.70   9009.38   26      130149.0 ms cross
rand   	
bad   	success		6751.27   8818.15   26      130533.0 ms cross
rand   	
ab
ab7	0
fail		6480.70   9094.63   26      131258.0 ms
success		6295.16   8363.39   25      131459.0 ms
fail		7157.30   9648.81   26      131824.0 ms
cross iterater58
bad   	success		6486.63   8920.19   26      131825.0 ms cross
rand   	
bad   	success		7059.27   9184.57   26      132152.0 ms cross
rand   	fail		7121.23   9394.66   26      132604.0 ms cross
ab
ab6	2
ab7	4
fail		6620.64   8686.54   25      133034.0 ms
fail		6564.17   8618.54   25      133411.0 ms
cross iterater59
bad   	success		6799.85   8740.95   25      133414.0 ms cross
rand   	
bad   	success		6306.36   8404.42   25      133827.0 ms cross
rand   	
ab
ab6	1
ab7	5
fail		6450.89   8308.55   25      134578.0 ms
fail		6306.36   8567.46   25      134989.0 ms
cross iterater60
ab
ab6	4
ab7	5
fail		6701.93   8781.67   25      135354.0 ms
fail		6306.36   8567.46   25      135688.0 ms
cross iterater61
ab
ab7	0
fail		6442.59   8248.49   25      136043.0 ms
cross iterater62
bad   	
rand   	
bad   	
rand   	
ab
fail		6450.77   8500.93   25      137821.0 ms
cross iterater63
bad   	
rand   	
bad   	
rand   	fail		6350.92   8217.68   25      139141.0 ms cross
bad   	
rand   	
bad   	
rand   	
ab
ab7	2
cross iterater64
bad   	success		6315.89   8473.51   25      140554.0 ms cross
rand   	
bad   	
rand   	
bad   	
rand   	
bad   	
rand   	
ab
ab7	0
fail		6350.92   8217.68   25      143554.0 ms
fail		6450.89   8308.55   25      143881.0 ms
cross iterater65
bad   	
rand   	
bad   	
rand   	
bad   	
rand   	
bad   	
rand   	
ab
ab6	3
ab7	1
fail		6467.60   8731.29   25      147214.0 ms
fail		6589.04   8336.95   25      147576.0 ms
cross iterater66
bad   	
rand   	
bad   	
rand   	
bad   	
rand   	
bad   	
rand   	
ab
ab7	0
fail		6589.04   8336.95   25      151048.0 ms
cross iterater67
ab
ab6	2
fail		6632.78   8777.01   25      151408.0 ms
cross iterater68
bad   	
rand   	
bad   	
rand   	
bad   	fail		6207.74   8344.45   25      153402.0 ms cross
rand   	
bad   	
rand   	
ab
fail		6544.94   8323.31   25      154912.0 ms
fail		6350.92   8217.68   25      155312.0 ms
cross iterater69
bad   	
rand   	fail		6278.75   8384.73   25      156084.0 ms cross
bad   	
rand   	
bad   	fail		6857.80   9241.97   26      157192.0 ms cross
rand   	
bad   	fail		6800.73   8932.36   26      157982.0 ms cross
rand   	
ab
ab6	4
fail		6400.67   8578.42   25      158682.0 ms
cross iterater70
bad   	
rand   	fail		6874.26   8820.16   26      159432.0 ms cross
bad   	fail		6637.07   9028.84   26      159873.0 ms cross
rand   	
bad   	fail		6678.78   9072.79   26      160605.0 ms cross
rand   	fail		6620.40   9328.16   26      161002.0 ms cross
bad   	
rand   	fail		6492.08   9021.41   26      161793.0 ms cross
bad   	fail		6725.45   9736.43   26      162193.0 ms cross
rand   	fail		6529.39   8960.43   26      162576.0 ms cross
bad   	
rand   	
ab
ab7	1
ab6	3
fail		6207.74   8344.45   25      163596.0 ms
cross iterater71
bad   	
rand   	success		6819.87   9008.76   26      163991.0 ms cross
bad   	
rand   	
bad   	
rand   	fail		6727.15   9572.07   26      165523.0 ms cross
bad   	success		6828.10   8990.14   26      165733.0 ms cross
rand   	fail		6597.45   9354.47   26      166103.0 ms cross
bad   	
rand   	
bad   	
rand   	fail		6556.97   9196.46   26      167723.0 ms cross
ab
ab7	4
ab6	1
fail		6579.86   8693.69   25      168213.0 ms
cross iterater72
bad   	success		6621.71   8760.94   26      168213.0 ms cross
rand   	
bad   	
rand   	
bad   	
rand   	
bad   	success		6591.39   9195.77   26      170003.0 ms cross
rand   	
bad   	success		6372.19   8539.54   25      170303.0 ms cross
rand   	
bad   	
rand   	
ab
ab6	4
fail		6336.80   8654.73   25      171783.0 ms
fail		6278.75   8384.73   25      172314.0 ms
fail		6372.19   8570.38   25      172833.0 ms
fail		6675.06   8823.20   25      173253.0 ms
fail		6442.59   8248.49   25      173703.0 ms
cross iterater73
ab
ab6	4
fail		6868.47   8840.30   25      174173.0 ms
fail		6336.80   8654.73   25      174644.0 ms
cross iterater74
bad   	
rand   	success		6798.54   8743.63   26      175254.0 ms cross
bad   	
rand   	
bad   	fail		6430.08   8950.36   26      176394.0 ms cross
rand   	
bad   	success		6734.26   9513.56   26      176750.0 ms cross
rand   	
bad   	fail		6441.94   9039.49   26      177460.0 ms cross
rand   	
bad   	
rand   	
ab
ab6	2
ab7	1
cross iterater75
ab
ab6	1
fail		6419.70   8540.77   25      179024.0 ms
fail		6336.80   8654.73   25      179464.0 ms
fail		6442.59   8248.49   25      179874.0 ms
cross iterater76
bad   	success		6454.63   8944.82   26      179884.0 ms cross
rand   	fail		6742.51   9063.57   26      180284.0 ms cross
bad   	fail		6906.36   9011.24   26      180694.0 ms cross
rand   	
bad   	
rand   	fail		6167.93   9211.78   26      181775.0 ms cross
bad   	success		6466.77   8812.92   26      181775.0 ms cross
rand   	fail		6895.79   8957.11   26      182125.0 ms cross
bad   	
rand   	
bad   	success		6720.65   8676.27   25      183134.0 ms cross
rand   	
ab
ab6	3
ab7	4
cross iterater77
bad   	
rand   	
bad   	
rand   	
ab
ab6	4
fail		6444.57   8648.73   25      185644.0 ms
fail		6419.70   8540.77   25      185984.0 ms
fail		6442.59   8248.49   25      186394.0 ms
cross iterater78
bad   	
rand   	
bad   	
rand   	
ab
ab6	1
fail		6442.59   8248.49   25      188354.0 ms
cross iterater79
bad   	
rand   	
bad   	
rand   	
ab
ab6	0
fail		6419.70   8540.77   25      190321.0 ms
fail		6399.20   8670.81   25      190641.0 ms
cross iterater80
bad   	
rand   	
bad   	
rand   	
bad   	
rand   	fail		6330.92   8256.18   25      192830.0 ms cross
bad   	
rand   	
ab
ab6	4
fail		6419.70   8540.77   25      193945.0 ms
cross iterater81
ab
fail		6419.70   8540.77   25      194285.0 ms
fail		6485.46   8708.77   25      194665.0 ms
cross iterater82
bad   	
rand   	
bad   	fail		6837.61   9689.50   27      195725.0 ms cross
rand   	fail		7199.70   9471.62   27      196035.0 ms cross
bad   	success		6847.98   9061.00   26      196205.0 ms cross
rand   	
bad   	fail		6302.65   8617.14   26      196985.0 ms cross
rand   	
ab
ab6	2
ab7	3
fail		6485.46   8708.77   25      197745.0 ms
cross iterater83
bad   	fail		6612.72   9076.63   26      198095.0 ms cross
rand   	
bad   	fail		6982.60   9233.86   26      198835.0 ms cross
rand   	
bad   	success		6414.16   8181.68   25      199495.0 ms cross
rand   	
bad   	
rand   	
ab
ab6	4
ab7	5
fail		6298.82   8451.95   25      201024.0 ms
fail		6463.52   8631.44   25      201364.0 ms
cross iterater84
bad   	
rand   	
bad   	success		6352.14   8766.91   25      202161.0 ms cross
rand   	
bad   	
rand   	
bad   	
rand   	
ab
ab7	1
ab6	0
fail		6596.06   8933.38   25      204332.0 ms
fail		6298.82   8451.95   25      204706.0 ms
fail		6433.69   8529.66   25      205096.0 ms
cross iterater85
ab
ab7	0
fail		6668.58   8613.95   25      205406.0 ms
cross iterater86
bad   	
rand   	
bad   	success		6441.21   8526.72   25      206078.0 ms cross
rand   	fail		6357.49   8405.74   25      206488.0 ms cross
bad   	fail		6392.21   8552.29   25      206936.0 ms cross
rand   	
bad   	
rand   	
ab
ab6	4
ab7	3
cross iterater87
ab
ab6	5
fail		6249.03   8521.85   25      208296.0 ms
cross iterater88
bad   	
rand   	
bad   	
rand   	
ab
ab6	3
fail		6380.58   8850.79   25      210121.0 ms
cross iterater89
bad   	
rand   	
bad   	
rand   	
bad   	
rand   	
bad   	
rand   	
ab
ab6	1
ab7	3
fail		6415.83   8895.62   25      213226.0 ms
fail		6414.16   8370.47   25      213558.0 ms
cross iterater90
bad   	
rand   	
bad   	
rand   	
bad   	
rand   	
bad   	
rand   	
bad   	
rand   	
bad   	
rand   	
ab
ab6	1
fail		6189.80   8552.81   25      218517.0 ms
fail		6298.82   8451.95   25      218867.0 ms
cross iterater91
bad   	
rand   	
bad   	
rand   	
bad   	
rand   	
bad   	
rand   	
ab
ab6	1
cross iterater92
bad   	
rand   	
bad   	
rand   	
bad   	fail		6146.60   8170.36   25      223848.0 ms cross
rand   	
bad   	
rand   	
ab
ab6	3
ab7	5
cross iterater93
ab
ab6	2
fail		6581.49   8486.32   25      225687.0 ms
cross iterater94
bad   	success		6553.61   8167.13   25      225687.0 ms cross
rand   	
bad   	
rand   	
bad   	
rand   	
bad   	success		6319.00   8745.62   26      227657.0 ms cross
rand   	
bad   	
rand   	success		6760.41   8007.11   25      228407.0 ms cross
bad   	
rand   	
ab
ab7	4
fail		6594.43   8692.05   25      229561.0 ms
fail		6553.61   8252.85   25      229898.0 ms
cross iterater95
ab
ab7	3
cross iterater96
ab
ab7	0
fail		6632.80   8744.71   25      230265.0 ms
cross iterater97
bad   	success		6548.67   8551.05   25      230275.0 ms cross
rand   	
bad   	success		6275.46   8450.73   25      230576.0 ms cross
rand   	
bad   	
rand   	
bad   	
rand   	
ab
ab6	4
ab7	2
fail		6545.55   8546.65   25      232800.0 ms
cross iterater98
bad   	
rand   	
bad   	
rand   	
bad   	
rand   	
bad   	success		6573.33   8474.68   25      235018.0 ms cross
rand   	
bad   	
rand   	
bad   	
rand   	
ab
ab6	4
ab7	0
fail		6518.63   8387.50   25      237178.0 ms
fail		6479.77   8675.10   25      237518.0 ms
fail		6553.61   8252.85   25      237978.0 ms
cross iterater99
bad   	
rand   	
bad   	
rand   	
ab
ab6	3
fail		6560.05   8612.09   25      239758.0 ms

R.size:25

1		101	144	180	191	33	4	203	121	188	108	
2		73	155	78	13	43	6	96	42	205	149	
3		21	23	182	156	194	145	87	52	
4		48	133	75	163	153	89	
5		148	103	65	115	37	137	39	204	
6		113	175	193	106	167	207	67	107	
7		62	131	173	154	31	24	64	110	
8		114	44	102	146	68	16	179	210	
9		171	32	86	47	212	94	51	174	136	189	
10		190	82	83	176	36	214	2	90	17	95	
11		30	116	129	11	69	200	139	74	111	202	
12		161	104	18	8	185	132	98	181	49	183	
13		45	27	12	124	213	122	100	109	
14		20	85	80	196	97	172	77	162	
15		3	206	88	58	199	151	140	157	142	63	
16		178	41	197	141	25	61	34	158	
17		170	134	26	152	40	14	169	105	130	59	
18		55	135	192	184	76	201	81	28	
19		93	211	119	166	54	186	7	209	138	117	
20		177	159	38	150	22	127	187	15	198	56	
21		118	5	10	46	128	125	72	165	
22		120	19	50	112	168	79	195	92	
23		60	57	143	84	126	71	1	99	53	208	
24		164	66	147	160	91	70	29	123	
25		35	9	

data1/pdp200/LC1_2_5.txt
total_cost 6146.602676

