success		1       0       1       25      1       0       70157.69  101     16.0     ms
success		1       1       1       100     1       0       70010.70  100     16.0     ms
success		1       2       1       76      1       0       70164.41  99      16.0     ms
success		1       3       1       33      1       0       70356.41  98      16.0     ms
success		1       4       1       69      1       0       69798.70  97      16.0     ms
success		1       5       1       67      1       0       69780.47  96      16.0     ms
success		1       6       1       92      1       0       69868.57  95      16.0     ms
success		1       7       1       19      1       0       69963.72  94      16.0     ms
success		1       8       1       69      1       0       70101.90  93      16.0     ms
success		1       9       1       17      1       0       70242.49  92      31.0     ms
success		1       10      1       22      1       0       70388.60  91      31.0     ms
success		1       11      1       3       1       0       70227.49  90      31.0     ms
success		1       12      1       54      1       0       70240.96  89      31.0     ms
success		1       13      1       44      1       0       70159.54  88      31.0     ms
success		1       14      1       66      1       0       67945.23  87      31.0     ms
success		1       15      1       55      1       0       67781.02  86      31.0     ms
success		1       16      1       17      1       0       67871.79  85      31.0     ms
success		1       17      2       2       2       0       68035.47  84      31.0     ms
success		1       18      1       4       1       0       67485.47  83      31.0     ms
success		1       19      1       19      1       0       64802.16  82      31.0     ms
success		1       20      1       2       1       0       64955.02  81      31.0     ms
success		1       21      1       12      1       0       65050.71  80      31.0     ms
success		1       22      2       44      2       0       65201.46  79      31.0     ms
success		1       23      1       43      1       0       65284.72  78      31.0     ms
success		1       24      1       59      1       0       65325.91  77      31.0     ms
success		1       25      1       33      1       0       65427.55  76      31.0     ms
success		1       26      2       54      2       0       65294.56  75      31.0     ms
success		1       27      2       25      2       0       65006.57  74      31.0     ms
success		1       28      1       35      1       0       65068.33  73      31.0     ms
success		1       29      1       34      1       0       65186.14  72      31.0     ms
success		1       30      3       10      3       0       64823.57  71      31.0     ms
success		1       31      2       62      2       0       64781.18  70      31.0     ms
success		1       32      1       42      1       0       64900.66  69      31.0     ms
success		1       33      1       32      1       0       64212.95  68      31.0     ms
success		1       34      1       53      1       0       63696.87  67      31.0     ms
success		1       35      1       11      1       0       63824.08  66      31.0     ms
success		1       36      1       65      1       0       63710.57  65      31.0     ms
success		1       37      1       16      1       0       63875.54  64      31.0     ms
success		1       38      1       31      1       0       62315.61  63      47.0     ms
success		1       39      1       52      1       0       62377.45  62      47.0     ms
success		1       40      1       59      1       0       62362.10  61      47.0     ms
success		1       41      1       39      1       0       61313.68  60      47.0     ms
success		1       42      2       7       2       0       61206.81  59      47.0     ms
success		1       43      2       20      2       0       60879.83  58      47.0     ms
success		1       44      3       12      3       0       60947.13  57      47.0     ms
success		1       45      3       28      3       0       62595.58  56      47.0     ms
success		1       46      1       33      1       0       62710.15  55      47.0     ms
success		1       47      1       7       1       0       62470.83  54      47.0     ms
success		1       48      2       3       2       0       62248.14  53      47.0     ms
success		1       49      3       8       3       0       62516.80  52      47.0     ms
success		1       50      3       38      3       0       62492.07  51      47.0     ms
success		1       51      5       19      5       0       65119.96  50      47.0     ms
success		1       52      1       14      1       0       64981.99  49      47.0     ms
success		1       53      3       31      3       0       65466.15  48      47.0     ms
success		1       54      2       31      2       0       65633.96  47      47.0     ms
success		1       55      1       8       1       0       65129.86  46      47.0     ms
success		1       56      2       22      2       0       65021.83  45      47.0     ms
success		1       57      3       43      3       0       63625.35  44      47.0     ms
success		1       58      1       20      1       0       61553.02  43      47.0     ms
success		1       59      5       41      5       0       60176.22  42      47.0     ms
success		1       60      4       16      4       0       61791.21  41      47.0     ms
success		1       61      2       39      2       0       59790.36  40      47.0     ms
success		1       62      3       8       3       0       59813.95  39      47.0     ms
success		1       63      3       21      3       0       59665.85  38      62.0     ms
success		1       64      1       19      1       0       59604.24  37      62.0     ms
success		1       65      1       28      1       0       58691.35  36      62.0     ms
success		1       66      3       13      3       0       58309.26  35      62.0     ms
success		1       67      3       16      3       0       57996.62  34      62.0     ms
success		1       68      3       15      3       0       56579.58  33      62.0     ms
success		1       69      1       0       1       0       55883.14  32      62.0     ms
success		1       70      4       24      4       0       55115.57  31      62.0     ms
success		1       71      1       14      1       0       52590.15  30      62.0     ms
success		1       72      3       16      3       0       50281.34  29      62.0     ms
success		1       73      4       20      4       0       49901.84  28      62.0     ms
success		1       74      6       7       6       0       48987.76  27      62.0     ms
success		1       75      6       11      6       0       49169.62  26      62.0     ms
success		1       76      3       4       3       0       48709.47  25      62.0     ms
success		1       77      2       21      2       0       46048.25  24      62.0     ms
success		1       78      8       5       8       0       44467.22  23      62.0     ms
success		1       79      5       22      5       0       44222.72  22      62.0     ms
success		1       80      5       2       5       0       42110.10  21      62.0     ms
success		1       81      4       17      4       0       41803.98  20      62.0     ms
success		1       82      2       16      2       0       39193.46  19      62.0     ms
success		1       83      8       3       8       0       36938.22  18      78.0     ms
success		1       84      10      5       10      0       34829.01  17      78.0     ms
success		1       85      4       2       4       0       31820.00  16      78.0     ms
success		1       86      10      15      10      0       29417.17  15      78.0     ms
success		1       87      3       1       3       0       27417.86  14      78.0     ms
success		1       88      7       10      7       0       24379.10  13      78.0     ms
success		1       89      7       2       6       0       21396.72  12      94.0     ms
success		1       90      7       10      7       0       18813.52  11      94.0     ms
success		1       91      10      3       9       0       16679.09  10      109.0    ms
success		1       92      22      2       11      0       12176.47  9       187.0    ms
success		1       93      15      2       12      0       9942.67   8       203.0    ms
success		1       94      395     4       13      0       6584.92   7       2808.0   ms
success		1       0       1       93      1       0       82210.73  101     9064.0   ms
success		1       1       1       38      1       0       82169.54  100     9064.0   ms
success		1       2       1       87      1       0       81949.99  99      9064.0   ms
success		1       3       1       64      1       0       81850.00  98      9064.0   ms
success		1       4       1       39      1       0       81675.48  97      9064.0   ms
success		1       5       1       16      1       0       81301.99  96      9064.0   ms
success		1       6       1       37      1       0       81166.50  95      9064.0   ms
success		1       7       1       18      1       0       80850.76  94      9064.0   ms
success		1       8       1       28      1       0       80531.92  93      9064.0   ms
success		1       9       1       13      1       0       80404.71  92      9079.0   ms
success		1       10      1       1       1       0       80313.52  91      9079.0   ms
success		1       11      1       53      1       0       79900.73  90      9079.0   ms
success		1       12      1       76      1       0       79835.65  89      9079.0   ms
success		1       13      1       4       1       0       79573.40  88      9079.0   ms
success		1       14      1       17      1       0       79466.32  87      9079.0   ms
success		1       15      1       1       1       0       79347.97  86      9079.0   ms
success		1       16      2       54      2       0       78962.11  85      9079.0   ms
success		1       17      1       54      1       0       78813.41  84      9079.0   ms
success		1       18      1       80      1       0       78445.67  83      9079.0   ms
success		1       19      2       45      2       0       78274.77  82      9079.0   ms
success		1       20      1       57      1       0       76915.77  81      9079.0   ms
success		1       21      1       56      1       0       76527.73  80      9079.0   ms
success		1       22      1       48      1       0       75224.51  79      9079.0   ms
success		1       23      3       58      3       0       74506.16  78      9079.0   ms
success		1       24      3       30      3       0       74211.61  77      9079.0   ms
success		1       25      1       71      1       0       74336.83  76      9079.0   ms
success		1       26      1       64      1       0       73870.32  75      9079.0   ms
success		1       27      1       26      1       0       73794.58  74      9079.0   ms
success		1       28      1       30      1       0       71117.97  73      9079.0   ms
success		1       29      1       55      1       0       70771.91  72      9079.0   ms
success		1       30      1       40      1       0       70623.95  71      9079.0   ms
success		1       31      3       33      3       0       69531.58  70      9079.0   ms
success		1       32      2       6       2       0       66669.02  69      9079.0   ms
success		1       33      1       2       1       0       66301.08  68      9079.0   ms
success		1       34      1       40      1       0       66186.88  67      9079.0   ms
success		1       35      1       31      1       0       66109.28  66      9079.0   ms
success		1       36      4       42      4       0       66849.35  65      9079.0   ms
success		1       37      2       64      2       0       66789.95  64      9079.0   ms
success		1       38      1       5       1       0       66706.14  63      9079.0   ms
success		1       39      1       59      1       0       66522.98  62      9079.0   ms
success		1       40      1       52      1       0       64947.69  61      9079.0   ms
success		1       41      2       5       2       0       64948.29  60      9079.0   ms
success		1       42      5       35      5       0       67187.46  59      9079.0   ms
success		1       43      2       30      2       0       65978.15  58      9079.0   ms
success		1       44      3       33      3       0       65906.54  57      9079.0   ms
success		1       45      3       0       3       0       64756.07  56      9079.0   ms
success		1       46      1       33      1       0       62267.88  55      9079.0   ms
success		1       47      1       22      1       0       61998.40  54      9079.0   ms
success		1       48      1       22      1       0       62080.15  53      9079.0   ms
success		1       49      1       38      1       0       61670.29  52      9079.0   ms
success		1       50      1       22      1       0       61575.05  51      9079.0   ms
success		1       51      2       8       2       0       61301.21  50      9079.0   ms
success		1       52      3       16      3       0       59737.96  49      9079.0   ms
success		1       53      1       26      1       0       59576.62  48      9079.0   ms
success		1       54      6       18      6       0       58723.05  47      9079.0   ms
success		1       55      2       6       2       0       58697.33  46      9079.0   ms
success		1       56      5       37      5       0       58476.88  45      9079.0   ms
success		1       57      2       23      2       0       57880.74  44      9079.0   ms
success		1       58      5       11      5       0       57984.31  43      9079.0   ms
success		1       59      2       14      2       0       57573.97  42      9079.0   ms
success		1       60      2       21      2       0       57166.60  41      9079.0   ms
success		1       61      2       15      2       0       57117.61  40      9079.0   ms
success		1       62      1       1       1       0       56921.13  39      9079.0   ms
success		1       63      2       10      2       0       54724.94  38      9079.0   ms
success		1       64      8       32      8       0       52631.99  37      9079.0   ms
success		1       65      4       5       4       0       52186.24  36      9079.0   ms
success		1       66      1       12      1       0       52191.09  35      9079.0   ms
success		1       67      1       3       1       0       51900.18  34      9079.0   ms
success		1       68      4       26      4       0       52933.73  33      9079.0   ms
success		1       69      3       6       3       0       50465.53  32      9079.0   ms
success		1       70      1       15      1       0       50093.14  31      9079.0   ms
success		1       71      3       26      3       0       48971.56  30      9079.0   ms
success		1       72      6       27      6       0       47272.85  29      9079.0   ms
success		1       73      1       2       1       0       47163.00  28      9079.0   ms
success		1       74      2       0       2       0       46920.71  27      9079.0   ms
success		1       75      4       5       4       0       45758.38  26      9079.0   ms
success		1       76      2       22      2       0       43338.10  25      9079.0   ms
success		1       77      5       24      5       0       42194.53  24      9079.0   ms
success		1       78      3       16      3       0       39387.12  23      9079.0   ms
success		1       79      3       13      3       0       39015.47  22      9079.0   ms
success		1       80      3       12      3       0       36237.88  21      9079.0   ms
success		1       81      5       15      5       0       34362.29  20      9079.0   ms
success		1       82      5       0       5       0       32077.52  19      9079.0   ms
success		1       83      3       10      3       0       29768.01  18      9079.0   ms
success		1       84      4       12      4       0       29385.60  17      9079.0   ms
success		1       85      3       8       3       0       28930.62  16      9079.0   ms
success		1       86      6       11      6       0       27201.97  15      9079.0   ms
success		1       87      7       3       7       0       26548.45  14      9079.0   ms
success		1       88      4       7       4       0       23742.17  13      9079.0   ms
success		1       89      10      12      10      0       21215.48  12      9079.0   ms
success		1       90      9       5       7       0       18092.02  11      9095.0   ms
success		1       91      11      0       11      0       15792.09  10      9095.0   ms
success		1       92      12      5       12      0       12836.34  9       9095.0   ms
success		1       93      43      8       11      0       9757.32   8       9266.0   ms
success		1       94      475     3       13      0       6939.95   7       11248.0  ms
success		1       0       1       73      1       0       81813.12  101     16583.0  ms
success		1       1       1       26      1       0       81702.79  100     16583.0  ms
success		1       2       1       15      1       0       81562.19  99      16583.0  ms
success		1       3       1       79      1       0       81494.65  98      16583.0  ms
success		1       4       1       47      1       0       81150.96  97      16583.0  ms
success		1       5       1       16      1       0       81162.92  96      16583.0  ms
success		1       6       1       28      1       0       81075.91  95      16583.0  ms
success		1       7       1       64      1       0       80733.76  94      16583.0  ms
success		1       8       1       0       1       0       80587.84  93      16583.0  ms
success		1       9       1       42      1       0       80236.94  92      16583.0  ms
success		1       10      1       74      1       0       79902.66  91      16583.0  ms
success		1       11      1       64      1       0       79781.21  90      16583.0  ms
success		1       12      1       62      1       0       79642.04  89      16583.0  ms
success		1       13      1       44      1       0       78691.08  88      16583.0  ms
success		1       14      1       32      1       0       78586.16  87      16583.0  ms
success		1       15      1       65      1       0       78308.30  86      16583.0  ms
success		1       16      1       81      1       0       78146.85  85      16583.0  ms
success		1       17      2       4       2       0       78168.30  84      16583.0  ms
success		1       18      1       56      1       0       75832.47  83      16583.0  ms
success		1       19      1       74      1       0       73356.07  82      16583.0  ms
success		1       20      1       70      1       0       73137.35  81      16583.0  ms
success		1       21      1       62      1       0       73040.80  80      16598.0  ms
success		1       22      1       12      1       0       72576.73  79      16598.0  ms
success		1       23      1       39      1       0       72444.87  78      16598.0  ms
success		1       24      1       72      1       0       72498.77  77      16598.0  ms
success		1       25      2       45      2       0       72285.50  76      16598.0  ms
success		1       26      1       12      1       0       72136.29  75      16598.0  ms
success		1       27      3       14      3       0       72051.85  74      16598.0  ms
success		1       28      1       4       1       0       71631.71  73      16598.0  ms
success		1       29      2       57      2       0       71800.27  72      16598.0  ms
success		1       30      1       53      1       0       71696.26  71      16598.0  ms
success		1       31      2       7       2       0       71680.37  70      16598.0  ms
success		1       32      1       50      1       0       71334.91  69      16598.0  ms
success		1       33      6       52      6       0       72117.73  68      16598.0  ms
success		1       34      1       40      1       0       72059.21  67      16598.0  ms
success		1       35      2       33      2       0       70355.94  66      16598.0  ms
success		1       36      1       21      1       0       70092.11  65      16598.0  ms
success		1       37      1       11      1       0       69971.89  64      16598.0  ms
success		1       38      2       34      2       0       67298.98  63      16598.0  ms
success		1       39      3       3       3       0       66591.74  62      16598.0  ms
success		1       40      1       14      1       0       66453.77  61      16598.0  ms
success		1       41      1       36      1       0       65983.64  60      16598.0  ms
success		1       42      1       48      1       0       65745.91  59      16598.0  ms
success		1       43      1       46      1       0       65390.22  58      16598.0  ms
success		1       44      2       52      2       0       64986.11  57      16598.0  ms
success		1       45      2       12      2       0       64711.31  56      16598.0  ms
success		1       46      1       41      1       0       61518.73  55      16598.0  ms
success		1       47      1       44      1       0       61435.47  54      16598.0  ms
success		1       48      1       5       1       0       61361.75  53      16598.0  ms
success		1       49      3       23      3       0       61482.75  52      16598.0  ms
success		1       50      1       5       1       0       61418.34  51      16598.0  ms
success		1       51      1       47      1       0       60942.54  50      16598.0  ms
success		1       52      1       47      1       0       60436.97  49      16598.0  ms
success		1       53      2       32      2       0       60389.91  48      16598.0  ms
success		1       54      1       43      1       0       60317.08  47      16598.0  ms
success		1       55      1       13      1       0       58904.51  46      16598.0  ms
success		1       56      1       26      1       0       57542.00  45      16598.0  ms
success		1       57      4       44      4       0       60393.77  44      16598.0  ms
success		1       58      3       5       3       0       59659.67  43      16598.0  ms
success		1       59      3       5       3       0       59212.00  42      16598.0  ms
success		1       60      1       20      1       0       57721.89  41      16598.0  ms
success		1       61      2       2       2       0       54946.76  40      16598.0  ms
success		1       62      5       14      5       0       56775.31  39      16598.0  ms
success		1       63      6       35      6       0       56680.83  38      16598.0  ms
success		1       64      4       28      4       0       58445.91  37      16598.0  ms
success		1       65      2       10      2       0       56038.25  36      16598.0  ms
success		1       66      3       11      3       0       54680.16  35      16598.0  ms
success		1       67      1       23      1       0       54765.22  34      16598.0  ms
success		1       68      2       15      2       0       52506.50  33      16598.0  ms
success		1       69      4       26      4       0       52745.89  32      16598.0  ms
success		1       70      3       11      3       0       49909.60  31      16598.0  ms
success		1       71      2       9       2       0       49010.09  30      16598.0  ms
success		1       72      5       17      5       0       51696.09  29      16598.0  ms
success		1       73      11      13      11      0       52387.81  28      16598.0  ms
success		1       74      2       18      2       0       51394.57  27      16598.0  ms
success		1       75      9       12      9       0       50267.66  26      16598.0  ms
success		1       76      2       20      2       0       49531.68  25      16598.0  ms
success		1       77      2       17      2       0       47203.60  24      16598.0  ms
success		1       78      10      1       10      0       47361.09  23      16598.0  ms
success		1       79      3       21      3       0       44395.82  22      16614.0  ms
success		1       80      7       3       7       0       42689.86  21      16614.0  ms
success		1       81      9       15      9       0       41712.19  20      16614.0  ms
success		1       82      2       19      2       0       38566.67  19      16614.0  ms
success		1       83      5       16      5       0       35265.12  18      16614.0  ms
success		1       84      8       15      8       0       33307.38  17      16614.0  ms
success		1       85      4       8       4       0       31097.74  16      16614.0  ms
success		1       86      3       6       3       0       28609.92  15      16614.0  ms
success		1       87      4       7       4       0       27038.08  14      16614.0  ms
success		1       88      9       11      9       0       25586.51  13      16614.0  ms
success		1       89      6       2       5       0       20002.79  12      16614.0  ms
success		1       90      10      6       10      0       17264.48  11      16614.0  ms
success		1       91      12      5       10      0       14701.68  10      16614.0  ms
success		1       92      13      5       12      0       12553.14  9       16629.0  ms
success		1       93      18      6       12      0       10544.63  8       16676.0  ms
success		1       94      244     1       13      0       6929.28   7       18174.0  ms
success		1       0       1       86      1       0       82243.89  101     26879.0  ms
success		1       1       1       30      1       0       82070.67  100     26879.0  ms
success		1       2       1       7       1       0       81975.52  99      26879.0  ms
success		1       3       1       22      1       0       81918.25  98      26879.0  ms
success		1       4       1       82      1       0       81876.10  97      26879.0  ms
success		1       5       1       14      1       0       81370.85  96      26879.0  ms
success		1       6       1       3       1       0       81011.58  95      26879.0  ms
success		1       7       1       7       1       0       80831.73  94      26879.0  ms
success		1       8       1       80      1       0       80381.87  93      26879.0  ms
success		1       9       2       6       2       0       79836.09  92      26879.0  ms
success		1       10      1       15      1       0       79463.69  91      26879.0  ms
success		1       11      2       33      2       0       79615.53  90      26879.0  ms
success		1       12      1       76      1       0       79580.05  89      26879.0  ms
success		1       13      1       80      1       0       79481.80  88      26879.0  ms
success		1       14      3       17      3       0       79148.26  87      26879.0  ms
success		1       15      1       14      1       0       79040.51  86      26879.0  ms
success		1       16      3       60      3       0       78920.83  85      26879.0  ms
success		1       17      1       19      1       0       78475.44  84      26879.0  ms
success		1       18      1       24      1       0       78099.31  83      26879.0  ms
success		1       19      1       58      1       0       78139.73  82      26879.0  ms
success		1       20      1       40      1       0       77828.14  81      26879.0  ms
success		1       21      1       51      1       0       77728.15  80      26879.0  ms
success		1       22      3       72      3       0       77718.66  79      26879.0  ms
success		1       23      2       6       2       0       77512.48  78      26879.0  ms
success		1       24      1       38      1       0       77050.44  77      26879.0  ms
success		1       25      1       10      1       0       76650.57  76      26879.0  ms
success		1       26      1       28      1       0       76559.79  75      26879.0  ms
success		1       27      1       49      1       0       76400.77  74      26879.0  ms
success		1       28      2       39      2       0       75851.66  73      26879.0  ms
success		1       29      2       22      2       0       75555.52  72      26879.0  ms
success		1       30      2       10      2       0       75260.21  71      26879.0  ms
success		1       31      1       41      1       0       74910.54  70      26879.0  ms
success		1       32      1       30      1       0       74778.68  69      26879.0  ms
success		1       33      2       60      2       0       74726.35  68      26879.0  ms
success		1       34      6       7       6       0       74558.47  67      26879.0  ms
success		1       35      2       25      2       0       74002.47  66      26879.0  ms
success		1       36      2       56      2       0       74274.84  65      26879.0  ms
success		1       37      1       40      1       0       72049.64  64      26879.0  ms
success		1       38      3       8       3       0       71871.80  63      26879.0  ms
success		1       39      3       9       3       0       71871.92  62      26879.0  ms
success		1       40      3       53      3       0       70924.22  61      26879.0  ms
success		1       41      1       17      1       0       70989.18  60      26879.0  ms
success		1       42      2       10      2       0       68991.83  59      26879.0  ms
success		1       43      1       29      1       0       68881.31  58      26879.0  ms
success		1       44      3       46      3       0       66709.44  57      26879.0  ms
success		1       45      1       48      1       0       66461.45  56      26879.0  ms
success		1       46      1       54      1       0       66254.13  55      26879.0  ms
success		1       47      1       14      1       0       66202.52  54      26879.0  ms
success		1       48      1       0       1       0       65034.22  53      26879.0  ms
success		1       49      1       51      1       0       64684.16  52      26879.0  ms
success		1       50      1       31      1       0       64296.14  51      26879.0  ms
success		1       51      2       0       2       0       63865.15  50      26879.0  ms
success		1       52      3       44      3       0       64421.42  49      26879.0  ms
success		1       53      3       19      3       0       62479.51  48      26879.0  ms
success		1       54      1       42      1       0       62289.53  47      26879.0  ms
success		1       55      1       17      1       0       62267.59  46      26879.0  ms
success		1       56      2       14      2       0       61942.73  45      26879.0  ms
success		1       57      2       0       2       0       61797.87  44      26879.0  ms
success		1       58      1       22      1       0       61390.58  43      26879.0  ms
success		1       59      1       17      1       0       60736.27  42      26879.0  ms
success		1       60      3       3       3       0       59299.13  41      26879.0  ms
success		1       61      1       16      1       0       59193.52  40      26879.0  ms
success		1       62      2       36      2       0       55860.60  39      26879.0  ms
success		1       63      1       7       1       0       53607.76  38      26879.0  ms
success		1       64      1       29      1       0       53177.14  37      26879.0  ms
success		1       65      2       6       2       0       50780.47  36      26879.0  ms
success		1       66      3       29      3       0       48219.84  35      26879.0  ms
success		1       67      1       7       1       0       48370.44  34      26879.0  ms
success		1       68      3       24      3       0       47737.36  33      26894.0  ms
success		1       69      2       19      2       0       47216.26  32      26894.0  ms
success		1       70      2       18      2       0       46828.69  31      26894.0  ms
success		1       71      3       4       3       0       46853.83  30      26894.0  ms
success		1       72      3       8       3       0       46570.45  29      26894.0  ms
success		1       73      1       16      1       0       46525.37  28      26894.0  ms
success		1       74      2       1       2       0       45108.84  27      26894.0  ms
success		1       75      8       11      8       0       45988.57  26      26894.0  ms
success		1       76      2       2       2       0       45861.74  25      26894.0  ms
success		1       77      4       22      4       0       43840.19  24      26894.0  ms
success		1       78      2       19      2       0       43547.59  23      26894.0  ms
success		1       79      7       17      7       0       41492.76  22      26894.0  ms
success		1       80      2       18      2       0       38567.21  21      26894.0  ms
success		1       81      6       17      6       0       37601.70  20      26894.0  ms
success		1       82      8       17      8       0       35123.41  19      26894.0  ms
success		1       83      3       6       3       0       34546.12  18      26894.0  ms
success		1       84      7       13      7       0       31327.64  17      26894.0  ms
success		1       85      4       0       4       0       29122.16  16      26894.0  ms
success		1       86      10      13      10      0       26516.55  15      26894.0  ms
success		1       87      6       14      6       0       26770.47  14      26894.0  ms
success		1       88      11      7       9       0       24164.20  13      26894.0  ms
success		1       89      9       4       9       0       20528.90  12      26894.0  ms
success		1       90      8       0       6       0       18847.32  11      26910.0  ms
success		1       91      11      3       9       0       16382.70  10      26910.0  ms
success		1       92      10      4       8       0       12400.88  9       26925.0  ms
success		1       93      19      4       12      0       9924.43   8       26972.0  ms
success		1       94      681     5       13      0       6573.87   7       30700.0  ms
success		1       0       1       76      1       0       82131.91  101     36582.0  ms
success		1       1       1       43      1       0       81945.89  100     36582.0  ms
success		1       2       1       5       1       0       81773.99  99      36582.0  ms
success		1       3       1       88      1       0       81621.12  98      36582.0  ms
success		1       4       1       11      1       0       81461.51  97      36582.0  ms
success		1       5       1       50      1       0       80917.20  96      36582.0  ms
success		1       6       1       34      1       0       80797.72  95      36582.0  ms
success		1       7       1       33      1       0       80667.59  94      36582.0  ms
success		1       8       1       10      1       0       80665.51  93      36582.0  ms
success		1       9       1       71      1       0       80472.00  92      36582.0  ms
success		1       10      1       14      1       0       80344.07  91      36582.0  ms
success		1       11      1       80      1       0       79763.72  90      36582.0  ms
success		1       12      1       4       1       0       79289.41  89      36597.0  ms
success		1       13      2       1       2       0       79131.87  88      36597.0  ms
success		1       14      2       11      2       0       78982.66  87      36597.0  ms
success		1       15      1       39      1       0       78832.31  86      36597.0  ms
success		1       16      1       17      1       0       78671.75  85      36597.0  ms
success		1       17      1       29      1       0       77300.09  84      36597.0  ms
success		1       18      1       82      1       0       77173.02  83      36597.0  ms
success		1       19      1       80      1       0       76773.38  82      36597.0  ms
success		1       20      1       10      1       0       76743.36  81      36597.0  ms
success		1       21      1       22      1       0       76690.15  80      36597.0  ms
success		1       22      1       32      1       0       74430.66  79      36597.0  ms
success		1       23      1       2       1       0       73946.85  78      36597.0  ms
success		1       24      1       4       1       0       73948.28  77      36597.0  ms
success		1       25      1       57      1       0       73760.24  76      36597.0  ms
success		1       26      1       11      1       0       73647.95  75      36597.0  ms
success		1       27      1       0       1       0       73445.24  74      36597.0  ms
success		1       28      1       56      1       0       73297.21  73      36597.0  ms
success		1       29      1       5       1       0       72902.29  72      36597.0  ms
success		1       30      5       67      5       0       72477.46  71      36597.0  ms
success		1       31      1       3       1       0       72411.17  70      36597.0  ms
success		1       32      1       59      1       0       72444.16  69      36597.0  ms
success		1       33      1       66      1       0       72282.71  68      36597.0  ms
success		1       34      1       20      1       0       71952.60  67      36597.0  ms
success		1       35      1       32      1       0       71691.55  66      36597.0  ms
success		1       36      2       51      2       0       71186.49  65      36597.0  ms
success		1       37      1       16      1       0       70826.62  64      36597.0  ms
success		1       38      1       39      1       0       70750.44  63      36597.0  ms
success		1       39      4       33      4       0       70524.32  62      36597.0  ms
success		1       40      1       42      1       0       70404.76  61      36597.0  ms
success		1       41      1       23      1       0       70436.62  60      36597.0  ms
success		1       42      2       4       2       0       68754.80  59      36597.0  ms
success		1       43      1       13      1       0       67068.69  58      36597.0  ms
success		1       44      1       23      1       0       66963.66  57      36597.0  ms
success		1       45      1       37      1       0       66728.47  56      36597.0  ms
success		1       46      2       21      2       0       66349.67  55      36597.0  ms
success		1       47      1       35      1       0       66190.64  54      36597.0  ms
success		1       48      2       17      2       0       66169.37  53      36597.0  ms
success		1       49      4       8       4       0       66299.23  52      36597.0  ms
success		1       50      5       51      5       0       65808.39  51      36597.0  ms
success		1       51      1       16      1       0       65659.85  50      36597.0  ms
success		1       52      2       25      2       0       64828.59  49      36597.0  ms
success		1       53      3       29      3       0       62977.51  48      36597.0  ms
success		1       54      2       5       2       0       62901.28  47      36597.0  ms
success		1       55      1       10      1       0       62709.27  46      36597.0  ms
success		1       56      1       37      1       0       62403.03  45      36597.0  ms
success		1       57      6       29      6       0       62069.07  44      36597.0  ms
success		1       58      2       18      2       0       62125.75  43      36597.0  ms
success		1       59      2       14      2       0       62453.33  42      36597.0  ms
success		1       60      3       16      3       0       61134.58  41      36597.0  ms
success		1       61      2       3       2       0       60707.04  40      36597.0  ms
success		1       62      2       18      2       0       60254.15  39      36597.0  ms
success		1       63      6       25      6       0       58400.62  38      36597.0  ms
success		1       64      1       20      1       0       58355.73  37      36597.0  ms
success		1       65      1       27      1       0       56697.62  36      36597.0  ms
success		1       66      9       30      9       0       55775.74  35      36597.0  ms
success		1       67      4       5       4       0       57921.69  34      36597.0  ms
success		1       68      1       14      1       0       57921.82  33      36597.0  ms
success		1       69      5       15      5       0       56926.82  32      36597.0  ms
success		1       70      5       31      5       0       55555.94  31      36597.0  ms
success		1       71      5       21      5       0       53028.08  30      36597.0  ms
success		1       72      4       15      4       0       51866.15  29      36597.0  ms
success		1       73      4       12      4       0       50721.59  28      36597.0  ms
success		1       74      5       24      5       0       49199.05  27      36597.0  ms
success		1       75      3       25      3       0       47709.87  26      36597.0  ms
success		1       76      5       6       5       0       50087.10  25      36597.0  ms
success		1       77      3       17      3       0       48311.52  24      36597.0  ms
success		1       78      4       12      4       0       46552.44  23      36597.0  ms
success		1       79      2       14      2       0       44197.86  22      36597.0  ms
success		1       80      6       15      6       0       44493.68  21      36597.0  ms
success		1       81      9       3       9       0       41042.46  20      36597.0  ms
success		1       82      3       3       3       0       38175.01  19      36597.0  ms
success		1       83      9       18      9       0       35450.82  18      36597.0  ms
success		1       84      4       1       4       0       32446.23  17      36597.0  ms
success		1       85      5       15      5       0       30537.65  16      36597.0  ms
success		1       86      5       0       5       0       29439.69  15      36597.0  ms
success		1       87      3       3       3       0       27017.29  14      36597.0  ms
success		1       88      4       8       4       0       24112.72  13      36597.0  ms
success		1       89      8       10      8       0       21368.86  12      36597.0  ms
success		1       90      5       7       5       0       18327.24  11      36597.0  ms
success		1       91      12      2       12      0       15928.42  10      36597.0  ms
success		1       92      13      6       13      0       13160.47  9       36597.0  ms
success		1       93      24      8       12      0       9465.41   8       36644.0  ms
success		1       94      685     7       12      0       6853.17   7       39046.0  ms
success		1       0       1       20      1       0       82180.69  101     47392.0  ms
success		1       1       1       58      1       0       82066.49  100     47392.0  ms
success		1       2       1       97      1       0       81520.35  99      47392.0  ms
success		1       3       1       3       1       0       81351.69  98      47392.0  ms
success		1       4       2       60      2       0       81332.87  97      47392.0  ms
success		1       5       1       7       1       0       81177.76  96      47392.0  ms
success		1       6       1       32      1       0       81047.63  95      47392.0  ms
success		1       7       1       6       1       0       80952.48  94      47392.0  ms
success		1       8       1       10      1       0       80825.27  93      47392.0  ms
success		1       9       1       50      1       0       80766.75  92      47392.0  ms
success		1       10      1       73      1       0       80699.21  91      47392.0  ms
success		1       11      1       89      1       0       80572.14  90      47392.0  ms
success		1       12      1       22      1       0       78305.92  89      47392.0  ms
success		1       13      1       11      1       0       77868.69  88      47392.0  ms
success		1       14      1       82      1       0       77769.95  87      47392.0  ms
success		1       15      1       45      1       0       77269.94  86      47392.0  ms
success		1       16      1       0       1       0       76541.76  85      47392.0  ms
success		1       17      1       52      1       0       76441.78  84      47392.0  ms
success		1       18      2       45      2       0       76307.53  83      47392.0  ms
success		1       19      1       71      1       0       76207.95  82      47392.0  ms
success		1       20      2       72      2       0       75939.09  81      47392.0  ms
success		1       21      1       9       1       0       75557.27  80      47392.0  ms
success		1       22      1       19      1       0       75379.34  79      47392.0  ms
success		1       23      1       41      1       0       75028.54  78      47392.0  ms
success		1       24      2       2       2       0       74958.78  77      47392.0  ms
success		1       25      1       24      1       0       74839.30  76      47392.0  ms
success		1       26      1       70      1       0       74851.85  75      47392.0  ms
success		1       27      1       8       1       0       74358.89  74      47392.0  ms
success		1       28      2       7       2       0       73861.24  73      47392.0  ms
success		1       29      2       27      2       0       73766.01  72      47392.0  ms
success		1       30      1       15      1       0       73324.99  71      47392.0  ms
success		1       31      1       36      1       0       73297.21  70      47392.0  ms
success		1       32      1       63      1       0       73144.35  69      47392.0  ms
success		1       33      2       52      2       0       73016.67  68      47392.0  ms
success		1       34      3       23      3       0       72701.29  67      47392.0  ms
success		1       35      2       57      2       0       72790.12  66      47392.0  ms
success		1       36      2       28      2       0       72315.90  65      47392.0  ms
success		1       37      2       22      2       0       72901.71  64      47392.0  ms
success		1       38      1       59      1       0       72813.60  63      47392.0  ms
success		1       39      2       39      2       0       72900.46  62      47392.0  ms
success		1       40      2       61      2       0       72510.65  61      47392.0  ms
success		1       41      1       2       1       0       71010.96  60      47392.0  ms
success		1       42      3       4       3       0       71650.30  59      47392.0  ms
success		1       43      1       39      1       0       71352.23  58      47408.0  ms
success		1       44      1       21      1       0       71162.91  57      47408.0  ms
success		1       45      1       9       1       0       70173.25  56      47408.0  ms
success		1       46      1       29      1       0       70004.24  55      47408.0  ms
success		1       47      2       8       2       0       69646.35  54      47408.0  ms
success		1       48      1       36      1       0       69516.30  53      47408.0  ms
success		1       49      1       11      1       0       68020.35  52      47408.0  ms
success		1       50      3       12      3       0       67801.78  51      47408.0  ms
success		1       51      4       26      4       0       67779.63  50      47408.0  ms
success		1       52      1       2       1       0       66195.49  49      47408.0  ms
success		1       53      4       9       4       0       65858.89  48      47408.0  ms
success		1       54      2       47      2       0       65426.03  47      47408.0  ms
success		1       55      1       29      1       0       62828.73  46      47408.0  ms
success		1       56      3       4       3       0       62156.52  45      47408.0  ms
success		1       57      1       41      1       0       59903.01  44      47408.0  ms
success		1       58      4       19      4       0       59234.22  43      47408.0  ms
success		1       59      3       20      3       0       59041.65  42      47408.0  ms
success		1       60      1       19      1       0       58939.68  41      47408.0  ms
success		1       61      4       25      4       0       58978.51  40      47408.0  ms
success		1       62      5       11      5       0       58391.92  39      47408.0  ms
success		1       63      3       29      3       0       57100.18  38      47408.0  ms
success		1       64      1       0       1       0       56729.92  37      47408.0  ms
success		1       65      3       2       3       0       56430.45  36      47408.0  ms
success		1       66      2       14      2       0       55357.02  35      47408.0  ms
success		1       67      2       7       2       0       54802.19  34      47408.0  ms
success		1       68      1       14      1       0       54669.91  33      47408.0  ms
success		1       69      1       15      1       0       54380.00  32      47408.0  ms
success		1       70      4       8       4       0       53479.98  31      47408.0  ms
success		1       71      9       29      9       0       52869.22  30      47408.0  ms
success		1       72      8       27      8       0       53178.96  29      47408.0  ms
success		1       73      4       20      4       0       52152.42  28      47408.0  ms
success		1       74      3       9       3       0       51631.59  27      47408.0  ms
success		1       75      3       3       3       0       51092.82  26      47408.0  ms
success		1       76      2       17      2       0       50751.32  25      47408.0  ms
success		1       77      6       16      6       0       48576.20  24      47408.0  ms
success		1       78      3       18      3       0       45730.69  23      47408.0  ms
success		1       79      7       19      7       0       45592.18  22      47408.0  ms
success		1       80      5       11      5       0       44414.09  21      47408.0  ms
success		1       81      4       3       4       0       43958.65  20      47408.0  ms
success		1       82      5       2       5       0       40890.60  19      47408.0  ms
success		1       83      1       6       1       0       38260.36  18      47408.0  ms
success		1       84      1       11      1       0       34984.54  17      47408.0  ms
success		1       85      10      8       10      0       33496.62  16      47408.0  ms
success		1       86      6       12      6       0       31107.37  15      47408.0  ms
success		1       87      8       11      8       0       28384.56  14      47408.0  ms
success		1       88      8       10      7       0       24969.65  13      47423.0  ms
success		1       89      12      10      12      0       21977.17  12      47423.0  ms
success		1       90      8       9       8       0       19319.34  11      47423.0  ms
success		1       91      10      7       10      0       15740.25  10      47423.0  ms
success		1       92      9       0       8       0       12947.64  9       47423.0  ms
success		1       93      18      5       12      0       10046.39  8       47470.0  ms
cross iterater0
rand   	success		6874.07   6898.73   7       56503.0  ms cross
rand   	success		6882.00   6988.37   7       61401.0  ms cross
ab
ab6	5
fail		6874.07   6997.55   7       67360.0  ms
fail		6750.13   6963.01   7       73241.0  ms
cross iterater1
rand   	success		6675.09   6901.38   7       74396.0  ms cross
rand   	success		6969.94   7045.13   7       76439.0  ms cross
ab
ab6	5
fail		6790.44   6956.76   7       83833.0  ms
fail		6732.99   7053.42   7       89824.0  ms
fail		6878.86   6998.27   7       97078.0  ms
cross iterater2
rand   	success		6730.55   6848.25   7       98809.0  ms cross
rand   	success		6553.27   6969.60   7       100198.0 ms cross
ab
ab6	5
fail		6675.09   6895.18   7       110057.0 ms
cross iterater3
rand   	success		7056.49   7056.54   7       111632.0 ms cross
rand   	success		6788.84   6908.23   7       112818.0 ms cross
ab
ab7	3
fail		6667.47   6935.56   7       121257.0 ms
fail		6750.13   6963.01   7       128262.0 ms
cross iterater4
rand   	success		6590.91   6804.63   7       129416.0 ms cross
rand   	success		6853.28   6734.66   7       132224.0 ms cross
ab
ab7	0
cross iterater5
rand   	success		6973.32   6878.44   7       135328.0 ms cross
rand   	success		6875.05   6736.51   7       137715.0 ms cross
ab
ab7	4
fail		6590.91   6861.20   7       144345.0 ms
cross iterater6
rand   	success		6829.39   7070.97   7       146669.0 ms cross
rand   	success		6782.32   6798.16   7       147013.0 ms cross
ab
ab6	4
ab7	2
fail		6772.34   6916.54   7       153112.0 ms
fail		6875.05   7032.50   7       158962.0 ms
fail		6782.32   6993.91   7       165998.0 ms
cross iterater7
rand   	fail		6971.89   10007.08  8       176465.0 ms cross
rand   	success		6849.33   7015.16   7       177963.0 ms cross
ab
ab7	4
ab6	2
fail		6782.32   6993.91   7       183813.0 ms
cross iterater8
rand   	success		6702.00   7143.69   7       184904.0 ms cross
rand   	success		6874.47   6879.40   7       185716.0 ms cross
ab
ab7	3
ab6	0
cross iterater9
rand   	success		6691.09   6922.87   7       186246.0 ms cross
rand   	success		6619.96   6902.46   7       186745.0 ms cross
ab
ab7	5
cross iterater10
rand   	success		6467.02   6789.28   7       187588.0 ms cross
rand   	success		6833.64   6730.56   7       188305.0 ms cross
ab
ab7	0
cross iterater11
rand   	success		6813.07   6892.64   7       190427.0 ms cross
rand   	success		6713.74   6740.24   7       192221.0 ms cross
ab
ab7	0
cross iterater12
rand   	success		6813.30   6593.29   7       194171.0 ms cross
rand   	success		6768.86   6887.49   7       196027.0 ms cross
ab
ab6	4
ab7	5
fail		6758.80   6931.51   7       202548.0 ms
cross iterater13
rand   	success		6938.52   6974.90   7       204482.0 ms cross
rand   	success		6834.64   7037.77   7       206385.0 ms cross
ab
ab7	3
ab6	1
cross iterater14
rand   	success		6670.17   6748.76   7       209193.0 ms cross
rand   	success		6305.07   6642.27   7       211409.0 ms cross
ab
fail		6467.02   6898.65   7       217461.0 ms
cross iterater15
ab
ab7	0
fail		6305.07   6846.64   7       223748.0 ms
cross iterater16
rand   	success		6872.76   6912.04   7       225573.0 ms cross
rand   	success		6745.40   6839.31   7       226540.0 ms cross
ab
ab6	2
ab7	0
fail		6745.40   7041.00   7       232749.0 ms
cross iterater17
rand   	success		6908.03   6803.04   7       233217.0 ms cross
rand   	success		6877.34   6921.94   7       235729.0 ms cross
ab
ab6	2
ab7	5
cross iterater18
rand   	success		6969.39   6663.21   7       238396.0 ms cross
rand   	success		6785.52   6842.25   7       239691.0 ms cross
ab
ab7	2
ab6	3
fail		6908.03   7015.06   7       245541.0 ms
cross iterater19
rand   	success		6598.53   6585.01   7       247725.0 ms cross
rand   	fail		6960.83   9811.42   8       258520.0 ms cross
ab
ab6	3
cross iterater20
rand   	success		6939.19   6882.21   7       260158.0 ms cross
rand   	success		6928.14   6754.41   7       262623.0 ms cross
ab
ab6	5
ab7	3
cross iterater21
rand   	success		6859.91   6945.38   7       264167.0 ms cross
rand   	success		6890.18   6946.85   7       265665.0 ms cross
ab
ab6	2
ab7	5
fail		6910.20   7041.65   7       272170.0 ms
cross iterater22
rand   	success		6966.07   6872.90   7       272887.0 ms cross
rand   	success		6738.25   6969.03   7       273745.0 ms cross
ab
ab6	1
fail		6877.64   6994.46   7       279704.0 ms
cross iterater23
rand   	success		6532.22   6843.69   7       280999.0 ms cross
rand   	fail		6941.76   9969.04   8       286225.0 ms cross
ab
ab6	4
cross iterater24
ab
ab6	1
cross iterater25
rand   	success		6508.88   6951.23   7       286943.0 ms cross
rand   	success		6895.54   7036.65   7       289501.0 ms cross
ab
ab6	5
ab7	3
fail		6864.57   7004.05   7       296755.0 ms
fail		6672.91   6982.76   7       302199.0 ms
cross iterater26
rand   	success		6588.66   7049.22   7       303307.0 ms cross
rand   	success		6523.33   6887.99   7       304009.0 ms cross
ab
ab6	3
ab7	1
fail		6711.65   6885.77   7       310186.0 ms
cross iterater27
ab
ab7	5
cross iterater28
rand   	success		6849.32   6815.48   7       311466.0 ms cross
rand   	fail		6895.56   9853.44   8       317362.0 ms cross
ab
ab7	0
fail		6615.81   6975.25   7       322760.0 ms
fail		6768.13   6921.37   7       329031.0 ms
cross iterater29
rand   	success		6742.09   6714.90   7       329140.0 ms cross
rand   	success		6788.44   6807.50   7       329967.0 ms cross
ab
ab6	4
fail		6711.65   6885.77   7       337330.0 ms
cross iterater30
rand   	success		6681.59   6952.33   7       337814.0 ms cross
rand   	success		6788.36   6786.65   7       338672.0 ms cross
ab
ab6	3
fail		6706.07   7036.72   7       345645.0 ms
fail		6842.18   6955.19   7       353601.0 ms
fail		6742.09   7008.92   7       361775.0 ms
cross iterater31
rand   	success		6736.09   6961.67   7       362929.0 ms cross
rand   	success		6682.71   7044.72   7       366533.0 ms cross
ab
ab6	5
fail		6641.27   6933.03   7       372929.0 ms
cross iterater32
rand   	success		6969.96   6637.40   7       374161.0 ms cross
rand   	success		6463.76   6560.18   7       375191.0 ms cross
ab
ab6	2
fail		6969.96   6998.75   7       381103.0 ms
fail		6799.14   6900.58   7       387639.0 ms
cross iterater33
rand   	success		6928.96   6976.57   7       389558.0 ms cross
rand   	success		6741.74   6917.97   7       390120.0 ms cross
ab
ab6	1
cross iterater34
ab
ab6	2
fail		6741.74   6960.45   7       396360.0 ms
cross iterater35
rand   	success		6613.20   6855.87   7       398731.0 ms cross
rand   	success		6717.03   6835.38   7       402179.0 ms cross
ab
fail		6717.03   6940.51   7       409308.0 ms
fail		6745.79   7048.91   7       418153.0 ms
fail		6799.14   6900.58   7       424455.0 ms
cross iterater36
rand   	success		6694.26   7036.45   7       430820.0 ms cross
rand   	success		6791.80   6624.94   7       431647.0 ms cross
ab
ab6	1
cross iterater37
rand   	success		6672.86   6767.12   7       433721.0 ms cross
rand   	success		6575.20   6744.48   7       435312.0 ms cross
ab
ab6	2
fail		6681.62   6984.37   7       445499.0 ms
cross iterater38
rand   	success		6904.16   6956.49   7       447668.0 ms cross
rand   	success		6793.68   6978.15   7       452098.0 ms cross
ab
ab7	0
fail		6575.20   6843.31   7       462831.0 ms
fail		6904.16   7010.03   7       472128.0 ms
fail		6613.20   7026.33   7       482221.0 ms
cross iterater39
rand   	success		6873.29   6912.95   7       484233.0 ms cross
rand   	success		6649.86   6849.12   7       485747.0 ms cross
ab
ab6	4
fail		6649.86   6954.32   7       494342.0 ms
cross iterater40
rand   	success		6941.47   7007.06   7       495653.0 ms cross
rand   	success		6691.18   6734.54   7       496448.0 ms cross
ab
ab6	4
fail		6702.32   6953.35   7       502329.0 ms
cross iterater41
rand   	success		6774.56   6790.92   7       505200.0 ms cross
rand   	success		6752.33   6841.75   7       508522.0 ms cross
ab
ab6	1
fail		6602.67   7043.10   7       514622.0 ms
fail		6542.08   6817.71   7       520643.0 ms
cross iterater42
ab
ab7	0
cross iterater43
rand   	success		6936.41   6929.54   7       525261.0 ms cross
rand   	success		6754.27   7031.77   7       529442.0 ms cross
ab
ab6	2
ab7	4
fail		6774.56   6914.33   7       537054.0 ms
fail		6752.33   7055.35   7       543653.0 ms
cross iterater44
ab
ab6	3
ab7	5
fail		6798.08   6935.02   7       549612.0 ms
cross iterater45
rand   	success		6844.44   6944.57   7       550626.0 ms cross
rand   	success		6735.68   6801.87   7       550642.0 ms cross
ab
ab6	3
fail		6813.86   7082.25   7       556523.0 ms
cross iterater46
ab
ab6	1
fail		6735.68   6982.24   7       562186.0 ms
fail		6629.31   6875.72   7       568285.0 ms
fail		6857.08   6992.03   7       573964.0 ms
fail		6834.61   6971.22   7       579813.0 ms
cross iterater47
ab
ab6	4
fail		6822.43   6985.29   7       587005.0 ms
cross iterater48
rand   	success		6851.48   6833.91   7       588300.0 ms cross
rand   	success		6720.07   6722.92   7       591061.0 ms cross
ab
ab6	4
fail		6629.31   6875.72   7       599656.0 ms
fail		6834.61   6971.22   7       605553.0 ms
cross iterater49
rand   	success		6696.00   7013.23   7       609219.0 ms cross
rand   	success		6858.04   6959.39   7       610233.0 ms cross
ab
ab7	5
ab6	1
cross iterater50
rand   	success		6927.64   6792.50   7       611497.0 ms cross
rand   	success		6785.98   6915.14   7       611497.0 ms cross
ab
ab7	0
fail		6785.98   7010.44   7       617877.0 ms
cross iterater51
rand   	success		6716.82   6721.81   7       619546.0 ms cross
rand   	success		6757.78   6735.38   7       621200.0 ms cross
ab
ab6	2
ab7	5
fail		6643.56   6941.47   7       626566.0 ms
fail		6757.78   7023.18   7       634850.0 ms
cross iterater52
rand   	success		6831.98   6746.88   7       637049.0 ms cross
rand   	success		6663.05   6570.67   7       638968.0 ms cross
ab
ab7	4
fail		6831.98   6933.77   7       648546.0 ms
fail		6927.64   7074.97   7       656284.0 ms
fail		6716.82   7040.15   7       662274.0 ms
cross iterater53
rand   	success		6856.79   7030.37   7       663928.0 ms cross
rand   	success		6656.13   6706.65   7       663943.0 ms cross
ab
ab6	2
ab7	3
fail		6863.06   6994.50   7       669918.0 ms
fail		6663.05   6907.23   7       676189.0 ms
cross iterater54
ab
ab6	1
fail		6656.13   6955.76   7       682101.0 ms
cross iterater55
ab
ab6	3
ab7	4
fail		6763.86   6849.22   7       690463.0 ms
cross iterater56
rand   	success		6697.41   6797.38   7       693021.0 ms cross
rand   	success		6719.31   6952.50   7       694129.0 ms cross
ab
ab6	2
ab7	1
fail		6789.53   7005.94   7       700681.0 ms
fail		6387.01   6911.50   7       706796.0 ms
cross iterater57
rand   	success		6815.14   6980.37   7       708543.0 ms cross
rand   	success		6747.81   6780.80   7       712537.0 ms cross
ab
ab6	1
cross iterater58
rand   	success		6889.39   6929.16   7       713878.0 ms cross
rand   	success		6715.45   6921.63   7       718199.0 ms cross
ab
ab6	3
ab7	5
fail		6477.29   6956.87   7       725204.0 ms
fail		6629.53   6915.68   7       731490.0 ms
fail		6662.58   6947.34   7       737371.0 ms
cross iterater59
rand   	success		6680.58   6857.79   7       742161.0 ms cross
rand   	success		6939.41   6882.56   7       742426.0 ms cross
ab
ab6	5
fail		6697.41   6959.58   7       748307.0 ms
cross iterater60
rand   	success		6805.45   6993.96   7       749492.0 ms cross
rand   	success		6742.16   6699.59   7       749820.0 ms cross
ab
ab7	4
ab6	2
fail		6715.45   6912.18   7       755514.0 ms
cross iterater61
rand   	success		6917.54   6746.82   7       757714.0 ms cross
rand   	success		6810.41   6838.35   7       758603.0 ms cross
ab
ab6	2
fail		6781.32   7055.55   7       765155.0 ms
cross iterater62
rand   	fail		6929.29   9943.47   8       770708.0 ms cross
rand   	success		6858.12   6878.61   7       773017.0 ms cross
ab
ab6	4
cross iterater63
rand   	success		6863.41   6584.29   7       774811.0 ms cross
rand   	success		6854.75   6783.72   7       775731.0 ms cross
ab
ab6	1
cross iterater64
rand   	success		6840.90   6935.30   7       781566.0 ms cross
rand   	success		6984.23   7021.10   7       787416.0 ms cross
ab
ab6	5
ab7	2
fail		6924.45   7037.37   7       793952.0 ms
fail		6847.84   6909.50   7       800395.0 ms
cross iterater65
rand   	success		6503.03   6505.51   7       802657.0 ms cross
rand   	success		6889.12   6806.42   7       803515.0 ms cross
ab
ab7	0
fail		6801.55   6989.43   7       809692.0 ms
cross iterater66
ab
ab7	5
cross iterater67
rand   	success		6801.84   6580.22   7       811595.0 ms cross
rand   	success		6838.06   6952.34   7       813233.0 ms cross
ab
ab7	2
fail		6790.18   6986.05   7       819208.0 ms
fail		6801.84   6894.60   7       825432.0 ms
fail		6832.69   6992.71   7       831313.0 ms
fail		6503.03   6614.22   7       837959.0 ms
cross iterater68
rand   	success		6606.82   6801.77   7       840751.0 ms cross
rand   	success		6753.08   6783.58   7       842608.0 ms cross
ab
ab7	0
fail		6834.14   6954.55   7       848130.0 ms
fail		6503.03   6614.22   7       854370.0 ms
cross iterater69
rand   	success		6804.49   6953.63   7       854760.0 ms cross
rand   	success		6834.94   6975.74   7       855867.0 ms cross
ab
ab6	1
cross iterater70
rand   	success		6707.17   6729.23   7       856554.0 ms cross
rand   	success		6668.83   6668.38   7       857427.0 ms cross
ab
ab6	3
fail		6606.82   6975.07   7       863075.0 ms
fail		6503.03   6614.22   7       869127.0 ms
cross iterater71
rand   	success		6728.40   6774.37   7       870157.0 ms cross
rand   	success		6837.78   6810.69   7       870485.0 ms cross
ab
ab6	4
cross iterater72
rand   	success		6641.79   6648.34   7       873292.0 ms cross
rand   	success		6764.46   6759.03   7       875632.0 ms cross
ab
ab6	1
fail		6641.79   6990.46   7       883167.0 ms
fail		6707.17   6981.15   7       889048.0 ms
cross iterater73
ab
ab6	4
ab7	3
fail		6581.13   6924.27   7       895195.0 ms
cross iterater74
rand   	success		6649.80   6723.69   7       896661.0 ms cross
rand   	success		6950.54   6946.48   7       900046.0 ms cross
ab
ab7	5
fail		6649.80   6886.10   7       906894.0 ms
cross iterater75
rand   	success		6685.84   6702.02   7       909687.0 ms cross
rand   	success		6972.80   6870.00   7       912027.0 ms cross
ab
ab7	0
fail		6728.40   6926.43   7       918079.0 ms
cross iterater76
ab
ab6	3
fail		6685.84   6938.95   7       924382.0 ms
cross iterater77
rand   	success		6814.29   6923.19   7       925833.0 ms cross
rand   	success		6977.50   6999.27   7       926925.0 ms cross
ab
ab6	2
ab7	3
cross iterater78
rand   	success		6692.03   6604.88   7       928329.0 ms cross
rand   	success		6774.91   6683.59   7       929826.0 ms cross
ab
cross iterater79
rand   	success		6606.23   6750.33   7       931511.0 ms cross
rand   	success		6853.71   6931.92   7       935099.0 ms cross
ab
ab7	3
ab6	0
cross iterater80
rand   	success		6781.88   6748.20   7       936877.0 ms cross
rand   	success		6656.95   6688.66   7       938390.0 ms cross
ab
ab6	4
ab7	2
fail		6774.91   6875.32   7       944412.0 ms
fail		6779.26   6925.65   7       950901.0 ms
cross iterater81
ab
ab6	4
ab7	5
fail		6633.19   7003.95   7       956907.0 ms
fail		6781.88   7047.62   7       962991.0 ms
cross iterater82
rand   	success		6661.01   6581.96   7       965815.0 ms cross
rand   	success		6916.20   6921.72   7       966907.0 ms cross
ab
ab6	3
cross iterater83
rand   	success		6750.94   7093.12   7       970276.0 ms cross
rand   	success		6790.49   6722.96   7       971977.0 ms cross
ab
ab6	0
fail		6916.20   7070.05   7       977764.0 ms
fail		6790.49   7087.19   7       983739.0 ms
cross iterater84
rand   	success		6662.10   6959.06   7       985502.0 ms cross
rand   	success		6783.01   6643.57   7       988528.0 ms cross
ab
ab6	4
fail		6738.70   6957.10   7       994815.0 ms
cross iterater85
rand   	success		6874.51   6872.88   7       995533.0 ms cross
rand   	success		6728.97   6886.05   7       996624.0 ms cross
ab
ab6	1
fail		6738.70   6957.10   7       1002646.0 ms
fail		6662.10   7004.84   7       1009011.0 ms
fail		6835.64   7025.80   7       1015126.0 ms
cross iterater86
rand   	success		6850.89   6887.16   7       1016686.0 ms cross
rand   	success		6721.00   6776.53   7       1018105.0 ms cross
ab
ab6	1
fail		6874.51   7014.18   7       1023846.0 ms
cross iterater87
rand   	success		6768.86   6738.08   7       1025531.0 ms cross
rand   	success		6985.45   6734.64   7       1026077.0 ms cross
ab
ab6	2
fail		6729.06   6849.12   7       1032223.0 ms
fail		6627.46   6869.01   7       1038588.0 ms
cross iterater88
ab
ab6	1
cross iterater89
rand   	success		6485.34   7001.26   7       1038869.0 ms cross
rand   	fail		7080.56   9715.75   8       1043861.0 ms cross
ab
ab6	0
ab7	2
fail		6729.06   6849.12   7       1050615.0 ms
fail		6768.86   6872.09   7       1056887.0 ms
cross iterater90
rand   	success		6801.70   6836.92   7       1057464.0 ms cross
rand   	success		6859.32   6901.37   7       1059180.0 ms cross
ab
ab6	3
cross iterater91
rand   	success		6954.49   6930.16   7       1061754.0 ms cross
rand   	success		6832.46   6802.58   7       1062674.0 ms cross
ab
ab6	0
fail		6529.86   6864.54   7       1069242.0 ms
cross iterater92
rand   	success		6965.88   6853.03   7       1070474.0 ms cross
rand   	success		6857.29   6772.23   7       1071223.0 ms cross
ab
ab7	0
cross iterater93
rand   	success		6800.59   6784.27   7       1072284.0 ms cross
rand   	success		6909.18   6789.59   7       1073032.0 ms cross
ab
cross iterater94
rand   	success		6741.25   6711.50   7       1075528.0 ms cross
rand   	success		6922.55   7000.56   7       1076417.0 ms cross
ab
ab7	5
fail		6608.70   6913.94   7       1082283.0 ms
fail		6914.04   7093.64   7       1087977.0 ms
cross iterater95
rand   	success		6723.28   6824.20   7       1089225.0 ms cross
rand   	success		6650.64   7084.47   7       1090301.0 ms cross
ab
ab6	1
fail		6723.28   7020.95   7       1096760.0 ms
fail		6608.70   6913.94   7       1103093.0 ms
cross iterater96
rand   	success		6887.83   6929.61   7       1103436.0 ms cross
rand   	success		6829.15   6879.75   7       1107258.0 ms cross
ab
ab7	5
fail		6887.83   7032.07   7       1113607.0 ms
cross iterater97
rand   	success		6767.34   6919.24   7       1116774.0 ms cross
rand   	success		6677.96   6883.97   7       1117351.0 ms cross
ab
ab6	1
ab7	4
fail		6608.70   6913.94   7       1123123.0 ms
cross iterater98
rand   	success		6617.46   6685.15   7       1125089.0 ms cross
rand   	success		6816.08   6885.58   7       1128614.0 ms cross
ab
ab6	5
ab7	4
fail		6674.23   6944.03   7       1134698.0 ms
fail		6741.25   6976.05   7       1140735.0 ms
cross iterater99
rand   	success		6900.49   6870.29   7       1142607.0 ms cross
rand   	success		6941.33   6934.34   7       1145634.0 ms cross
ab
ab6	1
fail		6900.49   7025.63   7       1151375.0 ms
fail		6832.31   6976.22   7       1158004.0 ms
fail		6815.36   6964.88   7       1163964.0 ms

R.size:7

1		188	14	110	6	42	136	5	159	161	142	187	178	179	89	155	173	133	87	204	35	175	146	11	47	79	3	9	23	36	122	
2		67	153	61	66	21	15	2	143	48	127	71	126	90	197	39	108	7	76	117	199	189	44	196	165	83	80	25	62	
3		38	78	134	119	69	168	102	160	34	16	174	150	191	97	98	185	27	121	115	164	192	55	88	170	58	22	163	75	177	43	
4		200	41	111	198	180	10	93	45	182	77	12	112	59	152	94	176	26	140	123	86	130	120	100	203	109	104	82	135	68	1	
5		19	65	183	29	193	158	151	195	106	138	186	118	50	132	141	74	103	81	125	137	53	56	30	95	33	96	139	28	
6		31	154	46	63	162	51	147	8	57	113	131	169	37	84	64	60	72	24	92	124	85	49	156	202	107	52	201	129	99	4	
7		171	184	20	194	190	91	145	116	70	13	73	149	32	157	17	166	181	172	54	101	148	128	144	105	18	114	167	40	

data1/pdp200/LC2_2_4.txt
total_cost 6305.069006

