success		1       0       1       84      1       0       37684.63  99      0.0      ms
success		1       1       1       66      1       0       37679.05  98      16.0     ms
success		1       2       1       71      1       0       37816.28  97      16.0     ms
success		1       3       1       38      1       0       37836.07  96      16.0     ms
success		1       4       1       40      1       0       37967.90  95      16.0     ms
success		1       5       1       62      1       0       38064.73  94      16.0     ms
success		1       6       1       58      1       0       38206.15  93      16.0     ms
success		1       7       1       51      1       0       38199.93  92      16.0     ms
success		1       8       1       52      1       0       38365.02  91      16.0     ms
success		1       9       1       60      1       0       38530.23  90      16.0     ms
success		1       10      1       50      1       0       38608.53  89      16.0     ms
success		1       11      1       44      1       0       38792.47  88      16.0     ms
success		1       12      2       37      2       0       38832.97  87      16.0     ms
success		1       13      1       23      1       0       39075.28  86      16.0     ms
success		1       14      1       10      1       0       39135.03  85      16.0     ms
success		1       15      2       40      2       0       38405.94  84      16.0     ms
success		1       16      1       14      1       0       38353.77  83      16.0     ms
success		1       17      1       77      1       0       38530.39  82      16.0     ms
success		1       18      2       78      2       0       38635.80  81      16.0     ms
success		1       19      1       80      1       0       38706.23  80      16.0     ms
success		1       20      1       13      1       0       38709.48  79      16.0     ms
success		1       21      1       60      1       0       37351.64  78      16.0     ms
success		1       22      2       72      2       0       37494.65  77      16.0     ms
success		1       23      2       61      2       0       37784.74  76      16.0     ms
success		1       24      1       65      1       0       37484.68  75      16.0     ms
success		1       25      1       23      1       0       36512.77  74      16.0     ms
success		1       26      1       43      1       0       36356.66  73      16.0     ms
success		1       27      1       57      1       0       36501.93  72      16.0     ms
success		1       28      2       69      2       0       36296.48  71      16.0     ms
success		1       29      2       59      2       0       36444.40  70      16.0     ms
success		1       30      2       19      2       0       36556.35  69      16.0     ms
success		1       31      1       20      1       0       36655.70  68      16.0     ms
success		1       32      1       53      1       0       36744.98  67      16.0     ms
success		1       33      2       32      2       0       36905.15  66      16.0     ms
success		1       34      1       0       1       0       36914.81  65      16.0     ms
success		1       35      1       31      1       0       36910.71  64      16.0     ms
success		1       36      1       22      1       0       37125.61  63      16.0     ms
success		1       37      3       62      3       0       37058.61  62      16.0     ms
success		1       38      2       57      2       0       37213.70  61      16.0     ms
success		1       39      3       43      3       0       36856.94  60      16.0     ms
success		1       40      1       56      1       0       36983.83  59      31.0     ms
success		1       41      1       25      1       0       37063.64  58      31.0     ms
success		1       42      1       44      1       0       36075.65  57      31.0     ms
success		1       43      2       9       2       0       35909.00  56      31.0     ms
success		1       44      2       26      2       0       36125.48  55      31.0     ms
success		1       45      2       3       2       0       35154.26  54      31.0     ms
success		1       46      4       1       4       0       35272.13  53      31.0     ms
success		1       47      4       12      4       0       34914.98  52      31.0     ms
success		1       48      1       24      1       0       35053.92  51      31.0     ms
success		1       49      1       13      1       0       35260.24  50      31.0     ms
success		1       50      2       8       2       0       34743.62  49      31.0     ms
success		1       51      2       44      2       0       34637.97  48      31.0     ms
success		1       52      1       27      1       0       33294.45  47      31.0     ms
success		1       53      1       27      1       0       33447.14  46      31.0     ms
success		1       54      5       35      5       0       33248.17  45      31.0     ms
success		1       55      1       24      1       0       32049.37  44      31.0     ms
success		1       56      2       37      2       0       32122.79  43      31.0     ms
success		1       57      1       27      1       0       32147.17  42      31.0     ms
success		1       58      2       9       2       0       32304.58  41      31.0     ms
success		1       59      1       17      1       0       32358.26  40      31.0     ms
success		1       60      1       27      1       0       32539.13  39      31.0     ms
success		1       61      2       10      2       0       32068.74  38      31.0     ms
success		1       62      2       7       2       0       30933.73  37      31.0     ms
success		1       63      1       19      1       0       30979.49  36      31.0     ms
success		1       64      6       4       6       0       31834.02  35      31.0     ms
success		1       65      2       23      2       0       31750.17  34      31.0     ms
success		1       66      2       3       2       0       31574.19  33      31.0     ms
success		1       67      4       32      4       0       31005.18  32      31.0     ms
success		1       68      1       16      1       0       29582.29  31      31.0     ms
success		1       69      1       25      1       0       29657.26  30      31.0     ms
success		1       70      4       21      4       0       29431.25  29      31.0     ms
success		1       71      4       4       4       0       28410.21  28      31.0     ms
success		1       72      6       13      6       0       27803.57  27      31.0     ms
success		1       73      1       21      1       0       27385.23  26      31.0     ms
success		1       74      9       2       9       0       26677.18  25      31.0     ms
success		1       75      2       10      2       0       26569.53  24      31.0     ms
success		1       76      2       2       2       0       25425.33  23      31.0     ms
success		1       77      1       5       1       0       25412.47  22      31.0     ms
success		1       78      1       16      1       0       24139.97  21      31.0     ms
success		1       79      2       13      2       0       23023.19  20      47.0     ms
success		1       80      6       15      6       0       22190.57  19      47.0     ms
success		1       81      3       14      3       0       22282.74  18      47.0     ms
success		1       82      9       10      9       0       22422.93  17      47.0     ms
success		1       83      12      14      12      0       23081.48  16      47.0     ms
success		1       84      16      0       16      0       22537.24  15      47.0     ms
success		1       85      15      7       15      0       20807.78  14      47.0     ms
success		1       86      5       4       5       0       20196.00  13      47.0     ms
success		1       87      5       8       5       0       18359.50  12      47.0     ms
success		1       88      9       4       9       0       17132.57  11      47.0     ms
success		1       89      14      10      14      0       16319.43  10      63.0     ms
success		1       90      14      9       14      0       15348.55  9       63.0     ms
success		1       91      10      3       10      0       14153.96  8       63.0     ms
success		1       92      11      4       11      0       13046.22  7       63.0     ms
success		1       93      16      5       16      0       11639.76  6       63.0     ms
success		1       94      21      3       19      0       9916.40   5       156.0    ms
success		1       95      28      4       23      0       8014.99   4       250.0    ms
success		1       96      612     1       25      0       5506.13   3       22089.0  ms
success		1       0       1       22      1       0       51794.37  99      212079.0 ms
success		1       1       1       40      1       0       51533.43  98      212079.0 ms
success		1       2       1       5       1       0       51001.23  97      212079.0 ms
success		1       3       1       24      1       0       50773.41  96      212079.0 ms
success		1       4       1       47      1       0       49819.16  95      212079.0 ms
success		1       5       1       92      1       0       49638.29  94      212079.0 ms
success		1       6       1       5       1       0       49239.85  93      212079.0 ms
success		1       7       1       31      1       0       49161.97  92      212079.0 ms
success		1       8       1       65      1       0       48805.48  91      212079.0 ms
success		1       9       1       19      1       0       48734.25  90      212079.0 ms
success		1       10      1       39      1       0       48590.99  89      212079.0 ms
success		1       11      1       25      1       0       48402.01  88      212079.0 ms
success		1       12      1       54      1       0       48389.39  87      212079.0 ms
success		1       13      1       40      1       0       48369.20  86      212079.0 ms
success		1       14      1       5       1       0       48313.52  85      212079.0 ms
success		1       15      1       60      1       0       48150.99  84      212079.0 ms
success		1       16      1       10      1       0       47905.67  83      212079.0 ms
success		1       17      3       9       3       0       47738.92  82      212095.0 ms
success		1       18      1       17      1       0       47638.87  81      212095.0 ms
success		1       19      1       39      1       0       46543.94  80      212095.0 ms
success		1       20      2       5       2       0       46350.02  79      212095.0 ms
success		1       21      1       49      1       0       46221.25  78      212095.0 ms
success		1       22      1       15      1       0       46089.68  77      212095.0 ms
success		1       23      1       4       1       0       45972.82  76      212095.0 ms
success		1       24      3       43      3       0       45965.40  75      212095.0 ms
success		1       25      1       51      1       0       45839.91  74      212095.0 ms
success		1       26      1       32      1       0       44491.80  73      212095.0 ms
success		1       27      1       10      1       0       44319.62  72      212095.0 ms
success		1       28      1       50      1       0       43095.74  71      212095.0 ms
success		1       29      1       32      1       0       42870.48  70      212095.0 ms
success		1       30      3       29      3       0       42837.24  69      212095.0 ms
success		1       31      1       7       1       0       42659.22  68      212095.0 ms
success		1       32      1       29      1       0       42497.72  67      212095.0 ms
success		1       33      1       6       1       0       42457.57  66      212095.0 ms
success		1       34      3       5       3       0       42662.94  65      212095.0 ms
success		1       35      1       10      1       0       42510.11  64      212095.0 ms
success		1       36      2       19      2       0       42458.88  63      212095.0 ms
success		1       37      1       22      1       0       41130.69  62      212095.0 ms
success		1       38      3       27      3       0       41010.02  61      212095.0 ms
success		1       39      2       32      2       0       40022.88  60      212095.0 ms
success		1       40      2       38      2       0       38791.38  59      212095.0 ms
success		1       41      2       47      2       0       38588.43  58      212095.0 ms
success		1       42      2       50      2       0       38599.00  57      212095.0 ms
success		1       43      2       14      2       0       38481.24  56      212095.0 ms
success		1       44      3       39      3       0       38428.52  55      212095.0 ms
success		1       45      1       7       1       0       38293.27  54      212095.0 ms
success		1       46      3       1       3       0       38033.58  53      212095.0 ms
success		1       47      1       35      1       0       37818.89  52      212095.0 ms
success		1       48      2       34      2       0       37324.32  51      212095.0 ms
success		1       49      1       22      1       0       37202.57  50      212095.0 ms
success		1       50      2       46      2       0       37207.05  49      212095.0 ms
success		1       51      1       12      1       0       37061.58  48      212095.0 ms
success		1       52      3       12      3       0       36015.97  47      212095.0 ms
success		1       53      3       24      3       0       36204.03  46      212095.0 ms
success		1       54      3       41      3       0       34624.42  45      212095.0 ms
success		1       55      2       1       2       0       34236.83  44      212095.0 ms
success		1       56      1       13      1       0       34135.99  43      212095.0 ms
success		1       57      6       12      6       0       34537.81  42      212095.0 ms
success		1       58      1       6       1       0       34596.57  41      212095.0 ms
success		1       59      3       17      3       0       34474.31  40      212095.0 ms
success		1       60      7       14      7       0       33584.21  39      212095.0 ms
success		1       61      4       27      4       0       33323.32  38      212095.0 ms
success		1       62      4       31      4       0       33102.74  37      212095.0 ms
success		1       63      5       24      5       0       32897.04  36      212095.0 ms
success		1       64      2       29      2       0       32620.61  35      212095.0 ms
success		1       65      2       15      2       0       31385.72  34      212095.0 ms
success		1       66      4       16      4       0       31219.03  33      212095.0 ms
success		1       67      1       6       1       0       30120.83  32      212095.0 ms
success		1       68      1       22      1       0       30069.05  31      212095.0 ms
success		1       69      1       2       1       0       30094.68  30      212095.0 ms
success		1       70      4       8       4       0       29966.62  29      212095.0 ms
success		1       71      5       21      5       0       29230.71  28      212095.0 ms
success		1       72      4       4       4       0       28485.43  27      212095.0 ms
success		1       73      2       16      2       0       28032.00  26      212095.0 ms
success		1       74      1       11      1       0       27993.22  25      212095.0 ms
success		1       75      1       3       1       0       27842.76  24      212095.0 ms
success		1       76      6       19      6       0       26811.26  23      212095.0 ms
success		1       77      4       5       4       0       26221.71  22      212111.0 ms
success		1       78      1       9       1       0       26105.53  21      212111.0 ms
success		1       79      5       6       5       0       25569.50  20      212111.0 ms
success		1       80      3       3       3       0       25599.31  19      212111.0 ms
success		1       81      1       3       1       0       24833.76  18      212111.0 ms
success		1       82      5       3       5       0       24064.71  17      212111.0 ms
success		1       83      4       0       4       0       23574.99  16      212111.0 ms
success		1       84      8       5       8       0       22314.35  15      212111.0 ms
success		1       85      11      0       11      0       21583.65  14      212111.0 ms
success		1       86      6       1       6       0       20383.25  13      212111.0 ms
success		1       87      4       7       4       0       18945.24  12      212111.0 ms
success		1       88      10      5       10      0       17459.17  11      212111.0 ms
success		1       89      11      0       11      0       15615.38  10      212111.0 ms
success		1       90      13      4       13      0       14567.68  9       212111.0 ms
success		1       91      14      3       14      0       13698.54  8       212111.0 ms
success		1       92      5       4       5       0       13054.64  7       212111.0 ms
success		1       93      18      2       16      0       12126.88  6       212126.0 ms
success		1       94      16      5       14      0       10156.04  5       212173.0 ms
success		1       95      34      0       19      0       7959.57   4       212579.0 ms
success		1       96      148     2       22      0       5436.20   3       219396.0 ms
success		1       0       1       1       1       0       51787.44  99      396422.0 ms
success		1       1       1       13      1       0       51629.72  98      396422.0 ms
success		1       2       1       83      1       0       51281.65  97      396422.0 ms
success		1       3       1       88      1       0       51116.45  96      396422.0 ms
success		1       4       1       0       1       0       50902.72  95      396422.0 ms
success		1       5       1       77      1       0       50805.22  94      396422.0 ms
success		1       6       1       45      1       0       50660.56  93      396422.0 ms
success		1       7       1       3       1       0       50006.10  92      396422.0 ms
success		1       8       1       52      1       0       49874.73  91      396422.0 ms
success		1       9       1       18      1       0       49748.98  90      396422.0 ms
success		1       10      1       60      1       0       49503.50  89      396422.0 ms
success		1       11      1       20      1       0       49276.58  88      396438.0 ms
success		1       12      1       26      1       0       49152.73  87      396438.0 ms
success		1       13      1       19      1       0       49012.76  86      396438.0 ms
success		1       14      1       50      1       0       48865.29  85      396438.0 ms
success		1       15      2       68      2       0       48723.87  84      396438.0 ms
success		1       16      1       2       1       0       47503.91  83      396438.0 ms
success		1       17      1       42      1       0       47491.12  82      396438.0 ms
success		1       18      1       29      1       0       47325.13  81      396438.0 ms
success		1       19      1       18      1       0       47159.49  80      396438.0 ms
success		1       20      1       29      1       0       45229.10  79      396438.0 ms
success		1       21      2       19      2       0       45008.15  78      396438.0 ms
success		1       22      1       69      1       0       44907.96  77      396438.0 ms
success		1       23      1       17      1       0       44815.33  76      396438.0 ms
success		1       24      1       74      1       0       44627.92  75      396438.0 ms
success		1       25      2       45      2       0       44660.47  74      396438.0 ms
success		1       26      1       52      1       0       44234.41  73      396438.0 ms
success		1       27      3       31      3       0       44286.62  72      396438.0 ms
success		1       28      1       8       1       0       44165.10  71      396438.0 ms
success		1       29      1       11      1       0       44045.32  70      396438.0 ms
success		1       30      1       58      1       0       43885.92  69      396438.0 ms
success		1       31      2       26      2       0       43874.99  68      396438.0 ms
success		1       32      2       12      2       0       43407.13  67      396438.0 ms
success		1       33      1       20      1       0       43307.33  66      396438.0 ms
success		1       34      4       43      4       0       43495.80  65      396438.0 ms
success		1       35      1       34      1       0       42234.57  64      396438.0 ms
success		1       36      4       33      4       0       41843.32  63      396438.0 ms
success		1       37      1       8       1       0       41420.12  62      396438.0 ms
success		1       38      1       4       1       0       40104.04  61      396438.0 ms
success		1       39      1       27      1       0       38566.94  60      396438.0 ms
success		1       40      1       24      1       0       38481.09  59      396438.0 ms
success		1       41      2       3       2       0       38312.63  58      396438.0 ms
success		1       42      6       8       6       0       39641.36  57      396438.0 ms
success		1       43      1       18      1       0       39301.63  56      396438.0 ms
success		1       44      1       33      1       0       39133.06  55      396438.0 ms
success		1       45      2       1       2       0       39301.00  54      396438.0 ms
success		1       46      4       31      4       0       39783.21  53      396438.0 ms
success		1       47      2       44      2       0       39553.40  52      396438.0 ms
success		1       48      1       6       1       0       39405.76  51      396438.0 ms
success		1       49      1       4       1       0       38746.22  50      396438.0 ms
success		1       50      3       9       3       0       38364.54  49      396438.0 ms
success		1       51      2       40      2       0       38434.53  48      396438.0 ms
success		1       52      2       23      2       0       38507.35  47      396438.0 ms
success		1       53      2       25      2       0       38403.93  46      396438.0 ms
success		1       54      3       3       3       0       36966.22  45      396438.0 ms
success		1       55      1       20      1       0       36812.33  44      396438.0 ms
success		1       56      1       27      1       0       36478.34  43      396438.0 ms
success		1       57      1       12      1       0       35303.62  42      396438.0 ms
success		1       58      5       8       5       0       33707.93  41      396438.0 ms
success		1       59      4       0       4       0       33572.95  40      396438.0 ms
success		1       60      3       14      3       0       33041.86  39      396438.0 ms
success		1       61      3       37      3       0       31769.27  38      396438.0 ms
success		1       62      2       37      2       0       31605.56  37      396438.0 ms
success		1       63      1       12      1       0       31223.03  36      396438.0 ms
success		1       64      2       13      2       0       31087.59  35      396438.0 ms
success		1       65      1       19      1       0       31103.46  34      396438.0 ms
success		1       66      1       21      1       0       30957.08  33      396438.0 ms
success		1       67      2       32      2       0       30007.46  32      396438.0 ms
success		1       68      7       1       7       0       29519.24  31      396438.0 ms
success		1       69      3       7       3       0       29672.17  30      396438.0 ms
success		1       70      8       22      8       0       29218.94  29      396438.0 ms
success		1       71      1       7       1       0       29130.20  28      396438.0 ms
success		1       72      2       5       2       0       29761.89  27      396438.0 ms
success		1       73      3       6       3       0       28478.30  26      396438.0 ms
success		1       74      3       10      3       0       27825.96  25      396453.0 ms
success		1       75      6       20      6       0       26806.73  24      396453.0 ms
success		1       76      6       17      6       0       27160.31  23      396453.0 ms
success		1       77      2       9       2       0       27387.74  22      396453.0 ms
success		1       78      4       18      4       0       26205.67  21      396453.0 ms
success		1       79      3       9       3       0       25322.81  20      396453.0 ms
success		1       80      5       1       5       0       25205.66  19      396453.0 ms
success		1       81      3       8       3       0       23709.47  18      396453.0 ms
success		1       82      6       3       6       0       22766.24  17      396453.0 ms
success		1       83      5       8       5       0       21630.96  16      396453.0 ms
success		1       84      3       5       3       0       20022.19  15      396453.0 ms
success		1       85      2       8       2       0       19983.33  14      396453.0 ms
success		1       86      6       10      6       0       18672.27  13      396453.0 ms
success		1       87      19      9       19      0       16548.10  12      396453.0 ms
success		1       88      7       2       7       0       14779.32  11      396453.0 ms
success		1       89      12      10      12      0       14662.77  10      396453.0 ms
success		1       90      6       4       6       0       13752.43  9       396453.0 ms
success		1       91      20      5       20      0       13469.84  8       396453.0 ms
success		1       92      16      6       16      0       12564.26  7       396453.0 ms
success		1       93      19      4       18      0       11676.13  6       396469.0 ms
success		1       94      16      5       15      0       9544.84   5       396485.0 ms
success		1       95      32      2       21      0       7812.76   4       396750.0 ms
success		1       96      102     3       23      0       5505.18   3       401960.0 ms
success		1       0       1       59      1       0       51853.71  99      566647.0 ms
success		1       1       1       75      1       0       51712.67  98      566647.0 ms
success		1       2       1       62      1       0       51553.61  97      566647.0 ms
success		1       3       1       7       1       0       51134.65  96      566647.0 ms
success		1       4       1       9       1       0       50529.60  95      566647.0 ms
success		1       5       1       50      1       0       50397.45  94      566647.0 ms
success		1       6       1       1       1       0       50208.97  93      566647.0 ms
success		1       7       1       57      1       0       49794.64  92      566647.0 ms
success		1       8       1       79      1       0       49716.36  91      566647.0 ms
success		1       9       1       22      1       0       49564.21  90      566647.0 ms
success		1       10      1       74      1       0       49504.47  89      566647.0 ms
success		1       11      1       30      1       0       49458.46  88      566647.0 ms
success		1       12      1       41      1       0       49315.19  87      566647.0 ms
success		1       13      1       30      1       0       49374.27  86      566647.0 ms
success		1       14      1       17      1       0       49083.17  85      566647.0 ms
success		1       15      1       71      1       0       48612.26  84      566647.0 ms
success		1       16      1       60      1       0       48314.60  83      566647.0 ms
success		1       17      1       4       1       0       48026.18  82      566647.0 ms
success		1       18      2       32      2       0       46664.94  81      566647.0 ms
success		1       19      1       15      1       0       46333.27  80      566647.0 ms
success		1       20      3       10      3       0       46380.35  79      566647.0 ms
success		1       21      2       36      2       0       44955.93  78      566647.0 ms
success		1       22      1       6       1       0       44882.25  77      566647.0 ms
success		1       23      1       72      1       0       44377.88  76      566647.0 ms
success		1       24      2       18      2       0       43537.59  75      566647.0 ms
success		1       25      1       44      1       0       43263.64  74      566647.0 ms
success		1       26      1       73      1       0       43197.40  73      566647.0 ms
success		1       27      1       55      1       0       41743.98  72      566647.0 ms
success		1       28      1       68      1       0       41653.49  71      566647.0 ms
success		1       29      1       21      1       0       40179.08  70      566647.0 ms
success		1       30      4       54      4       0       40532.04  69      566647.0 ms
success		1       31      1       18      1       0       40462.00  68      566647.0 ms
success		1       32      1       60      1       0       40538.25  67      566647.0 ms
success		1       33      1       30      1       0       40286.13  66      566647.0 ms
success		1       34      2       54      2       0       40144.71  65      566647.0 ms
success		1       35      1       61      1       0       40029.66  64      566647.0 ms
success		1       36      3       52      3       0       40107.25  63      566647.0 ms
success		1       37      2       59      2       0       40029.60  62      566647.0 ms
success		1       38      2       28      2       0       40030.03  61      566647.0 ms
success		1       39      2       59      2       0       39498.96  60      566663.0 ms
success		1       40      1       39      1       0       39351.49  59      566663.0 ms
success		1       41      1       51      1       0       39229.59  58      566663.0 ms
success		1       42      1       23      1       0       38929.96  57      566663.0 ms
success		1       43      2       12      2       0       38790.63  56      566663.0 ms
success		1       44      5       53      5       0       38382.37  55      566663.0 ms
success		1       45      2       19      2       0       38182.10  54      566663.0 ms
success		1       46      1       48      1       0       38202.95  53      566663.0 ms
success		1       47      1       3       1       0       38086.09  52      566663.0 ms
success		1       48      3       6       3       0       37879.99  51      566663.0 ms
success		1       49      1       20      1       0       37702.02  50      566663.0 ms
success		1       50      1       39      1       0       37424.32  49      566663.0 ms
success		1       51      5       28      5       0       39498.98  48      566663.0 ms
success		1       52      2       29      2       0       39333.52  47      566663.0 ms
success		1       53      3       46      3       0       38179.65  46      566663.0 ms
success		1       54      2       39      2       0       36599.72  45      566663.0 ms
success		1       55      1       42      1       0       36142.12  44      566663.0 ms
success		1       56      3       23      3       0       36354.51  43      566663.0 ms
success		1       57      1       14      1       0       36182.67  42      566663.0 ms
success		1       58      1       31      1       0       35152.53  41      566663.0 ms
success		1       59      4       22      4       0       34301.63  40      566663.0 ms
success		1       60      1       32      1       0       33261.03  39      566663.0 ms
success		1       61      2       24      2       0       33092.93  38      566663.0 ms
success		1       62      3       24      3       0       31932.48  37      566663.0 ms
success		1       63      3       25      3       0       31363.02  36      566663.0 ms
success		1       64      2       5       2       0       30062.80  35      566663.0 ms
success		1       65      6       19      6       0       28844.74  34      566663.0 ms
success		1       66      1       0       1       0       28600.37  33      566663.0 ms
success		1       67      6       0       6       0       28387.82  32      566663.0 ms
success		1       68      2       29      2       0       27184.86  31      566663.0 ms
success		1       69      2       1       2       0       27108.75  30      566663.0 ms
success		1       70      1       0       1       0       26967.92  29      566663.0 ms
success		1       71      3       2       3       0       26004.24  28      566663.0 ms
success		1       72      3       19      3       0       26021.06  27      566663.0 ms
success		1       73      7       13      7       0       24349.65  26      566663.0 ms
success		1       74      6       22      6       0       24101.34  25      566663.0 ms
success		1       75      4       22      4       0       23592.71  24      566663.0 ms
success		1       76      4       21      4       0       23866.47  23      566663.0 ms
success		1       77      2       3       2       0       23678.59  22      566663.0 ms
success		1       78      7       16      7       0       24103.30  21      566663.0 ms
success		1       79      3       3       3       0       22817.18  20      566663.0 ms
success		1       80      3       16      3       0       22744.49  19      566663.0 ms
success		1       81      4       13      4       0       22346.62  18      566663.0 ms
success		1       82      6       14      6       0       22075.49  17      566663.0 ms
success		1       83      1       5       1       0       21937.76  16      566663.0 ms
success		1       84      14      9       14      0       20091.77  15      566663.0 ms
success		1       85      9       3       9       0       20422.40  14      566663.0 ms
success		1       86      9       8       9       0       19248.68  13      566678.0 ms
success		1       87      6       12      6       0       18581.42  12      566678.0 ms
success		1       88      8       11      8       0       17323.59  11      566678.0 ms
success		1       89      7       9       7       0       16321.97  10      566678.0 ms
success		1       90      4       1       4       0       14987.19  9       566678.0 ms
success		1       91      11      2       11      0       14174.34  8       566678.0 ms
success		1       92      16      2       15      0       13298.13  7       566678.0 ms
success		1       93      12      2       12      0       12264.85  6       566678.0 ms
success		1       94      19      1       17      0       9849.79   5       566725.0 ms
success		1       95      33      3       21      0       7899.93   4       567115.0 ms
success		1       96      142     1       24      0       5435.36   3       574244.0 ms
success		1       0       1       37      1       0       51811.35  99      726810.0 ms
success		1       1       1       57      1       0       51475.20  98      726810.0 ms
success		1       2       1       11      1       0       51052.97  97      726810.0 ms
success		1       3       1       36      1       0       50818.33  96      726810.0 ms
success		1       4       1       79      1       0       50758.58  95      726810.0 ms
success		1       5       1       42      1       0       50625.06  94      726810.0 ms
success		1       6       1       78      1       0       50465.66  93      726810.0 ms
success		1       7       1       11      1       0       50290.67  92      726810.0 ms
success		1       8       1       64      1       0       49969.32  91      726810.0 ms
success		1       9       1       34      1       0       49818.65  90      726810.0 ms
success		1       10      1       27      1       0       49738.37  89      726810.0 ms
success		1       11      1       87      1       0       49550.96  88      726810.0 ms
success		1       12      1       72      1       0       49409.55  87      726810.0 ms
success		1       13      1       43      1       0       47818.54  86      726826.0 ms
success		1       14      2       80      2       0       47598.72  85      726826.0 ms
success		1       15      1       58      1       0       47469.95  84      726826.0 ms
success		1       16      1       55      1       0       47322.86  83      726826.0 ms
success		1       17      1       59      1       0       47252.43  82      726826.0 ms
success		1       18      1       49      1       0       47121.06  81      726826.0 ms
success		1       19      1       76      1       0       47030.57  80      726826.0 ms
success		1       20      1       69      1       0       46794.92  79      726826.0 ms
success		1       21      2       15      2       0       46589.71  78      726826.0 ms
success		1       22      1       46      1       0       46549.15  77      726826.0 ms
success		1       23      1       57      1       0       46410.49  76      726826.0 ms
success		1       24      1       62      1       0       46275.59  75      726826.0 ms
success		1       25      1       20      1       0       46076.86  74      726826.0 ms
success		1       26      3       34      3       0       45851.99  73      726826.0 ms
success		1       27      1       21      1       0       45686.16  72      726826.0 ms
success		1       28      1       66      1       0       45520.96  71      726826.0 ms
success		1       29      2       61      2       0       45234.79  70      726826.0 ms
success		1       30      1       68      1       0       45144.87  69      726826.0 ms
success		1       31      1       38      1       0       44475.60  68      726826.0 ms
success		1       32      2       62      2       0       44407.96  67      726826.0 ms
success		1       33      1       5       1       0       44172.74  66      726826.0 ms
success		1       34      2       61      2       0       44134.86  65      726826.0 ms
success		1       35      1       6       1       0       43950.91  64      726826.0 ms
success		1       36      1       15      1       0       43721.26  63      726826.0 ms
success		1       37      3       26      3       0       43807.38  62      726826.0 ms
success		1       38      1       45      1       0       43466.53  61      726826.0 ms
success		1       39      2       2       2       0       43373.87  60      726826.0 ms
success		1       40      2       8       2       0       43293.68  59      726826.0 ms
success		1       41      4       57      4       0       42183.85  58      726826.0 ms
success		1       42      3       56      3       0       40610.46  57      726826.0 ms
success		1       43      1       43      1       0       40456.53  56      726826.0 ms
success		1       44      2       35      2       0       40457.32  55      726826.0 ms
success		1       45      2       31      2       0       41136.09  54      726826.0 ms
success		1       46      2       19      2       0       40919.03  53      726826.0 ms
success		1       47      2       28      2       0       40991.15  52      726826.0 ms
success		1       48      1       44      1       0       40898.25  51      726826.0 ms
success		1       49      2       37      2       0       39964.81  50      726826.0 ms
success		1       50      1       30      1       0       39922.59  49      726826.0 ms
success		1       51      1       26      1       0       38486.07  48      726826.0 ms
success		1       52      2       43      2       0       38545.24  47      726826.0 ms
success		1       53      2       26      2       0       38450.11  46      726826.0 ms
success		1       54      1       27      1       0       38271.85  45      726826.0 ms
success		1       55      1       14      1       0       38345.55  44      726826.0 ms
success		1       56      2       31      2       0       38038.53  43      726826.0 ms
success		1       57      1       19      1       0       37919.93  42      726826.0 ms
success		1       58      1       21      1       0       37797.01  41      726826.0 ms
success		1       59      4       25      4       0       35957.09  40      726826.0 ms
success		1       60      2       38      2       0       35165.21  39      726826.0 ms
success		1       61      1       27      1       0       35205.36  38      726826.0 ms
success		1       62      4       6       4       0       35287.19  37      726826.0 ms
success		1       63      3       14      3       0       34710.68  36      726826.0 ms
success		1       64      5       11      5       0       33568.87  35      726826.0 ms
success		1       65      2       18      2       0       33447.38  34      726826.0 ms
success		1       66      2       11      2       0       33447.64  33      726826.0 ms
success		1       67      3       22      3       0       32628.22  32      726826.0 ms
success		1       68      1       2       1       0       32427.40  31      726826.0 ms
success		1       69      4       25      4       0       31059.19  30      726826.0 ms
success		1       70      7       23      7       0       31260.54  29      726826.0 ms
success		1       71      4       4       4       0       30200.15  28      726826.0 ms
success		1       72      2       19      2       0       29939.34  27      726826.0 ms
success		1       73      1       5       1       0       29600.78  26      726826.0 ms
success		1       74      7       23      7       0       28019.53  25      726826.0 ms
success		1       75      2       8       2       0       26631.41  24      726826.0 ms
success		1       76      7       0       7       0       25276.69  23      726826.0 ms
success		1       77      1       6       1       0       25273.01  22      726826.0 ms
success		1       78      1       19      1       0       24969.43  21      726826.0 ms
success		1       79      4       18      4       0       24859.75  20      726826.0 ms
success		1       80      6       19      6       0       24127.16  19      726826.0 ms
success		1       81      9       2       9       0       23067.48  18      726826.0 ms
success		1       82      8       8       8       0       22794.62  17      726826.0 ms
success		1       83      6       15      6       0       21286.56  16      726826.0 ms
success		1       84      3       12      3       0       21194.70  15      726826.0 ms
success		1       85      16      0       16      0       21502.17  14      726826.0 ms
success		1       86      14      11      14      0       20431.51  13      726826.0 ms
success		1       87      9       6       9       0       19373.44  12      726826.0 ms
success		1       88      13      8       13      0       18117.46  11      726842.0 ms
success		1       89      12      7       12      0       17634.88  10      726842.0 ms
success		1       90      11      0       11      0       17261.24  9       726842.0 ms
success		1       91      9       6       9       0       14836.25  8       726842.0 ms
success		1       92      15      4       13      0       13487.08  7       726842.0 ms
success		1       93      12      0       12      0       11809.57  6       726842.0 ms
success		1       94      21      0       20      0       10142.76  5       726857.0 ms
success		1       95      34      2       21      0       7678.07   4       727076.0 ms
success		1       96      297     3       24      0       5485.83   3       741147.0 ms
success		1       0       1       1       1       0       50433.84  99      919328.0 ms
success		1       1       1       41      1       0       50236.54  98      919328.0 ms
success		1       2       1       47      1       0       50004.15  97      919328.0 ms
success		1       3       1       29      1       0       49815.17  96      919328.0 ms
success		1       4       1       73      1       0       49537.49  95      919328.0 ms
success		1       5       1       36      1       0       49297.09  94      919328.0 ms
success		1       6       1       8       1       0       49171.97  93      919328.0 ms
success		1       7       1       73      1       0       49074.47  92      919328.0 ms
success		1       8       1       53      1       0       48931.96  91      919328.0 ms
success		1       9       1       78      1       0       48805.06  90      919328.0 ms
success		1       10      1       76      1       0       48421.76  89      919328.0 ms
success		1       11      1       20      1       0       48296.01  88      919328.0 ms
success		1       12      1       48      1       0       47973.97  87      919328.0 ms
success		1       13      1       48      1       0       47622.26  86      919328.0 ms
success		1       14      1       56      1       0       47340.01  85      919328.0 ms
success		1       15      2       16      2       0       47205.36  84      919328.0 ms
success		1       16      1       63      1       0       47079.87  83      919328.0 ms
success		1       17      1       2       1       0       46845.31  82      919328.0 ms
success		1       18      1       63      1       0       46715.40  81      919328.0 ms
success		1       19      1       50      1       0       46449.10  80      919328.0 ms
success		1       20      1       46      1       0       46432.21  79      919328.0 ms
success		1       21      1       33      1       0       46209.61  78      919328.0 ms
success		1       22      1       17      1       0       46253.25  77      919328.0 ms
success		1       23      1       74      1       0       45892.98  76      919328.0 ms
success		1       24      1       62      1       0       45833.24  75      919328.0 ms
success		1       25      3       70      3       0       45477.10  74      919328.0 ms
success		1       26      2       20      2       0       45383.92  73      919328.0 ms
success		1       27      1       7       1       0       45313.37  72      919328.0 ms
success		1       28      2       18      2       0       45207.69  71      919328.0 ms
success		1       29      2       59      2       0       44758.26  70      919328.0 ms
success		1       30      1       14      1       0       44596.08  69      919328.0 ms
success		1       31      2       20      2       0       44392.13  68      919328.0 ms
success		1       32      1       48      1       0       43306.46  67      919328.0 ms
success		1       33      1       52      1       0       43244.43  66      919343.0 ms
success		1       34      3       5       3       0       41772.69  65      919343.0 ms
success		1       35      1       2       1       0       41655.82  64      919343.0 ms
success		1       36      1       27      1       0       41526.55  63      919343.0 ms
success		1       37      4       54      4       0       40360.47  62      919343.0 ms
success		1       38      1       42      1       0       40257.28  61      919343.0 ms
success		1       39      1       58      1       0       39971.29  60      919343.0 ms
success		1       40      4       22      4       0       39689.06  59      919343.0 ms
success		1       41      3       25      3       0       39891.62  58      919343.0 ms
success		1       42      1       29      1       0       38498.02  57      919343.0 ms
success		1       43      3       17      3       0       38264.39  56      919343.0 ms
success		1       44      3       26      3       0       39654.34  55      919343.0 ms
success		1       45      2       1       2       0       39607.31  54      919343.0 ms
success		1       46      1       27      1       0       39678.32  53      919343.0 ms
success		1       47      1       3       1       0       38362.25  52      919343.0 ms
success		1       48      1       35      1       0       36971.04  51      919343.0 ms
success		1       49      1       34      1       0       36909.58  50      919343.0 ms
success		1       50      1       28      1       0       36694.68  49      919343.0 ms
success		1       51      1       46      1       0       36398.51  48      919343.0 ms
success		1       52      1       7       1       0       35197.29  47      919343.0 ms
success		1       53      1       27      1       0       35049.82  46      919343.0 ms
success		1       54      1       26      1       0       34987.80  45      919343.0 ms
success		1       55      2       11      2       0       35004.25  44      919343.0 ms
success		1       56      2       29      2       0       35169.30  43      919343.0 ms
success		1       57      4       30      4       0       35571.38  42      919343.0 ms
success		1       58      2       14      2       0       34599.34  41      919343.0 ms
success		1       59      1       20      1       0       34623.20  40      919343.0 ms
success		1       60      4       12      4       0       34363.90  39      919343.0 ms
success		1       61      3       2       3       0       33164.18  38      919343.0 ms
success		1       62      3       37      3       0       34205.01  37      919343.0 ms
success		1       63      3       17      3       0       32699.32  36      919343.0 ms
success		1       64      3       23      3       0       32021.88  35      919343.0 ms
success		1       65      2       29      2       0       31704.12  34      919343.0 ms
success		1       66      2       2       2       0       31174.25  33      919343.0 ms
success		1       67      3       10      3       0       31076.97  32      919343.0 ms
success		1       68      5       28      5       0       29727.13  31      919343.0 ms
success		1       69      3       29      3       0       28773.70  30      919343.0 ms
success		1       70      2       24      2       0       28879.89  29      919343.0 ms
success		1       71      3       23      3       0       28139.67  28      919343.0 ms
success		1       72      1       23      1       0       28012.77  27      919343.0 ms
success		1       73      1       19      1       0       28036.02  26      919343.0 ms
success		1       74      5       25      5       0       27975.50  25      919343.0 ms
success		1       75      5       14      5       0       28661.61  24      919343.0 ms
success		1       76      3       2       3       0       28107.14  23      919343.0 ms
success		1       77      2       22      2       0       28155.44  22      919343.0 ms
success		1       78      2       19      2       0       27785.30  21      919343.0 ms
success		1       79      4       4       4       0       27150.65  20      919343.0 ms
success		1       80      10      19      10      0       25457.31  19      919343.0 ms
success		1       81      6       1       6       0       24879.78  18      919343.0 ms
success		1       82      6       8       6       0       23621.26  17      919343.0 ms
success		1       83      5       11      5       0       22782.97  16      919359.0 ms
success		1       84      3       7       3       0       22132.84  15      919359.0 ms
success		1       85      11      14      11      0       21288.53  14      919359.0 ms
success		1       86      6       7       6       0       20241.42  13      919359.0 ms
success		1       87      3       3       3       0       19720.68  12      919359.0 ms
success		1       88      10      9       10      0       18067.68  11      919359.0 ms
success		1       89      11      1       11      0       16958.16  10      919359.0 ms
success		1       90      9       2       9       0       16267.06  9       919359.0 ms
success		1       91      12      6       12      0       15172.48  8       919359.0 ms
success		1       92      14      3       14      0       13351.59  7       919359.0 ms
success		1       93      18      2       18      0       11598.01  6       919359.0 ms
success		1       94      18      4       17      0       10269.16  5       919374.0 ms
success		1       95      30      0       20      0       7952.97   4       919608.0 ms
success		1       96      310     3       24      0       5499.30   3       936144.0 ms
cross iterater0
rand   	success		5556.17   5564.32   3       1109193.0 ms cross
rand   	success		5414.43   5372.13   3       1117554.0 ms cross
ab
ab7	0
cross iterater1
rand   	success		5516.12   5510.01   3       1119364.0 ms cross
rand   	success		5524.78   5482.51   3       1130096.0 ms cross
ab
ab7	0
fail		5556.17   5585.56   3       1303239.0 ms
cross iterater2
rand   	success		5577.38   5543.25   3       1307747.0 ms cross
rand   	success		5458.81   5441.89   3       1324314.0 ms cross
ab
ab7	0
fail		5458.81   5577.80   3       1504102.0 ms
cross iterater3
rand   	success		5539.02   5484.81   3       1573942.0 ms cross
rand   	success		5409.54   5494.86   3       1579027.0 ms cross
ab
ab6	4
fail		5539.02   5544.93   3       1757973.0 ms
fail		5516.12   5538.83   3       1914392.0 ms
cross iterater4
rand   	success		5506.29   5310.09   3       1924766.0 ms cross
rand   	success		5445.37   5454.57   3       1929961.0 ms cross
ab
ab6	4
cross iterater5
rand   	success		5551.50   5479.07   3       1946434.0 ms cross
rand   	success		5586.05   5437.49   3       1959257.0 ms cross
ab
ab7	4
ab6	3
fail		5510.11   5552.76   3       2089562.0 ms
fail		5506.29   5563.71   3       2253344.0 ms
cross iterater6
ab
ab6	4
fail		5462.93   5556.48   3       2399608.0 ms
fail		5414.43   5456.90   3       2552268.0 ms
cross iterater7
rand   	success		5546.43   5576.14   3       2556168.0 ms cross
rand   	success		5517.22   5554.21   3       2564763.0 ms cross
ab
ab6	0
fail		5497.32   5525.80   3       2805328.0 ms
cross iterater8
ab
ab6	1
cross iterater9
ab
cross iterater10
ab
cross iterater11
rand   	success		5443.07   5502.46   3       2814656.0 ms cross
rand   	success		5462.43   5498.26   3       2816981.0 ms cross
ab
fail		5443.07   5549.81   3       3037359.0 ms
fail		5446.04   5543.56   3       3246771.0 ms
cross iterater12
rand   	success		5500.65   5454.06   3       3249563.0 ms cross
rand   	success		5477.58   5505.41   3       3254649.0 ms cross
ab
ab6	1
fail		5477.58   5568.56   3       3366733.0 ms
fail		5446.04   5543.56   3       3534431.0 ms
cross iterater13
rand   	success		5490.90   5421.17   3       3546365.0 ms cross
rand   	success		5346.62   5522.68   3       3591916.0 ms cross
ab
ab6	4
ab7	3
fail		5490.90   5524.32   3       3711832.0 ms
cross iterater14

R.size:3

1		62	3	113	192	36	74	131	134	94	35	117	137	177	188	97	162	37	88	139	155	51	120	56	116	42	127	27	138	183	171	169	69	99	9	19	160	31	178	101	197	107	38	7	156	57	173	166	157	58	22	78	26	84	50	64	4	199	81	175	33	63	172	15	132	47	23	
2		80	145	151	45	8	96	115	61	125	77	129	103	65	119	185	194	146	128	60	92	184	112	44	40	159	95	68	24	90	66	126	14	85	87	25	17	154	124	187	98	73	16	121	189	135	163	83	180	170	20	12	30	93	165	70	148	86	55	67	102	200	122	136	198	153	181	168	5	
3		41	18	196	186	75	167	71	147	140	29	152	118	59	191	6	21	150	89	123	53	174	164	91	79	161	141	11	130	10	176	46	105	142	133	158	54	106	179	111	82	109	110	2	149	28	76	108	100	190	104	182	34	144	52	1	39	43	143	32	114	193	13	48	195	49	72	

data1/pdp200/LR2_2_8.txt
total_cost 5346.622366

