success		1       0       1       50      1       0       14119.46  104     16.0     ms
success		1       1       1       87      1       0       14212.24  103     16.0     ms
success		1       2       1       45      1       0       14111.83  102     16.0     ms
success		1       3       1       35      1       0       14227.54  101     16.0     ms
success		1       4       1       50      1       0       14291.42  100     16.0     ms
success		1       5       1       55      1       0       14263.64  99      16.0     ms
success		1       6       1       43      1       0       14261.18  98      16.0     ms
success		1       7       1       54      1       0       14247.61  97      16.0     ms
success		1       8       1       96      1       0       13926.43  96      16.0     ms
success		1       9       1       12      1       0       14069.48  95      16.0     ms
success		1       10      1       14      1       0       13973.72  94      16.0     ms
success		1       11      1       26      1       0       13966.19  93      16.0     ms
success		1       12      1       62      1       0       13939.36  92      16.0     ms
success		1       13      1       77      1       0       13992.08  91      16.0     ms
success		1       14      1       6       1       0       13977.09  90      31.0     ms
success		1       15      1       6       1       0       13997.66  89      31.0     ms
success		1       16      1       29      1       0       13939.24  88      31.0     ms
success		1       17      1       49      1       0       14004.04  87      31.0     ms
success		1       18      2       69      2       0       13841.96  86      31.0     ms
success		1       19      1       78      1       0       13875.88  85      31.0     ms
success		1       20      1       3       1       0       13977.79  84      31.0     ms
success		1       21      1       80      1       0       13939.18  83      31.0     ms
success		1       22      1       20      1       0       14033.96  82      31.0     ms
success		1       23      1       51      1       0       13956.67  81      31.0     ms
success		1       24      1       45      1       0       13857.88  80      31.0     ms
success		1       25      1       40      1       0       13915.07  79      31.0     ms
success		1       26      1       75      1       0       13935.95  78      31.0     ms
success		1       27      2       47      2       0       13887.71  77      31.0     ms
success		1       28      1       73      1       0       13904.98  76      31.0     ms
success		1       29      1       35      1       0       13730.09  75      31.0     ms
success		1       30      2       48      2       0       13746.46  74      31.0     ms
success		1       31      2       11      2       0       13771.64  73      31.0     ms
success		1       32      1       1       1       0       13555.03  72      31.0     ms
success		1       33      2       16      2       0       13405.23  71      31.0     ms
success		1       34      2       15      2       0       13233.54  70      31.0     ms
success		1       35      2       30      2       0       13185.74  69      31.0     ms
success		1       36      2       38      2       0       13103.95  68      31.0     ms
success		1       37      1       35      1       0       13104.34  67      31.0     ms
success		1       38      1       25      1       0       13120.51  66      31.0     ms
success		1       39      3       57      3       0       13056.70  65      31.0     ms
success		1       40      2       29      2       0       13030.60  64      31.0     ms
success		1       41      3       61      3       0       13061.96  63      31.0     ms
success		1       42      2       17      2       0       13135.81  62      31.0     ms
success		1       43      1       13      1       0       13048.91  61      31.0     ms
success		1       44      2       6       2       0       13072.93  60      31.0     ms
success		1       45      1       28      1       0       13082.15  59      31.0     ms
success		1       46      1       2       1       0       13088.00  58      31.0     ms
success		1       47      3       19      3       0       13047.66  57      31.0     ms
success		1       48      2       54      2       0       13115.66  56      31.0     ms
success		1       49      2       38      2       0       13026.73  55      31.0     ms
success		1       50      2       38      2       0       12885.08  54      31.0     ms
success		1       51      1       20      1       0       12935.44  53      31.0     ms
success		1       52      2       19      2       0       12843.81  52      31.0     ms
success		1       53      2       49      2       0       12683.49  51      31.0     ms
success		1       54      3       35      3       0       12665.28  50      31.0     ms
success		1       55      1       23      1       0       12426.79  49      31.0     ms
success		1       56      1       33      1       0       12385.29  48      31.0     ms
success		1       57      3       17      3       0       12154.39  47      31.0     ms
success		1       58      2       18      2       0       11599.53  46      31.0     ms
success		1       59      1       1       1       0       11591.43  45      31.0     ms
success		1       60      1       20      1       0       11464.73  44      31.0     ms
success		1       61      2       32      2       0       11168.82  43      31.0     ms
success		1       62      3       18      3       0       11353.04  42      31.0     ms
success		1       63      1       26      1       0       11161.79  41      31.0     ms
success		1       64      2       36      2       0       10972.71  40      31.0     ms
success		1       65      4       0       4       0       10975.89  39      31.0     ms
success		1       66      5       26      4       0       12514.92  37      47.0     ms
success		1       67      3       21      3       0       11978.90  36      47.0     ms
success		1       68      2       21      2       0       11707.59  35      47.0     ms
success		1       69      5       18      3       0       11872.43  33      47.0     ms
success		1       70      2       9       2       0       11446.96  32      47.0     ms
success		1       71      5       18      4       0       9571.00   30      47.0     ms
success		1       72      4       11      3       0       10570.50  29      47.0     ms
success		1       73      5       3       4       0       9563.46   27      47.0     ms
success		1       74      17      11      3       0       8762.74   25      78.0     ms
success		1       75      25      20      5       0       8402.96   24      109.0    ms
success		1       76      32      12      5       0       8563.01   23      172.0    ms
success		1       77      13      12      3       0       8072.30   22      187.0    ms
success		1       78      450     13      4       0       7811.99   21      1030.0   ms
success		1       79      66      11      6       0       7170.59   20      1123.0   ms
success		1       0       1       93      1       0       26856.65  104     1841.0   ms
success		1       1       1       19      1       0       26618.31  103     1841.0   ms
success		1       2       1       27      1       0       26519.48  102     1841.0   ms
success		1       3       1       51      1       0       26363.29  101     1841.0   ms
success		1       4       1       19      1       0       25966.85  100     1841.0   ms
success		1       5       1       78      1       0       25898.09  99      1841.0   ms
success		1       6       1       92      1       0       25406.87  98      1841.0   ms
success		1       7       1       55      1       0       25060.06  97      1841.0   ms
success		1       8       1       41      1       0       24556.30  96      1841.0   ms
success		1       9       1       56      1       0       24210.22  95      1841.0   ms
success		1       10      1       24      1       0       24014.29  94      1841.0   ms
success		1       11      1       8       1       0       23881.22  93      1841.0   ms
success		1       12      1       51      1       0       23634.43  92      1841.0   ms
success		1       13      1       14      1       0       23467.54  91      1841.0   ms
success		1       14      2       56      2       0       23364.66  90      1841.0   ms
success		1       15      1       18      1       0       22916.47  89      1841.0   ms
success		1       16      1       4       1       0       22819.78  88      1841.0   ms
success		1       17      1       77      1       0       22511.99  87      1841.0   ms
success		1       18      1       37      1       0       22110.34  86      1841.0   ms
success		1       19      2       65      2       0       21881.54  85      1841.0   ms
success		1       20      1       35      1       0       21646.13  84      1841.0   ms
success		1       21      1       26      1       0       21457.86  83      1841.0   ms
success		1       22      1       52      1       0       21333.62  82      1841.0   ms
success		1       23      1       40      1       0       20813.76  81      1841.0   ms
success		1       24      1       2       1       0       20650.02  80      1841.0   ms
success		1       25      1       52      1       0       20293.76  79      1841.0   ms
success		1       26      2       18      2       0       20066.19  78      1841.0   ms
success		1       27      3       24      3       0       19735.27  77      1841.0   ms
success		1       28      1       63      1       0       19485.81  76      1841.0   ms
success		1       29      1       27      1       0       19348.90  75      1841.0   ms
success		1       30      2       16      2       0       19248.38  74      1841.0   ms
success		1       31      2       45      2       0       19123.53  73      1841.0   ms
success		1       32      1       8       1       0       18992.95  72      1841.0   ms
success		1       33      2       17      2       0       18639.62  71      1841.0   ms
success		1       34      2       37      2       0       18283.97  70      1841.0   ms
success		1       35      1       54      1       0       18080.50  69      1841.0   ms
success		1       36      2       38      2       0       18096.42  68      1841.0   ms
success		1       37      1       11      1       0       17613.75  67      1841.0   ms
success		1       38      2       57      2       0       17158.92  66      1841.0   ms
success		1       39      3       19      3       0       16688.01  65      1841.0   ms
success		1       40      2       20      2       0       16301.36  64      1841.0   ms
success		1       41      1       25      1       0       16124.28  63      1841.0   ms
success		1       42      1       53      1       0       15916.74  62      1841.0   ms
success		1       43      2       20      2       0       15723.44  61      1841.0   ms
success		1       44      2       34      2       0       15494.90  60      1841.0   ms
success		1       45      2       26      2       0       15352.59  59      1841.0   ms
success		1       46      3       11      3       0       14990.50  58      1841.0   ms
success		1       47      4       53      4       0       14799.59  57      1841.0   ms
success		1       48      2       54      2       0       14664.43  56      1841.0   ms
success		1       49      2       41      2       0       14440.57  55      1841.0   ms
success		1       50      2       52      2       0       14064.54  54      1841.0   ms
success		1       51      2       8       2       0       13834.00  53      1841.0   ms
success		1       52      3       28      3       0       13566.33  52      1841.0   ms
success		1       53      1       10      1       0       13289.36  51      1841.0   ms
success		1       54      2       10      2       0       13094.88  50      1841.0   ms
success		1       55      3       14      3       0       12998.53  49      1841.0   ms
success		1       56      1       46      1       0       12737.88  48      1841.0   ms
success		1       57      2       19      2       0       12563.55  47      1841.0   ms
success		1       58      2       34      2       0       12264.67  46      1841.0   ms
success		1       59      2       12      2       0       12205.58  45      1841.0   ms
success		1       60      2       35      2       0       12217.66  44      1841.0   ms
success		1       61      3       36      3       0       11915.35  43      1856.0   ms
success		1       62      2       26      2       0       11692.20  42      1856.0   ms
success		1       63      2       27      2       0       11539.83  41      1856.0   ms
success		1       64      3       10      3       0       11270.25  40      1856.0   ms
success		1       65      2       26      2       0       11126.99  39      1856.0   ms
success		1       66      2       5       2       0       11044.41  38      1856.0   ms
success		1       67      3       9       3       0       10774.82  37      1856.0   ms
success		1       68      4       30      4       0       10326.90  36      1856.0   ms
success		1       69      3       25      3       0       10199.52  35      1856.0   ms
success		1       70      2       18      2       0       10051.75  34      1856.0   ms
success		1       71      2       15      2       0       9766.06   33      1856.0   ms
success		1       72      4       22      4       0       9401.17   32      1856.0   ms
success		1       73      4       13      4       0       9204.38   31      1856.0   ms
success		1       74      4       14      3       0       10856.69  30      1856.0   ms
success		1       75      3       0       3       0       10101.81  29      1856.0   ms
success		1       76      11      22      5       0       9802.51   28      1856.0   ms
success		1       77      9       10      3       0       9437.71   27      1856.0   ms
success		1       78      10      2       5       0       8242.39   24      1856.0   ms
success		1       79      16      8       4       0       8676.65   23      1872.0   ms
success		1       80      35      21      4       0       7724.09   22      1903.0   ms
success		1       81      55      1       4       0       7695.90   21      1997.0   ms
success		1       82      22      13      3       0       7021.47   20      2028.0   ms
success		1       0       1       37      1       0       26871.06  104     2855.0   ms
success		1       1       1       15      1       0       26769.17  103     2855.0   ms
success		1       2       1       45      1       0       26675.50  102     2855.0   ms
success		1       3       1       67      1       0       26465.52  101     2855.0   ms
success		1       4       1       60      1       0       26218.11  100     2855.0   ms
success		1       5       1       97      1       0       25879.28  99      2855.0   ms
success		1       6       1       48      1       0       25488.37  98      2855.0   ms
success		1       7       1       77      1       0       25283.23  97      2855.0   ms
success		1       8       1       36      1       0       25016.23  96      2855.0   ms
success		1       9       1       84      1       0       24833.44  95      2855.0   ms
success		1       10      1       53      1       0       24328.82  94      2855.0   ms
success		1       11      1       39      1       0       24083.76  93      2855.0   ms
success		1       12      1       60      1       0       23965.43  92      2855.0   ms
success		1       13      1       64      1       0       23725.05  91      2855.0   ms
success		1       14      1       81      1       0       23540.59  90      2855.0   ms
success		1       15      1       73      1       0       23363.54  89      2855.0   ms
success		1       16      1       27      1       0       23185.06  88      2855.0   ms
success		1       17      1       39      1       0       22748.32  87      2855.0   ms
success		1       18      1       74      1       0       22603.18  86      2855.0   ms
success		1       19      1       67      1       0       22386.28  85      2855.0   ms
success		1       20      2       0       2       0       21968.44  84      2855.0   ms
success		1       21      1       75      1       0       21787.16  83      2855.0   ms
success		1       22      1       64      1       0       21467.87  82      2855.0   ms
success		1       23      1       24      1       0       21297.88  81      2855.0   ms
success		1       24      1       6       1       0       21028.51  80      2855.0   ms
success		1       25      1       45      1       0       20744.90  79      2855.0   ms
success		1       26      2       49      2       0       20330.16  78      2855.0   ms
success		1       27      1       58      1       0       20160.99  77      2855.0   ms
success		1       28      1       37      1       0       19848.12  76      2855.0   ms
success		1       29      2       39      2       0       19579.92  75      2855.0   ms
success		1       30      2       17      2       0       19463.49  74      2855.0   ms
success		1       31      1       1       1       0       19300.49  73      2855.0   ms
success		1       32      2       63      2       0       18995.13  72      2855.0   ms
success		1       33      1       63      1       0       18530.00  71      2855.0   ms
success		1       34      1       10      1       0       18173.38  70      2855.0   ms
success		1       35      2       26      2       0       17760.51  69      2855.0   ms
success		1       36      1       49      1       0       17270.93  68      2855.0   ms
success		1       37      1       5       1       0       17119.33  67      2855.0   ms
success		1       38      2       62      2       0       17048.19  66      2855.0   ms
success		1       39      1       56      1       0       16769.83  65      2855.0   ms
success		1       40      2       4       2       0       16607.31  64      2855.0   ms
success		1       41      1       15      1       0       16405.26  63      2855.0   ms
success		1       42      2       60      2       0       16163.27  62      2855.0   ms
success		1       43      3       5       3       0       16012.79  61      2855.0   ms
success		1       44      3       46      3       0       15783.68  60      2855.0   ms
success		1       45      1       10      1       0       15548.52  59      2855.0   ms
success		1       46      3       17      3       0       15364.33  58      2855.0   ms
success		1       47      1       34      1       0       15055.73  57      2855.0   ms
success		1       48      2       48      2       0       14669.58  56      2855.0   ms
success		1       49      2       33      2       0       14519.04  55      2855.0   ms
success		1       50      2       21      2       0       14375.42  54      2855.0   ms
success		1       51      2       28      2       0       14154.42  53      2855.0   ms
success		1       52      1       50      1       0       13942.07  52      2855.0   ms
success		1       53      1       0       1       0       13805.20  51      2855.0   ms
success		1       54      3       33      3       0       13537.60  50      2855.0   ms
success		1       55      2       5       2       0       13202.26  49      2855.0   ms
success		1       56      1       15      1       0       12983.45  48      2855.0   ms
success		1       57      2       31      2       0       12656.95  47      2855.0   ms
success		1       58      3       16      3       0       12512.84  46      2855.0   ms
success		1       59      1       40      1       0       12189.67  45      2855.0   ms
success		1       60      2       1       2       0       12098.25  44      2870.0   ms
success		1       61      1       30      1       0       12103.99  43      2870.0   ms
success		1       62      3       41      3       0       11999.67  42      2870.0   ms
success		1       63      3       13      3       0       11798.41  41      2870.0   ms
success		1       64      3       3       3       0       11660.75  40      2870.0   ms
success		1       65      2       7       2       0       11542.80  39      2870.0   ms
success		1       66      4       32      4       0       11185.13  38      2870.0   ms
success		1       67      6       18      2       0       11077.36  33      2870.0   ms
success		1       68      4       20      3       0       10915.81  32      2870.0   ms
success		1       69      3       3       3       0       10289.09  31      2870.0   ms
success		1       70      4       2       4       0       10000.42  30      2870.0   ms
success		1       71      8       10      2       0       9761.43   29      2870.0   ms
success		1       72      2       10      2       0       9535.25   28      2870.0   ms
success		1       73      6       0       4       0       9699.57   27      2870.0   ms
success		1       74      4       26      4       0       9123.43   26      2870.0   ms
success		1       75      9       13      5       0       8726.98   25      2870.0   ms
success		1       76      10      10      3       0       8802.56   24      2870.0   ms
success		1       77      35      7       4       0       8095.47   23      2917.0   ms
success		1       78      38      11      5       0       8195.73   22      2948.0   ms
success		1       79      200     1       4       0       7678.37   21      3276.0   ms
success		1       0       1       29      1       0       26741.17  104     4134.0   ms
success		1       1       1       9       1       0       26410.30  103     4134.0   ms
success		1       2       1       14      1       0       26243.41  102     4134.0   ms
success		1       3       1       31      1       0       25864.03  101     4134.0   ms
success		1       4       1       25      1       0       25530.64  100     4134.0   ms
success		1       5       1       15      1       0       25320.31  99      4134.0   ms
success		1       6       1       78      1       0       25220.39  98      4134.0   ms
success		1       7       1       8       1       0       25056.37  97      4134.0   ms
success		1       8       1       47      1       0       24738.13  96      4134.0   ms
success		1       9       1       15      1       0       24609.84  95      4134.0   ms
success		1       10      1       36      1       0       24313.98  94      4134.0   ms
success		1       11      1       0       1       0       24026.97  93      4134.0   ms
success		1       12      1       21      1       0       23971.85  92      4134.0   ms
success		1       13      2       41      2       0       23425.63  91      4134.0   ms
success		1       14      2       71      2       0       23214.47  90      4134.0   ms
success		1       15      1       83      1       0       23024.28  89      4134.0   ms
success		1       16      1       36      1       0       22817.04  88      4134.0   ms
success		1       17      1       0       1       0       22611.75  87      4134.0   ms
success		1       18      2       72      2       0       22489.37  86      4134.0   ms
success		1       19      1       70      1       0       22050.20  85      4134.0   ms
success		1       20      1       73      1       0       21867.40  84      4134.0   ms
success		1       21      1       70      1       0       21572.18  83      4134.0   ms
success		1       22      2       37      2       0       21345.80  82      4134.0   ms
success		1       23      1       62      1       0       21026.52  81      4134.0   ms
success		1       24      1       19      1       0       20794.90  80      4134.0   ms
success		1       25      1       76      1       0       20545.03  79      4134.0   ms
success		1       26      2       62      2       0       20070.48  78      4134.0   ms
success		1       27      1       11      1       0       19757.76  77      4134.0   ms
success		1       28      1       46      1       0       19514.69  76      4134.0   ms
success		1       29      1       2       1       0       19355.70  75      4134.0   ms
success		1       30      2       27      2       0       19024.84  74      4134.0   ms
success		1       31      2       52      2       0       18952.97  73      4134.0   ms
success		1       32      1       48      1       0       18890.87  72      4134.0   ms
success		1       33      1       18      1       0       18517.80  71      4134.0   ms
success		1       34      2       7       2       0       18237.28  70      4134.0   ms
success		1       35      2       8       2       0       18141.92  69      4134.0   ms
success		1       36      1       31      1       0       18040.23  68      4134.0   ms
success		1       37      2       2       2       0       17720.44  67      4134.0   ms
success		1       38      1       33      1       0       17510.19  66      4134.0   ms
success		1       39      2       65      2       0       17214.07  65      4134.0   ms
success		1       40      2       48      2       0       16813.79  64      4134.0   ms
success		1       41      2       40      2       0       16660.53  63      4134.0   ms
success		1       42      1       32      1       0       16306.20  62      4134.0   ms
success		1       43      2       39      2       0       16165.69  61      4134.0   ms
success		1       44      2       24      2       0       15937.21  60      4134.0   ms
success		1       45      1       42      1       0       15556.62  59      4134.0   ms
success		1       46      1       25      1       0       15146.07  58      4134.0   ms
success		1       47      1       21      1       0       14899.49  57      4134.0   ms
success		1       48      3       3       3       0       14651.87  56      4134.0   ms
success		1       49      2       10      2       0       14313.73  55      4134.0   ms
success		1       50      3       24      3       0       14293.99  54      4134.0   ms
success		1       51      1       34      1       0       14069.82  53      4134.0   ms
success		1       52      2       27      2       0       14027.07  52      4134.0   ms
success		1       53      1       39      1       0       13821.93  51      4134.0   ms
success		1       54      4       13      4       0       13590.32  50      4134.0   ms
success		1       55      3       6       3       0       13248.89  49      4134.0   ms
success		1       56      2       2       2       0       12963.34  48      4134.0   ms
success		1       57      4       46      4       0       12784.73  47      4134.0   ms
success		1       58      3       24      3       0       12449.94  46      4134.0   ms
success		1       59      2       11      2       0       12329.91  45      4134.0   ms
success		1       60      3       28      3       0       11974.87  44      4134.0   ms
success		1       61      4       31      2       0       13256.59  41      4134.0   ms
success		1       62      4       0       4       0       12802.94  40      4134.0   ms
success		1       63      2       28      2       0       12391.56  39      4134.0   ms
success		1       64      2       8       2       0       12132.21  38      4134.0   ms
success		1       65      3       24      3       0       11559.78  37      4134.0   ms
success		1       66      3       28      3       0       11053.21  36      4134.0   ms
success		1       67      4       0       3       0       12104.07  35      4134.0   ms
success		1       68      2       0       2       0       11748.18  34      4134.0   ms
success		1       69      3       3       2       0       11382.65  32      4134.0   ms
success		1       70      5       5       3       0       10968.91  31      4150.0   ms
success		1       71      3       12      3       0       10674.34  30      4150.0   ms
success		1       72      1       19      1       0       10095.14  29      4150.0   ms
success		1       73      6       17      4       0       9598.55   28      4150.0   ms
success		1       74      9       27      3       0       9457.48   27      4150.0   ms
success		1       75      5       22      5       0       8869.40   26      4150.0   ms
success		1       76      11      20      6       0       9282.69   25      4150.0   ms
success		1       77      21      12      4       0       8907.28   24      4165.0   ms
success		1       78      14      13      4       0       8500.38   23      4181.0   ms
success		1       79      11      16      4       0       7776.35   22      4181.0   ms
success		1       80      97      5       6       0       7747.00   21      4306.0   ms
success		1       81      268     17      4       0       7529.52   20      4633.0   ms
success		1       0       1       10      1       0       26996.27  104     5865.0   ms
success		1       1       1       98      1       0       26740.58  103     5865.0   ms
success		1       2       1       93      1       0       26623.39  102     5865.0   ms
success		1       3       1       30      1       0       26178.08  101     5865.0   ms
success		1       4       1       90      1       0       25995.29  100     5865.0   ms
success		1       5       1       81      1       0       25768.08  99      5865.0   ms
success		1       6       1       9       1       0       25470.32  98      5865.0   ms
success		1       7       1       81      1       0       25336.10  97      5865.0   ms
success		1       8       2       9       2       0       25131.86  96      5865.0   ms
success		1       9       1       13      1       0       24906.20  95      5865.0   ms
success		1       10      1       80      1       0       24596.70  94      5865.0   ms
success		1       11      1       45      1       0       24472.11  93      5865.0   ms
success		1       12      1       92      1       0       23941.85  92      5865.0   ms
success		1       13      2       71      2       0       23728.74  91      5865.0   ms
success		1       14      1       42      1       0       23635.07  90      5865.0   ms
success		1       15      1       76      1       0       23515.79  89      5865.0   ms
success		1       16      1       46      1       0       23372.77  88      5865.0   ms
success		1       17      1       34      1       0       23078.25  87      5865.0   ms
success		1       18      1       43      1       0       22860.91  86      5865.0   ms
success		1       19      1       59      1       0       22732.64  85      5865.0   ms
success		1       20      1       45      1       0       22493.21  84      5865.0   ms
success		1       21      1       34      1       0       21944.40  83      5865.0   ms
success		1       22      1       12      1       0       21777.50  82      5865.0   ms
success		1       23      1       23      1       0       21600.26  81      5865.0   ms
success		1       24      1       35      1       0       21037.96  80      5865.0   ms
success		1       25      1       46      1       0       20865.45  79      5865.0   ms
success		1       26      2       68      2       0       20586.46  78      5865.0   ms
success		1       27      1       42      1       0       20391.47  77      5865.0   ms
success		1       28      1       37      1       0       20174.17  76      5865.0   ms
success		1       29      1       12      1       0       19998.26  75      5865.0   ms
success		1       30      1       22      1       0       19808.76  74      5865.0   ms
success		1       31      2       25      2       0       19639.09  73      5865.0   ms
success		1       32      1       66      1       0       19422.05  72      5865.0   ms
success		1       33      1       10      1       0       19178.40  71      5865.0   ms
success		1       34      1       36      1       0       18977.59  70      5865.0   ms
success		1       35      2       14      2       0       18739.11  69      5865.0   ms
success		1       36      2       11      2       0       18431.05  68      5865.0   ms
success		1       37      1       5       1       0       18204.44  67      5865.0   ms
success		1       38      1       31      1       0       17978.94  66      5865.0   ms
success		1       39      2       8       2       0       17428.96  65      5865.0   ms
success		1       40      2       60      2       0       17195.12  64      5865.0   ms
success		1       41      2       23      2       0       17157.24  63      5865.0   ms
success		1       42      1       34      1       0       16925.74  62      5865.0   ms
success		1       43      3       43      3       0       16694.32  61      5865.0   ms
success		1       44      2       38      2       0       16697.81  60      5865.0   ms
success		1       45      1       37      1       0       16620.95  59      5865.0   ms
success		1       46      2       22      2       0       16471.99  58      5865.0   ms
success		1       47      3       2       3       0       16326.55  57      5865.0   ms
success		1       48      2       24      2       0       16174.86  56      5865.0   ms
success		1       49      2       41      2       0       15934.25  55      5865.0   ms
success		1       50      1       32      1       0       15761.75  54      5865.0   ms
success		1       51      1       26      1       0       15378.10  53      5865.0   ms
success		1       52      3       38      3       0       15178.21  52      5865.0   ms
success		1       53      1       33      1       0       14588.85  51      5865.0   ms
success		1       54      3       47      3       0       14411.07  50      5865.0   ms
success		1       55      3       27      3       0       14285.82  49      5865.0   ms
success		1       56      2       0       2       0       14031.17  48      5865.0   ms
success		1       57      2       0       2       0       13890.22  47      5865.0   ms
success		1       58      2       24      2       0       13637.40  46      5865.0   ms
success		1       59      3       40      3       0       13369.56  45      5865.0   ms
success		1       60      4       23      4       0       12956.11  44      5865.0   ms
success		1       61      3       20      3       0       12619.75  43      5865.0   ms
success		1       62      2       10      2       0       12273.08  42      5865.0   ms
success		1       63      3       38      3       0       11821.04  41      5865.0   ms
success		1       64      2       8       2       0       11582.33  40      5865.0   ms
success		1       65      3       29      3       0       11164.30  39      5865.0   ms
success		1       66      3       25      3       0       10976.89  38      5865.0   ms
success		1       67      2       37      2       0       10805.00  37      5865.0   ms
success		1       68      6       9       4       0       11854.04  35      5865.0   ms
success		1       69      4       17      4       0       11541.61  34      5865.0   ms
success		1       70      3       9       3       0       11021.28  33      5865.0   ms
success		1       71      5       16      1       0       11463.68  31      5881.0   ms
success		1       72      5       23      4       0       10528.23  30      5881.0   ms
success		1       73      7       10      5       0       9689.91   29      5881.0   ms
success		1       74      7       11      4       0       9876.44   28      5881.0   ms
success		1       75      21      10      4       0       8911.54   26      5897.0   ms
success		1       76      3       5       3       0       8519.13   25      5897.0   ms
success		1       77      13      18      4       0       8495.82   24      5897.0   ms
success		1       78      28      10      6       0       8041.28   23      5928.0   ms
success		1       79      17      9       7       0       8364.28   22      5928.0   ms
success		1       80      54      7       3       0       7502.43   21      6006.0   ms
success		1       0       1       100     1       0       26747.42  104     6770.0   ms
success		1       1       1       64      1       0       26511.16  103     6770.0   ms
success		1       2       1       54      1       0       26205.52  102     6770.0   ms
success		1       3       1       67      1       0       26008.52  101     6770.0   ms
success		1       4       1       83      1       0       25905.63  100     6770.0   ms
success		1       5       1       49      1       0       25707.76  99      6770.0   ms
success		1       6       1       41      1       0       25434.31  98      6770.0   ms
success		1       7       2       56      2       0       25409.77  97      6770.0   ms
success		1       8       1       36      1       0       25155.43  96      6770.0   ms
success		1       9       1       56      1       0       24968.11  95      6770.0   ms
success		1       10      1       75      1       0       24745.69  94      6770.0   ms
success		1       11      1       77      1       0       24528.21  93      6770.0   ms
success		1       12      1       80      1       0       24288.17  92      6770.0   ms
success		1       13      2       62      2       0       23799.95  91      6770.0   ms
success		1       14      1       57      1       0       23467.31  90      6770.0   ms
success		1       15      1       32      1       0       23304.25  89      6770.0   ms
success		1       16      1       52      1       0       23095.99  88      6770.0   ms
success		1       17      1       51      1       0       22647.67  87      6770.0   ms
success		1       18      1       28      1       0       22543.86  86      6770.0   ms
success		1       19      1       22      1       0       22253.74  85      6770.0   ms
success		1       20      1       9       1       0       21686.62  84      6770.0   ms
success		1       21      1       39      1       0       21455.66  83      6770.0   ms
success		1       22      1       79      1       0       21247.32  82      6770.0   ms
success		1       23      2       23      2       0       21081.07  81      6770.0   ms
success		1       24      1       77      1       0       20855.54  80      6770.0   ms
success		1       25      2       17      2       0       20533.46  79      6770.0   ms
success		1       26      2       27      2       0       20269.10  78      6770.0   ms
success		1       27      1       61      1       0       19946.34  77      6770.0   ms
success		1       28      1       70      1       0       19782.78  76      6770.0   ms
success		1       29      1       44      1       0       19325.28  75      6770.0   ms
success		1       30      2       56      2       0       19085.69  74      6770.0   ms
success		1       31      1       44      1       0       18545.01  73      6770.0   ms
success		1       32      3       33      3       0       18267.10  72      6786.0   ms
success		1       33      1       71      1       0       17947.30  71      6786.0   ms
success		1       34      2       46      2       0       17721.52  70      6786.0   ms
success		1       35      2       11      2       0       17332.99  69      6786.0   ms
success		1       36      3       4       3       0       16963.30  68      6786.0   ms
success		1       37      2       5       2       0       16976.98  67      6786.0   ms
success		1       38      2       45      2       0       16639.53  66      6786.0   ms
success		1       39      1       19      1       0       16386.04  65      6786.0   ms
success		1       40      2       22      2       0       16011.92  64      6786.0   ms
success		1       41      2       31      2       0       15892.30  63      6786.0   ms
success		1       42      1       57      1       0       15789.52  62      6786.0   ms
success		1       43      2       49      2       0       15695.32  61      6786.0   ms
success		1       44      1       11      1       0       15378.25  60      6786.0   ms
success		1       45      1       29      1       0       15190.86  59      6786.0   ms
success		1       46      1       21      1       0       14996.46  58      6786.0   ms
success		1       47      3       55      3       0       14820.94  57      6786.0   ms
success		1       48      2       12      2       0       14607.63  56      6786.0   ms
success		1       49      1       48      1       0       14499.85  55      6786.0   ms
success		1       50      1       35      1       0       14215.13  54      6786.0   ms
success		1       51      1       40      1       0       14115.09  53      6786.0   ms
success		1       52      1       19      1       0       14009.21  52      6786.0   ms
success		1       53      2       21      2       0       13820.38  51      6786.0   ms
success		1       54      1       44      1       0       13689.14  50      6786.0   ms
success		1       55      2       12      2       0       13597.61  49      6786.0   ms
success		1       56      2       20      2       0       13210.74  48      6786.0   ms
success		1       57      1       39      1       0       13087.03  47      6786.0   ms
success		1       58      4       44      4       0       12701.51  46      6786.0   ms
success		1       59      2       40      2       0       12471.32  45      6786.0   ms
success		1       60      2       31      2       0       12406.68  44      6786.0   ms
success		1       61      2       3       2       0       11966.79  43      6786.0   ms
success		1       62      2       33      2       0       11846.89  42      6786.0   ms
success		1       63      2       32      2       0       11764.81  41      6786.0   ms
success		1       64      2       19      2       0       11600.13  40      6786.0   ms
success		1       65      2       3       2       0       11335.11  39      6786.0   ms
success		1       66      2       2       2       0       11243.86  38      6786.0   ms
success		1       67      2       25      2       0       11007.99  37      6786.0   ms
success		1       68      2       5       2       0       10949.63  36      6786.0   ms
success		1       69      3       35      2       0       11884.14  34      6786.0   ms
success		1       70      2       31      2       0       11413.69  33      6786.0   ms
success		1       71      3       14      3       0       11032.60  32      6786.0   ms
success		1       72      3       7       3       0       10563.56  31      6786.0   ms
success		1       73      9       20      6       0       10053.74  30      6786.0   ms
success		1       74      7       25      5       0       9368.25   28      6786.0   ms
success		1       75      5       26      3       0       9950.46   27      6786.0   ms
success		1       76      16      21      3       0       8444.05   25      6801.0   ms
success		1       77      25      16      5       0       9053.93   24      6801.0   ms
success		1       78      26      21      4       0       8034.73   23      6833.0   ms
success		1       79      30      17      7       0       7864.67   22      6864.0   ms
success		1       80      86      12      8       0       7587.96   21      6989.0   ms
success		1       81      66      18      5       0       7406.43   20      7082.0   ms
cross iterater0
rand   	success		5587.72   7681.22   20      8471.0   ms cross
rand   	success		5740.89   7436.54   20      8907.0   ms cross
ab
ab7	4
ab6	2
fail		5662.54   7226.05   20      9797.0   ms
cross iterater1
ab
ab7	0
fail		5438.88   7390.76   20      10655.0  ms
fail		5270.68   7055.46   20      11528.0  ms
fail		5556.12   7389.27   20      12495.0  ms
cross iterater2
rand   	success		5650.38   7165.42   20      12495.0  ms cross
rand   	success		5937.96   7251.76   21      12558.0  ms cross
rand   	fail		5473.84   7964.58   21      13478.0  ms cross
rand   	success		5736.17   7422.44   20      13587.0  ms cross
ab
ab7	0
fail		5356.81   6990.72   20      14305.0  ms
cross iterater3
ab
ab6	2
fail		5760.56   7517.44   20      15225.0  ms
success		5156.06   6532.91   19      15381.0  ms
cross iterater4
ab
ab6	3
cross iterater5
rand   	success		5529.48   7252.06   20      15491.0  ms cross
rand   	success		5905.50   7555.59   21      15491.0  ms cross
rand   	success		5434.27   7304.96   20      15600.0  ms cross
rand   	fail		5736.27   7446.06   20      16614.0  ms cross
ab
ab6	0
fail		5156.06   6924.44   19      17690.0  ms
cross iterater6
rand   	success		5645.22   7275.55   20      17924.0  ms cross
rand   	fail		5585.19   7216.14   20      18907.0  ms cross
rand   	
rand   	success		5969.09   7424.03   21      19827.0  ms cross
rand   	success		5773.55   7036.58   20      20046.0  ms cross
rand   	fail		5785.06   7268.72   20      21013.0  ms cross
ab
ab6	1
fail		5415.16   7241.97   20      22105.0  ms
cross iterater7
ab
ab7	3
cross iterater8
rand   	success		5771.63   7269.76   20      22105.0  ms cross
rand   	success		5764.35   7897.11   21      22120.0  ms cross
rand   	success		5411.48   7069.85   20      22276.0  ms cross
rand   	fail		5516.84   7202.67   20      23181.0  ms cross
ab
ab7	0
fail		5571.55   7161.70   20      24086.0  ms
fail		5557.05   7310.85   20      25116.0  ms
cross iterater9
rand   	fail		5634.89   7638.91   21      26052.0  ms cross
rand   	success		5685.64   7587.61   21      26052.0  ms cross
rand   	success		5241.91   7187.74   20      26083.0  ms cross
rand   	success		5302.18   7245.92   19      26629.0  ms cross
ab
ab6	2
ab7	3
fail		5442.41   7284.85   20      27705.0  ms
fail		5535.51   7397.34   20      28641.0  ms
cross iterater10
rand   	success		5805.72   7790.20   21      28641.0  ms cross
rand   	success		5546.10   7331.83   20      28735.0  ms cross
rand   	fail		5427.21   7390.86   20      29624.0  ms cross
rand   	success		5911.70   7355.45   21      29702.0  ms cross
rand   	success		5628.82   7781.38   20      30076.0  ms cross
rand   	fail		5524.82   7412.27   20      31184.0  ms cross
ab
ab7	2
ab6	1
fail		5302.18   7192.91   19      32182.0  ms
cross iterater11
rand   	success		5293.25   7419.88   20      32182.0  ms cross
rand   	success		5298.79   6887.55   19      32307.0  ms cross
rand   	
rand   	success		5504.40   7703.90   20      33383.0  ms cross
ab
ab7	1
fail		5511.24   7434.11   20      34475.0  ms
cross iterater12
ab
ab7	2
fail		5531.99   7167.79   20      35411.0  ms
fail		5387.37   7126.33   20      36176.0  ms
cross iterater13
rand   	fail		5607.82   7655.90   20      37268.0  ms cross
rand   	success		5364.16   7725.79   19      37658.0  ms cross
ab
ab7	5
cross iterater14
rand   	success		5717.08   7608.91   20      37751.0  ms cross
rand   	success		5246.49   7739.50   21      37751.0  ms cross
rand   	success		5628.08   7529.60   20      37782.0  ms cross
rand   	success		5526.08   6932.66   19      38110.0  ms cross
ab
ab7	1
cross iterater15
rand   	success		5749.47   7460.43   21      38110.0  ms cross
rand   	success		5366.04   6746.35   19      38843.0  ms cross
rand   	
rand   	success		5665.58   7153.51   20      40731.0  ms cross
ab
ab6	2
fail		5415.81   7366.50   20      41698.0  ms
cross iterater16
ab
ab6	5
ab7	3
cross iterater17
rand   	
rand   	success		4915.73   7024.99   19      42852.0  ms cross
ab
ab6	4
ab7	3
cross iterater18
rand   	success		5576.16   6827.38   19      43118.0  ms cross
rand   	success		5073.96   7489.79   19      43133.0  ms cross
ab
ab6	2
ab7	1
fail		5216.92   6977.05   19      44163.0  ms
cross iterater19
rand   	fail		5648.71   7385.66   20      45270.0  ms cross
rand   	success		5281.94   7055.76   19      45270.0  ms cross
ab
ab6	4
ab7	1
cross iterater20
rand   	fail		5420.58   7522.39   20      46300.0  ms cross
rand   	
ab
ab6	1
ab7	4
cross iterater21
ab
ab6	3
ab7	4
fail		5589.81   7039.09   19      48546.0  ms
fail		5427.04   7172.47   19      49482.0  ms
fail		5576.16   7110.55   19      50434.0  ms
cross iterater22
rand   	
rand   	fail		5406.69   7148.83   20      52587.0  ms cross
ab
ab6	2
cross iterater23
ab
ab6	1
fail		5038.28   7018.69   19      53585.0  ms
fail		5527.73   7069.59   19      54880.0  ms
fail		5538.58   7258.04   19      55878.0  ms
cross iterater24
ab
ab6	5
ab7	4
fail		5536.69   7023.10   19      56861.0  ms
cross iterater25
rand   	
rand   	success		5074.47   6844.09   19      57766.0  ms cross
ab
ab7	3
ab6	5
cross iterater26
rand   	success		5567.86   6935.19   19      58468.0  ms cross
rand   	
ab
ab7	3
cross iterater27
rand   	success		5653.36   6806.31   19      59856.0  ms cross
rand   	success		5424.99   7053.75   19      59856.0  ms cross
ab
ab7	5
cross iterater28
ab
ab7	0
fail		5244.77   6891.72   19      60932.0  ms
fail		5532.58   7083.37   19      61946.0  ms
fail		5373.32   7030.97   19      62524.0  ms
cross iterater29
rand   	success		5458.30   6852.79   19      62524.0  ms cross
rand   	fail		5567.91   7394.90   20      63491.0  ms cross
ab
ab6	4
cross iterater30
ab
ab6	1
cross iterater31
rand   	
rand   	fail		5438.69   7120.86   20      65300.0  ms cross
ab
ab6	2
ab7	3
fail		5463.26   7004.50   19      66502.0  ms
cross iterater32
ab
ab6	4
cross iterater33
rand   	fail		4972.08   6943.54   19      67531.0  ms cross
rand   	success		5604.98   6899.15   19      67531.0  ms cross
ab
ab6	0
ab7	4
fail		5287.83   7063.16   19      68545.0  ms
fail		5390.52   7104.55   19      69356.0  ms
fail		5271.53   7141.61   19      70433.0  ms
cross iterater34
rand   	
rand   	
ab
ab6	3
ab7	4
fail		5560.48   7232.78   19      72960.0  ms
fail		5287.83   7063.16   19      74005.0  ms
cross iterater35
ab
ab6	1
fail		5414.15   6930.71   19      75050.0  ms
cross iterater36
rand   	
rand   	fail		5689.94   7467.46   20      77172.0  ms cross
ab
ab6	4
ab7	5
fail		5401.16   7148.74   19      78061.0  ms
fail		5583.19   7098.04   19      79122.0  ms
cross iterater37
rand   	success		5286.04   6794.04   19      79137.0  ms cross
rand   	success		5262.12   7339.45   19      79948.0  ms cross
ab
ab6	2
cross iterater38
rand   	
rand   	success		5384.34   7114.90   19      80962.0  ms cross
ab
ab7	0
ab6	3
fail		5227.91   6850.35   19      81945.0  ms
cross iterater39
rand   	success		5641.23   6937.27   19      81945.0  ms cross
rand   	fail		5329.09   7238.77   20      82912.0  ms cross
ab
ab6	4
ab7	2
fail		5437.08   7042.65   19      84036.0  ms
cross iterater40
rand   	success		5346.14   7269.89   19      85003.0  ms cross
rand   	fail		5780.43   7638.99   20      86204.0  ms cross
ab
ab6	3
ab7	0
fail		5358.92   7073.19   19      87405.0  ms
fail		5640.42   7167.91   19      88404.0  ms
cross iterater41
rand   	success		5259.87   6808.80   19      88419.0  ms cross
rand   	fail		5694.71   7316.65   20      89527.0  ms cross
ab
ab6	0
fail		5437.08   7042.65   19      90619.0  ms
cross iterater42
ab
ab6	1
cross iterater43
rand   	
rand   	success		5367.37   7074.75   19      91664.0  ms cross
ab
ab6	1
ab7	0
fail		5259.87   6909.34   19      92600.0  ms
cross iterater44
rand   	success		5690.63   7455.66   19      92927.0  ms cross
rand   	success		5499.23   6978.36   19      92927.0  ms cross
ab
ab6	1
fail		5575.26   7069.07   19      93973.0  ms
fail		5389.86   6812.83   19      95096.0  ms
cross iterater45
rand   	fail		5407.11   7210.46   20      96001.0  ms cross
rand   	
ab
ab6	3
ab7	1
cross iterater46
rand   	success		5615.15   6889.35   19      96968.0  ms cross
rand   	
ab
ab6	1
fail		5332.00   7053.93   19      99027.0  ms
cross iterater47
rand   	
rand   	success		5412.10   7169.13   19      100134.0 ms cross
ab
ab6	0
fail		5615.15   7023.90   19      101039.0 ms
fail		5384.70   6925.54   19      101741.0 ms
cross iterater48
rand   	fail		5483.24   7429.24   20      102303.0 ms cross
rand   	success		5410.37   6949.46   19      102303.0 ms cross
ab
ab7	0
fail		5615.15   7023.90   19      103223.0 ms
cross iterater49
rand   	fail		5428.84   7401.68   20      104393.0 ms cross
rand   	fail		5547.88   7182.20   20      105267.0 ms cross
ab
ab6	2
ab7	4
fail		5410.37   6969.46   19      106296.0 ms
cross iterater50
ab
ab6	5
ab7	3
fail		5557.68   7021.15   19      107435.0 ms
cross iterater51
rand   	fail		5308.94   7354.72   20      108434.0 ms cross
rand   	fail		5144.50   6879.09   19      109073.0 ms cross
ab
ab6	5
fail		5144.50   6879.09   19      109869.0 ms
fail		5239.63   6884.83   19      110727.0 ms
fail		5210.69   7162.42   19      111819.0 ms
cross iterater52
rand   	
rand   	success		5401.63   6840.19   19      113051.0 ms cross
ab
ab6	5
cross iterater53
rand   	success		5433.86   6484.48   19      113223.0 ms cross
rand   	
ab
ab6	0
cross iterater54
ab
ab7	2
ab6	3
fail		5433.86   6916.67   19      115297.0 ms
cross iterater55
rand   	success		5379.36   6915.57   19      115297.0 ms cross
rand   	success		5413.04   7462.34   19      115297.0 ms cross
ab
ab7	1
ab6	2
cross iterater56
rand   	fail		5879.66   7488.01   20      115875.0 ms cross
rand   	success		5427.04   6872.98   19      115875.0 ms cross
ab
ab7	3
fail		5439.13   6910.81   19      116717.0 ms
fail		4965.33   6591.00   19      117809.0 ms
fail		5144.50   6879.09   19      118979.0 ms
cross iterater57
rand   	fail		5424.94   7120.75   20      119915.0 ms cross
rand   	success		5373.79   7269.05   19      120040.0 ms cross
ab
ab7	1
ab6	0
fail		5427.04   7134.35   19      120726.0 ms
fail		5329.46   6921.98   19      121303.0 ms
cross iterater58
rand   	
rand   	fail		5634.65   7499.39   20      122910.0 ms cross
ab
ab7	4
ab6	1
fail		5439.13   6910.81   19      123799.0 ms
cross iterater59
rand   	success		5281.83   7499.30   19      123893.0 ms cross
rand   	fail		5080.86   6880.83   19      125078.0 ms cross
ab
ab6	5
ab7	3
cross iterater60
rand   	success		5393.52   6534.93   19      125125.0 ms cross
rand   	success		5368.86   6811.25   19      125125.0 ms cross
ab
fail		5632.53   7050.01   19      126342.0 ms
fail		5368.86   6856.73   19      127434.0 ms
cross iterater61
rand   	success		5116.61   6669.52   19      127434.0 ms cross
rand   	success		5110.01   7396.31   19      128011.0 ms cross
ab
ab7	3
fail		5393.52   6874.41   19      129025.0 ms
cross iterater62
ab
ab7	0
fail		5393.52   6874.41   19      130133.0 ms
fail		5116.61   6806.63   19      131256.0 ms
fail		5290.22   7235.20   19      132504.0 ms
cross iterater63
ab
ab6	2
ab7	5
fail		5307.25   7150.93   19      133533.0 ms
fail		5116.61   6806.63   19      134641.0 ms
fail		5194.32   7015.85   19      135749.0 ms
cross iterater64
ab
ab7	0
fail		5248.93   7006.35   19      136997.0 ms
fail		5116.61   6806.63   19      138135.0 ms
cross iterater65
ab
ab6	2
ab7	5
fail		5537.94   7169.00   19      139227.0 ms
cross iterater66
rand   	fail		5384.05   7474.53   20      140257.0 ms cross
rand   	fail		5345.60   7359.96   20      141349.0 ms cross
ab
ab6	5
ab7	0
fail		5284.21   6962.85   19      142566.0 ms
cross iterater67
rand   	success		5273.85   6922.73   19      142566.0 ms cross
rand   	fail		5415.17   7413.10   20      143548.0 ms cross
ab
ab7	2
ab6	0
fail		5355.94   7138.33   19      144282.0 ms
cross iterater68
rand   	success		5208.27   7083.48   19      144282.0 ms cross
rand   	success		5455.89   6783.68   19      144282.0 ms cross
ab
ab7	0
cross iterater69
rand   	success		5264.13   6748.71   19      144282.0 ms cross
rand   	
ab
ab6	1
fail		5264.13   6780.41   19      145810.0 ms
cross iterater70
ab
fail		5107.58   7092.52   19      147121.0 ms
cross iterater71
rand   	fail		5452.80   6986.76   20      148197.0 ms cross
rand   	success		5297.34   6726.43   19      148197.0 ms cross
ab
ab6	2
fail		5297.34   7011.03   19      149040.0 ms
cross iterater72
ab
ab6	1
cross iterater73
ab
ab6	3
cross iterater74
rand   	fail		5285.02   7272.16   20      149695.0 ms cross
rand   	fail		5243.74   7615.78   20      150490.0 ms cross
ab
ab6	0
ab7	4
fail		5440.81   7085.06   19      151442.0 ms
cross iterater75
rand   	
rand   	
ab
ab6	4
ab7	3
fail		5594.43   7213.35   19      154109.0 ms
fail		5580.55   7189.26   19      155264.0 ms
fail		5207.81   7095.19   19      156465.0 ms
cross iterater76
rand   	
rand   	
ab
ab7	0
fail		5383.90   7053.13   19      159913.0 ms
cross iterater77
rand   	success		5697.57   6665.70   19      160989.0 ms cross
rand   	
ab
ab6	1
ab7	4
fail		5314.25   7040.63   19      163344.0 ms
fail		5336.30   7044.98   19      164390.0 ms
fail		5352.74   6965.50   19      165372.0 ms
cross iterater78
ab
ab6	3
ab7	5
fail		5697.57   7092.05   19      166215.0 ms
cross iterater79
rand   	fail		5181.55   7201.25   20      167276.0 ms cross
rand   	
ab
ab6	2
ab7	1
cross iterater80
ab
ab6	1
fail		5567.17   6980.43   19      169413.0 ms
fail		5432.00   7084.96   19      170411.0 ms
cross iterater81
rand   	success		5301.68   6743.27   19      170411.0 ms cross
rand   	success		5293.18   6933.85   19      170411.0 ms cross
ab
ab6	1
fail		5352.74   6965.50   19      171612.0 ms
fail		5301.68   6801.11   19      172891.0 ms
cross iterater82
rand   	
rand   	
ab
ab6	2
ab7	3
fail		5315.11   7068.07   19      175949.0 ms
fail		5490.78   6981.26   19      176932.0 ms
cross iterater83
rand   	success		5377.19   7348.22   19      177337.0 ms cross
rand   	fail		5244.69   6881.69   19      178398.0 ms cross
ab
ab6	4
fail		5126.15   6808.84   19      179443.0 ms
fail		5301.68   6801.11   19      180457.0 ms
cross iterater84
rand   	fail		5343.25   7414.43   20      181393.0 ms cross
rand   	fail		5604.08   7247.01   20      182002.0 ms cross
ab
ab6	0
ab7	2
fail		5400.21   7027.42   19      183062.0 ms
fail		5240.93   6634.92   19      184092.0 ms
cross iterater85
rand   	success		5529.89   6860.57   19      184201.0 ms cross
rand   	
ab
fail		5301.68   6801.11   19      185402.0 ms
cross iterater86
rand   	success		5191.51   6968.84   19      185418.0 ms cross
rand   	fail		5659.47   7512.05   20      186120.0 ms cross
ab
ab6	2
fail		5577.27   7060.08   19      186822.0 ms
fail		5407.15   6917.89   19      187696.0 ms
cross iterater87
rand   	success		5241.32   6419.44   19      187696.0 ms cross
rand   	success		5305.30   7291.55   19      187914.0 ms cross
ab
ab6	4
cross iterater88
ab
ab6	1
fail		5569.04   7035.38   19      188944.0 ms
cross iterater89
rand   	
rand   	
ab
ab7	0
fail		5407.77   7024.01   19      192672.0 ms
fail		5318.73   7033.06   19      193764.0 ms
cross iterater90
rand   	success		5414.22   6922.33   19      193764.0 ms cross
rand   	success		5213.22   6711.63   19      193764.0 ms cross
ab
ab7	4
cross iterater91
rand   	fail		5512.19   7220.05   20      194918.0 ms cross
rand   	fail		5485.49   7427.46   20      195870.0 ms cross
ab
ab7	0
ab6	1
fail		5581.62   7001.45   19      197009.0 ms
fail		5264.72   6957.73   19      198179.0 ms
cross iterater92
rand   	success		5389.55   6462.48   19      198194.0 ms cross
rand   	success		5255.04   6668.24   19      198194.0 ms cross
ab
ab7	0
fail		5320.22   7145.26   19      199130.0 ms
cross iterater93
rand   	success		5404.42   6828.62   19      199130.0 ms cross
rand   	success		5176.60   6878.74   19      199130.0 ms cross
ab
ab6	1
fail		5264.72   6957.73   19      200222.0 ms
cross iterater94
rand   	fail		5442.91   7579.17   20      201408.0 ms cross
rand   	success		5381.80   6698.33   19      201985.0 ms cross
ab
ab6	4
fail		5160.76   7066.91   19      202859.0 ms
cross iterater95
rand   	fail		4938.48   7143.06   20      203872.0 ms cross
rand   	fail		5342.23   7517.25   20      204699.0 ms cross
ab
ab6	0
ab7	1
fail		5794.11   6920.84   19      205386.0 ms
fail		5160.76   7066.91   19      206072.0 ms
fail		5176.60   6893.44   19      206665.0 ms
cross iterater96
ab
ab6	2
fail		5719.12   6993.33   19      207414.0 ms
fail		5116.13   6740.38   19      208038.0 ms
cross iterater97
rand   	fail		5510.64   7163.65   20      208615.0 ms cross
rand   	fail		5461.75   7435.85   20      209239.0 ms cross
ab
ab7	2
ab6	3
fail		5366.79   7029.83   19      209832.0 ms
fail		5381.80   6690.96   19      210502.0 ms
cross iterater98
rand   	fail		5264.07   7112.36   20      211126.0 ms cross
rand   	fail		5505.58   7434.81   20      211797.0 ms cross
ab
ab6	4
ab7	1
cross iterater99
rand   	
rand   	success		5412.85   7327.97   19      212452.0 ms cross
ab
ab6	2
ab7	3
fail		5359.15   7111.64   19      213123.0 ms
fail		5504.06   7124.99   19      213731.0 ms
fail		5381.80   6690.96   19      214449.0 ms

R.size:19

1		197	181	164	35	104	10	77	122	79	96	19	193	
2		162	63	159	20	5	62	26	186	2	76	120	146	
3		153	209	54	205	89	69	123	11	39	208	
4		169	167	7	68	190	51	110	95	116	178	
5		100	37	143	173	45	32	38	86	112	189	101	157	
6		182	57	147	40	133	16	98	161	119	72	129	55	97	64	
7		140	155	88	58	134	113	87	71	210	17	115	67	
8		142	156	179	15	18	196	184	126	
9		28	201	49	163	6	171	14	132	78	130	187	150	174	30	
10		195	9	12	188	29	21	166	139	121	206	82	154	
11		84	199	127	105	118	176	191	144	137	13	8	60	1	75	
12		200	180	124	43	27	111	91	145	80	83	
13		149	47	103	44	90	73	
14		165	85	99	168	53	202	160	33	
15		92	152	102	183	3	136	106	158	34	175	
16		59	177	65	128	94	151	125	109	192	50	66	203	
17		31	56	108	114	117	204	23	74	52	41	194	81	107	70	
18		4	131	48	24	61	198	207	22	141	185	
19		42	172	170	25	46	138	135	93	148	36	

data1/pdp200/LRC1_2_6.txt
total_cost 4915.728507

