0  1  15  0.12      470            4964.2    1834.5    7.07      100 0         172       
0  2  13  0.23      440            3979.6    2144.8    18.17     100 0         124       
0  3  10  1.86      460            2729.7    1900.0    23.95     100 0         129       
0  4  9   6.04      501            1808.6    1630.7    23.88     100 0         140       
0  5  13  0.30      409            3349.7    2082.5    9.77      100 0         128       
0  6  13  0.09      463            4002.2    2483.0    19.44     100 0         155       
0  7  12  0.37      428            2530.9    2092.7    15.83     100 0         118       
0  8  11  0.20      461            2101.7    1641.0    21.59     100 0         136       
0  9  10  0.33      482            1505.7    1500.6    26.88     100 0         148       
2  1  31  1.09      845            13831.5   6555.3    38.00     100 0         357       
2  2  24  1.98      775            8886.4    6413.2    89.04     100 0         223       
2  3  19  47.31     794            7154.6    5662.9    146.79    100 0         217       
2  4  18  2.39      711            5413.6    4870.4    36.55     100 0         131       
2  5  25  123.68    779            8149.7    6231.4    123.68    100 0         236       
2  6  25  2.03      728            8536.5    6073.4    16.32     100 0         174       
2  7  23  6.04      745            6660.7    6071.0    76.67     100 0         170       
2  8  21  182.69    811            5523.6    5155.9    182.69    100 0         243       
2  9  20  25.48     761            5410.3    5115.8    81.26     100 0         182       
2  10 19  2.00      728            4954.9    4762.0    77.06     100 0         138       
4  1  59  295.40    1578           27364.6   15613.4   603.14    100 0         722       
4  2  47  287.41    1407           23246.0   17161.9   1531.26   100 0         386       
4  3  37  90.51     1240           17048.6   14203.0   90.51     100 0         151       
4  4  34  10.37     1393           13737.7   12487.0   243.56    100 0         274       
4  5  52  121.91    1303           21403.3   16481.5   1706.68   100 0         306       
4  6  49  246.99    1532           18077.9   15145.0   999.25    100 0         519       
4  7  46  625.60    1531           15716.8   15052.7   625.60    100 0         477       
4  8  44  816.47    1551           14930.9   14213.7   816.47    100 0         499       
4  9  40  24.54     1667           13422.6   13285.2   1280.33   100 0         573       
4  10 38  604.08    1357           12883.6   12720.9   680.65    100 0         262       
6  1  101 111.23    2407           58722.4   35146.1   4879.76   100 0         1241      
6  2  75  2970.19   2404           43721.6   32208.7   4671.83   100 0         962       
6  3  57  2919.13   2087           29115.7   26235.8   2919.13   100 0         500       
6  4  53  793.24    2323           23139.3   22018.5   7013.56   100 0         702       
6  5  81  757.84    2342           38918.4   30491.2   6864.03   100 0         962       
6  6  75  1253.87   2229           33518.8   27922.6   4666.21   100 0         775       
6  7  72  1198.66   1965           31054.9   28978.3   5971.95   100 0         473       
6  8  68  2160.10   2224           28162.7   26928.9   3522.05   100 0         669       
6  9  62  1395.77   2386           25004.2   24813.4   2258.65   100 0         795       
6  10 58  3665.51   2235           25102.6   24743.0   3665.51   100 0         604       
