success		1       0       1       95      1       0       158293.47 100     93.0     ms
success		1       1       1       23      1       0       158033.57 99      93.0     ms
success		1       2       1       51      1       0       157715.80 98      93.0     ms
success		1       3       1       61      1       0       155668.65 97      93.0     ms
success		1       4       1       12      1       0       155092.83 96      93.0     ms
success		1       5       1       39      1       0       153113.73 95      93.0     ms
success		1       6       1       2       1       0       151553.82 94      93.0     ms
success		1       7       1       73      1       0       149473.76 93      93.0     ms
success		1       8       1       80      1       0       148580.86 92      93.0     ms
success		1       9       2       16      2       0       146874.13 91      93.0     ms
success		1       10      1       6       1       0       145684.17 90      109.0    ms
success		1       11      1       88      1       0       143341.14 89      109.0    ms
success		1       12      2       85      2       0       141045.83 88      109.0    ms
success		1       13      1       80      1       0       140964.17 87      109.0    ms
success		1       14      2       22      2       0       139546.55 86      109.0    ms
success		1       15      1       49      1       0       137230.57 85      109.0    ms
success		1       16      1       22      1       0       134869.77 84      109.0    ms
success		1       17      1       48      1       0       133112.11 83      109.0    ms
success		1       18      2       43      2       0       131208.74 82      109.0    ms
success		1       19      2       33      2       0       130455.66 81      109.0    ms
success		1       20      1       68      1       0       129255.58 80      109.0    ms
success		1       21      1       1       1       0       128774.79 79      109.0    ms
success		1       22      2       16      2       0       126838.00 78      109.0    ms
success		1       23      1       9       1       0       125825.41 77      109.0    ms
success		1       24      1       10      1       0       123817.74 76      109.0    ms
success		1       25      3       39      3       0       122375.10 75      109.0    ms
success		1       26      1       56      1       0       120253.97 74      109.0    ms
success		1       27      2       11      2       0       119828.29 73      109.0    ms
success		1       28      3       25      3       0       119304.89 72      109.0    ms
success		1       29      1       53      1       0       119154.92 71      109.0    ms
success		1       30      2       61      2       0       118377.99 70      109.0    ms
success		1       31      1       4       1       0       117034.25 69      109.0    ms
success		1       32      1       52      1       0       115208.91 68      109.0    ms
success		1       33      1       24      1       0       112663.17 67      124.0    ms
success		1       34      1       62      1       0       110289.07 66      124.0    ms
success		1       35      1       57      1       0       108178.66 65      124.0    ms
success		1       36      1       56      1       0       106970.84 64      124.0    ms
success		1       37      2       39      2       0       105813.52 63      124.0    ms
success		1       38      1       58      1       0       104301.59 62      124.0    ms
success		1       39      2       13      2       0       101966.89 61      124.0    ms
success		1       40      3       29      3       0       101331.43 60      124.0    ms
success		1       41      1       57      1       0       99963.38  59      124.0    ms
success		1       42      1       39      1       0       99449.10  58      124.0    ms
success		1       43      2       36      2       0       98627.31  57      124.0    ms
success		1       44      1       26      1       0       96438.73  56      124.0    ms
success		1       45      2       3       2       0       95390.50  55      124.0    ms
success		1       46      1       41      1       0       92791.90  54      124.0    ms
success		1       47      1       2       1       0       92025.58  53      124.0    ms
success		1       48      2       31      2       0       89567.48  52      124.0    ms
success		1       49      2       29      2       0       87257.37  51      124.0    ms
success		1       50      1       20      1       0       87117.66  50      124.0    ms
success		1       51      1       39      1       0       84442.90  49      124.0    ms
success		1       52      4       8       4       0       83975.29  48      124.0    ms
success		1       53      2       18      2       0       82963.74  47      124.0    ms
success		1       54      1       13      1       0       80638.86  46      124.0    ms
success		1       55      3       40      3       0       80593.01  45      124.0    ms
success		1       56      4       32      4       0       79549.77  44      124.0    ms
success		1       57      1       14      1       0       77793.64  43      124.0    ms
success		1       58      2       3       2       0       75686.79  42      124.0    ms
success		1       59      2       12      2       0       74000.63  41      124.0    ms
success		1       60      4       14      4       0       72182.02  40      124.0    ms
success		1       61      2       34      2       0       69811.73  39      124.0    ms
success		1       62      2       28      2       0       68884.28  38      124.0    ms
success		1       63      5       8       5       0       66790.46  37      124.0    ms
success		1       64      4       24      4       0       65366.22  36      124.0    ms
success		1       65      4       28      4       0       64226.21  35      124.0    ms
success		1       66      3       31      3       0       62260.03  34      124.0    ms
success		1       67      4       21      4       0       60335.68  33      124.0    ms
success		1       68      1       29      1       0       59116.92  32      124.0    ms
success		1       69      1       13      1       0       57098.33  31      124.0    ms
success		1       70      3       10      3       0       55125.33  30      124.0    ms
success		1       71      4       3       4       0       52407.25  29      124.0    ms
success		1       72      1       1       1       0       52378.02  28      124.0    ms
success		1       73      4       1       4       0       50188.43  27      124.0    ms
success		1       74      2       13      2       0       47887.88  26      124.0    ms
success		1       75      5       22      5       0       46382.53  25      124.0    ms
success		1       76      4       14      4       0       43933.10  24      124.0    ms
success		1       77      4       0       4       0       41216.21  23      124.0    ms
success		1       78      7       8       7       0       38722.07  22      124.0    ms
success		1       79      2       20      2       0       37396.97  21      124.0    ms
success		1       80      2       2       2       0       35527.08  20      124.0    ms
success		1       81      5       13      5       0       34749.92  19      124.0    ms
success		1       82      7       5       7       0       31649.47  18      124.0    ms
success		1       83      5       4       5       0       29441.79  17      124.0    ms
success		1       84      5       6       5       0       26823.58  16      124.0    ms
success		1       85      7       15      7       0       24735.26  15      124.0    ms
success		1       86      7       10      7       0       22238.70  14      124.0    ms
success		1       87      6       1       5       0       19568.43  13      124.0    ms
success		1       88      9       8       8       0       18208.32  12      140.0    ms
success		1       89      11      2       11      0       15853.03  11      140.0    ms
success		1       90      12      2       10      0       13539.08  10      140.0    ms
success		1       91      20      8       9       0       10726.54  9       202.0    ms
success		1       92      99      2       12      0       8753.20   8       592.0    ms
success		1       0       1       13      1       0       169852.07 100     6630.0   ms
success		1       1       1       92      1       0       167675.49 99      6630.0   ms
success		1       2       1       61      1       0       165408.94 98      6630.0   ms
success		1       3       1       11      1       0       163319.09 97      6630.0   ms
success		1       4       1       11      1       0       161377.04 96      6630.0   ms
success		1       5       1       2       1       0       160656.61 95      6630.0   ms
success		1       6       1       42      1       0       159863.11 94      6630.0   ms
success		1       7       1       39      1       0       157346.38 93      6630.0   ms
success		1       8       1       20      1       0       155697.91 92      6645.0   ms
success		1       9       1       37      1       0       153611.08 91      6645.0   ms
success		1       10      1       2       1       0       153433.12 90      6645.0   ms
success		1       11      1       17      1       0       151867.24 89      6645.0   ms
success		1       12      1       80      1       0       151113.36 88      6645.0   ms
success		1       13      1       82      1       0       150664.28 87      6645.0   ms
success		1       14      1       55      1       0       148552.16 86      6645.0   ms
success		1       15      1       55      1       0       146902.28 85      6645.0   ms
success		1       16      1       79      1       0       145316.04 84      6645.0   ms
success		1       17      1       56      1       0       144444.00 83      6645.0   ms
success		1       18      1       43      1       0       142405.79 82      6645.0   ms
success		1       19      3       48      3       0       139323.88 81      6645.0   ms
success		1       20      1       20      1       0       138261.56 80      6645.0   ms
success		1       21      1       55      1       0       137715.30 79      6645.0   ms
success		1       22      1       54      1       0       136290.08 78      6645.0   ms
success		1       23      1       32      1       0       133854.78 77      6645.0   ms
success		1       24      1       2       1       0       131462.88 76      6645.0   ms
success		1       25      2       45      2       0       130170.07 75      6645.0   ms
success		1       26      1       4       1       0       128784.62 74      6645.0   ms
success		1       27      1       19      1       0       125799.40 73      6645.0   ms
success		1       28      2       22      2       0       122987.32 72      6645.0   ms
success		1       29      1       0       1       0       122577.81 71      6645.0   ms
success		1       30      1       47      1       0       121081.33 70      6645.0   ms
success		1       31      1       37      1       0       118616.52 69      6645.0   ms
success		1       32      2       44      2       0       116730.13 68      6645.0   ms
success		1       33      1       12      1       0       116131.91 67      6645.0   ms
success		1       34      2       21      2       0       115151.41 66      6645.0   ms
success		1       35      2       39      2       0       112922.52 65      6645.0   ms
success		1       36      1       59      1       0       112383.11 64      6645.0   ms
success		1       37      1       56      1       0       109935.38 63      6645.0   ms
success		1       38      1       52      1       0       108624.85 62      6645.0   ms
success		1       39      3       53      3       0       107655.65 61      6645.0   ms
success		1       40      2       58      2       0       106964.39 60      6645.0   ms
success		1       41      2       21      2       0       106562.40 59      6645.0   ms
success		1       42      1       47      1       0       104267.78 58      6645.0   ms
success		1       43      1       22      1       0       101573.41 57      6645.0   ms
success		1       44      1       5       1       0       100199.96 56      6645.0   ms
success		1       45      1       39      1       0       99819.74  55      6645.0   ms
success		1       46      3       31      3       0       97986.45  54      6645.0   ms
success		1       47      1       7       1       0       97760.30  53      6645.0   ms
success		1       48      2       15      2       0       96077.66  52      6645.0   ms
success		1       49      1       45      1       0       95070.94  51      6645.0   ms
success		1       50      1       39      1       0       93651.25  50      6645.0   ms
success		1       51      2       14      2       0       91795.88  49      6645.0   ms
success		1       52      1       9       1       0       89878.89  48      6645.0   ms
success		1       53      5       42      5       0       86464.18  47      6645.0   ms
success		1       54      5       24      5       0       85004.39  46      6645.0   ms
success		1       55      4       14      4       0       83066.82  45      6645.0   ms
success		1       56      3       1       3       0       81728.68  44      6645.0   ms
success		1       57      3       23      3       0       81036.92  43      6645.0   ms
success		1       58      2       3       2       0       79733.26  42      6645.0   ms
success		1       59      2       19      2       0       78705.54  41      6645.0   ms
success		1       60      3       23      3       0       76293.19  40      6645.0   ms
success		1       61      6       13      6       0       73622.78  39      6645.0   ms
success		1       62      4       15      4       0       71797.79  38      6645.0   ms
success		1       63      3       29      3       0       70571.45  37      6645.0   ms
success		1       64      4       11      4       0       67953.07  36      6645.0   ms
success		1       65      1       8       1       0       67580.81  35      6645.0   ms
success		1       66      2       5       2       0       65114.75  34      6645.0   ms
success		1       67      2       27      2       0       63395.81  33      6645.0   ms
success		1       68      2       17      2       0       61106.79  32      6645.0   ms
success		1       69      1       12      1       0       60066.00  31      6645.0   ms
success		1       70      3       10      3       0       58178.67  30      6645.0   ms
success		1       71      4       14      4       0       55499.89  29      6645.0   ms
success		1       72      5       17      5       0       54174.22  28      6645.0   ms
success		1       73      2       18      2       0       52095.42  27      6645.0   ms
success		1       74      8       23      8       0       49587.36  26      6645.0   ms
success		1       75      6       13      6       0       48003.35  25      6645.0   ms
success		1       76      2       22      2       0       46549.12  24      6645.0   ms
success		1       77      6       0       6       0       43942.08  23      6645.0   ms
success		1       78      6       16      6       0       41363.38  22      6645.0   ms
success		1       79      5       4       5       0       39896.21  21      6645.0   ms
success		1       80      5       10      5       0       37481.26  20      6645.0   ms
success		1       81      3       11      3       0       34702.79  19      6645.0   ms
success		1       82      6       12      6       0       32632.29  18      6645.0   ms
success		1       83      5       17      5       0       30560.00  17      6645.0   ms
success		1       84      6       12      6       0       27832.37  16      6645.0   ms
success		1       85      3       8       3       0       25273.70  15      6645.0   ms
success		1       86      8       12      8       0       22883.41  14      6645.0   ms
success		1       87      10      8       8       0       20619.98  13      6645.0   ms
success		1       88      8       10      8       0       18114.96  12      6645.0   ms
success		1       89      11      10      8       0       16390.49  11      6661.0   ms
success		1       90      20      4       8       0       14241.77  10      6692.0   ms
success		1       91      35      0       10      0       11719.80  9       6801.0   ms
success		1       92      72      3       10      0       8806.09   8       7176.0   ms
success		1       0       1       56      1       0       170467.84 100     11559.0  ms
success		1       1       1       48      1       0       170208.75 99      11559.0  ms
success		1       2       1       0       1       0       169397.69 98      11559.0  ms
success		1       3       1       89      1       0       167771.97 97      11559.0  ms
success		1       4       1       65      1       0       166462.49 96      11559.0  ms
success		1       5       1       27      1       0       164225.48 95      11559.0  ms
success		1       6       1       11      1       0       162616.54 94      11559.0  ms
success		1       7       1       3       1       0       161119.64 93      11559.0  ms
success		1       8       1       27      1       0       159803.19 92      11559.0  ms
success		1       9       1       73      1       0       159563.38 91      11559.0  ms
success		1       10      1       24      1       0       157880.32 90      11559.0  ms
success		1       11      2       87      2       0       155733.00 89      11559.0  ms
success		1       12      1       3       1       0       155164.02 88      11559.0  ms
success		1       13      1       86      1       0       154845.13 87      11559.0  ms
success		1       14      1       16      1       0       154171.42 86      11559.0  ms
success		1       15      1       40      1       0       151950.55 85      11559.0  ms
success		1       16      1       46      1       0       149528.35 84      11559.0  ms
success		1       17      1       50      1       0       147021.37 83      11559.0  ms
success		1       18      1       21      1       0       144995.08 82      11559.0  ms
success		1       19      1       38      1       0       144141.03 81      11559.0  ms
success		1       20      2       54      2       0       142818.61 80      11559.0  ms
success		1       21      1       62      1       0       141376.04 79      11559.0  ms
success		1       22      1       65      1       0       140065.48 78      11559.0  ms
success		1       23      1       50      1       0       139012.78 77      11559.0  ms
success		1       24      2       58      2       0       137089.21 76      11559.0  ms
success		1       25      1       73      1       0       134843.12 75      11559.0  ms
success		1       26      1       49      1       0       134126.83 74      11559.0  ms
success		1       27      1       62      1       0       131810.58 73      11559.0  ms
success		1       28      1       62      1       0       129776.17 72      11559.0  ms
success		1       29      2       3       2       0       127641.84 71      11559.0  ms
success		1       30      2       12      2       0       125824.18 70      11559.0  ms
success		1       31      3       68      3       0       124179.35 69      11559.0  ms
success		1       32      1       17      1       0       122529.80 68      11559.0  ms
success		1       33      1       33      1       0       121654.10 67      11559.0  ms
success		1       34      1       57      1       0       120503.88 66      11559.0  ms
success		1       35      1       13      1       0       117982.98 65      11559.0  ms
success		1       36      2       31      2       0       115726.63 64      11559.0  ms
success		1       37      2       49      2       0       114569.44 63      11559.0  ms
success		1       38      1       2       1       0       114138.54 62      11559.0  ms
success		1       39      1       11      1       0       113674.02 61      11559.0  ms
success		1       40      2       43      2       0       111050.34 60      11559.0  ms
success		1       41      2       58      2       0       110749.50 59      11559.0  ms
success		1       42      1       8       1       0       108490.33 58      11559.0  ms
success		1       43      2       35      2       0       107089.56 57      11559.0  ms
success		1       44      1       50      1       0       104821.34 56      11559.0  ms
success		1       45      1       45      1       0       102690.36 55      11559.0  ms
success		1       46      3       27      3       0       101198.96 54      11559.0  ms
success		1       47      1       7       1       0       99844.35  53      11559.0  ms
success		1       48      1       39      1       0       97182.48  52      11559.0  ms
success		1       49      5       46      5       0       95928.53  51      11559.0  ms
success		1       50      2       2       2       0       93602.21  50      11559.0  ms
success		1       51      1       5       1       0       91424.67  49      11559.0  ms
success		1       52      1       33      1       0       88794.55  48      11559.0  ms
success		1       53      4       5       4       0       86417.18  47      11559.0  ms
success		1       54      2       29      2       0       83683.85  46      11559.0  ms
success		1       55      4       3       4       0       82903.09  45      11559.0  ms
success		1       56      2       16      2       0       80421.61  44      11559.0  ms
success		1       57      3       18      3       0       79037.01  43      11559.0  ms
success		1       58      5       22      5       0       78300.96  42      11559.0  ms
success		1       59      4       14      4       0       77946.79  41      11559.0  ms
success		1       60      2       8       2       0       75664.95  40      11559.0  ms
success		1       61      3       8       3       0       76614.87  39      11559.0  ms
success		1       62      3       17      3       0       74488.25  38      11559.0  ms
success		1       63      2       3       2       0       73067.18  37      11559.0  ms
success		1       64      1       2       1       0       70357.70  36      11559.0  ms
success		1       65      3       18      3       0       67632.96  35      11559.0  ms
success		1       66      4       32      4       0       65175.77  34      11559.0  ms
success		1       67      2       23      2       0       63484.70  33      11559.0  ms
success		1       68      4       12      4       0       61396.55  32      11559.0  ms
success		1       69      5       2       5       0       59213.91  31      11559.0  ms
success		1       70      2       5       2       0       56834.97  30      11559.0  ms
success		1       71      3       13      3       0       55386.40  29      11559.0  ms
success		1       72      6       12      6       0       53109.18  28      11559.0  ms
success		1       73      3       0       3       0       50749.93  27      11559.0  ms
success		1       74      4       25      4       0       48480.33  26      11559.0  ms
success		1       75      3       22      3       0       46196.82  25      11559.0  ms
success		1       76      3       21      3       0       44439.95  24      11559.0  ms
success		1       77      7       9       7       0       42052.38  23      11559.0  ms
success		1       78      2       1       2       0       39427.72  22      11559.0  ms
success		1       79      6       12      6       0       36813.35  21      11559.0  ms
success		1       80      3       15      3       0       34296.88  20      11559.0  ms
success		1       81      5       14      5       0       31878.42  19      11559.0  ms
success		1       82      7       17      7       0       29742.93  18      11559.0  ms
success		1       83      6       6       6       0       27591.33  17      11559.0  ms
success		1       84      8       10      8       0       25607.87  16      11559.0  ms
success		1       85      10      2       9       0       26335.48  15      11575.0  ms
success		1       86      11      7       10      0       24525.87  14      11575.0  ms
success		1       87      8       12      6       0       21183.45  13      11575.0  ms
success		1       88      8       4       8       0       18278.53  12      11575.0  ms
success		1       89      11      4       9       0       15862.47  11      11575.0  ms
success		1       90      15      8       11      0       13337.49  10      11590.0  ms
success		1       91      24      3       11      0       11362.22  9       11637.0  ms
success		1       92      99      7       12      0       8716.37   8       12089.0  ms
success		1       0       1       4       1       0       168777.47 100     18111.0  ms
success		1       1       1       95      1       0       166731.05 99      18111.0  ms
success		1       2       1       79      1       0       164236.12 98      18111.0  ms
success		1       3       2       50      2       0       162534.97 97      18111.0  ms
success		1       4       1       56      1       0       160594.11 96      18111.0  ms
success		1       5       1       60      1       0       158838.20 95      18111.0  ms
success		1       6       1       1       1       0       156319.38 94      18111.0  ms
success		1       7       1       5       1       0       154814.67 93      18111.0  ms
success		1       8       2       8       2       0       153812.14 92      18111.0  ms
success		1       9       1       2       1       0       153363.67 91      18111.0  ms
success		1       10      1       0       1       0       152874.22 90      18111.0  ms
success		1       11      1       15      1       0       150582.49 89      18111.0  ms
success		1       12      2       11      2       0       149339.40 88      18111.0  ms
success		1       13      1       27      1       0       148320.99 87      18111.0  ms
success		1       14      1       16      1       0       146736.55 86      18111.0  ms
success		1       15      1       83      1       0       146458.73 85      18111.0  ms
success		1       16      1       60      1       0       144901.02 84      18111.0  ms
success		1       17      1       7       1       0       143858.20 83      18111.0  ms
success		1       18      1       2       1       0       141528.82 82      18111.0  ms
success		1       19      1       54      1       0       140788.28 81      18111.0  ms
success		1       20      1       3       1       0       139955.64 80      18111.0  ms
success		1       21      2       28      2       0       137748.85 79      18111.0  ms
success		1       22      1       19      1       0       136439.19 78      18111.0  ms
success		1       23      1       13      1       0       133825.46 77      18111.0  ms
success		1       24      2       18      2       0       132180.38 76      18111.0  ms
success		1       25      1       15      1       0       130674.32 75      18111.0  ms
success		1       26      1       26      1       0       127993.66 74      18111.0  ms
success		1       27      1       16      1       0       125513.90 73      18111.0  ms
success		1       28      1       67      1       0       123192.04 72      18111.0  ms
success		1       29      3       61      3       0       123023.52 71      18111.0  ms
success		1       30      3       38      3       0       120507.24 70      18111.0  ms
success		1       31      2       32      2       0       119280.01 69      18111.0  ms
success		1       32      1       51      1       0       118574.90 68      18111.0  ms
success		1       33      2       61      2       0       117773.70 67      18111.0  ms
success		1       34      3       51      3       0       115430.48 66      18111.0  ms
success		1       35      1       37      1       0       113450.81 65      18111.0  ms
success		1       36      2       15      2       0       111241.73 64      18111.0  ms
success		1       37      2       20      2       0       110980.17 63      18111.0  ms
success		1       38      2       60      2       0       108547.97 62      18111.0  ms
success		1       39      1       8       1       0       106573.06 61      18111.0  ms
success		1       40      2       12      2       0       104976.86 60      18111.0  ms
success		1       41      2       48      2       0       103016.48 59      18111.0  ms
success		1       42      2       38      2       0       101062.34 58      18111.0  ms
success		1       43      1       42      1       0       98561.08  57      18111.0  ms
success		1       44      1       53      1       0       98143.17  56      18111.0  ms
success		1       45      1       36      1       0       97069.78  55      18111.0  ms
success		1       46      2       53      2       0       95750.90  54      18127.0  ms
success		1       47      2       7       2       0       94202.55  53      18127.0  ms
success		1       48      3       23      3       0       92891.95  52      18127.0  ms
success		1       49      1       9       1       0       91195.73  51      18127.0  ms
success		1       50      1       16      1       0       88520.58  50      18127.0  ms
success		1       51      1       28      1       0       87978.10  49      18127.0  ms
success		1       52      2       36      2       0       86089.78  48      18127.0  ms
success		1       53      1       35      1       0       85769.60  47      18127.0  ms
success		1       54      3       13      3       0       83286.29  46      18127.0  ms
success		1       55      2       10      2       0       80768.79  45      18127.0  ms
success		1       56      1       1       1       0       80283.61  44      18127.0  ms
success		1       57      3       15      3       0       78923.24  43      18127.0  ms
success		1       58      2       13      2       0       76690.03  42      18127.0  ms
success		1       59      3       10      3       0       75175.21  41      18127.0  ms
success		1       60      1       19      1       0       72651.11  40      18127.0  ms
success		1       61      3       14      3       0       70993.45  39      18127.0  ms
success		1       62      2       12      2       0       69516.02  38      18127.0  ms
success		1       63      2       5       2       0       67343.35  37      18127.0  ms
success		1       64      4       26      4       0       65203.52  36      18127.0  ms
success		1       65      4       31      4       0       62729.39  35      18127.0  ms
success		1       66      5       2       5       0       61408.10  34      18127.0  ms
success		1       67      2       5       2       0       60854.71  33      18127.0  ms
success		1       68      1       29      1       0       60600.83  32      18127.0  ms
success		1       69      2       21      2       0       58784.61  31      18127.0  ms
success		1       70      4       28      4       0       56474.90  30      18127.0  ms
success		1       71      2       24      2       0       54584.27  29      18127.0  ms
success		1       72      5       2       5       0       52056.52  28      18127.0  ms
success		1       73      3       12      3       0       49295.14  27      18127.0  ms
success		1       74      3       23      3       0       47949.46  26      18127.0  ms
success		1       75      5       6       5       0       45942.30  25      18127.0  ms
success		1       76      4       3       4       0       43495.05  24      18127.0  ms
success		1       77      2       4       2       0       41212.39  23      18127.0  ms
success		1       78      4       16      4       0       39986.33  22      18127.0  ms
success		1       79      5       8       5       0       38720.28  21      18127.0  ms
success		1       80      5       9       5       0       36553.83  20      18127.0  ms
success		1       81      5       18      5       0       35117.58  19      18127.0  ms
success		1       82      7       11      7       0       31973.99  18      18127.0  ms
success		1       83      4       4       4       0       29537.82  17      18127.0  ms
success		1       84      5       15      5       0       28071.57  16      18127.0  ms
success		1       85      6       5       6       0       25088.12  15      18127.0  ms
success		1       86      5       10      5       0       22766.12  14      18127.0  ms
success		1       87      7       6       7       0       20754.20  13      18127.0  ms
success		1       88      10      9       9       0       18774.67  12      18127.0  ms
success		1       89      12      7       11      0       16436.35  11      18142.0  ms
success		1       90      10      8       10      0       13351.75  10      18142.0  ms
success		1       91      30      3       12      0       11665.63  9       18205.0  ms
success		1       92      116     0       11      0       8835.38   8       18641.0  ms
success		1       0       1       37      1       0       168773.32 100     23914.0  ms
success		1       1       1       95      1       0       167546.02 99      23914.0  ms
success		1       2       1       35      1       0       165859.07 98      23914.0  ms
success		1       3       1       1       1       0       163227.33 97      23914.0  ms
success		1       4       1       63      1       0       161741.46 96      23914.0  ms
success		1       5       1       42      1       0       161006.86 95      23914.0  ms
success		1       6       1       44      1       0       160489.49 94      23914.0  ms
success		1       7       1       84      1       0       160145.84 93      23914.0  ms
success		1       8       1       36      1       0       158799.59 92      23914.0  ms
success		1       9       1       48      1       0       156358.19 91      23914.0  ms
success		1       10      1       39      1       0       154028.75 90      23914.0  ms
success		1       11      1       73      1       0       151548.14 89      23914.0  ms
success		1       12      1       61      1       0       150231.67 88      23914.0  ms
success		1       13      1       41      1       0       149371.00 87      23914.0  ms
success		1       14      2       42      2       0       148760.47 86      23914.0  ms
success		1       15      1       41      1       0       146253.95 85      23914.0  ms
success		1       16      1       50      1       0       143973.51 84      23914.0  ms
success		1       17      1       34      1       0       143618.79 83      23914.0  ms
success		1       18      1       73      1       0       142178.22 82      23914.0  ms
success		1       19      1       61      1       0       141436.90 81      23914.0  ms
success		1       20      2       25      2       0       139651.19 80      23914.0  ms
success		1       21      1       34      1       0       137340.16 79      23914.0  ms
success		1       22      3       75      3       0       135470.06 78      23914.0  ms
success		1       23      1       37      1       0       132513.00 77      23914.0  ms
success		1       24      1       64      1       0       131386.72 76      23914.0  ms
success		1       25      1       62      1       0       130606.82 75      23914.0  ms
success		1       26      1       31      1       0       129947.42 74      23914.0  ms
success		1       27      1       58      1       0       128527.72 73      23914.0  ms
success		1       28      1       34      1       0       126310.83 72      23914.0  ms
success		1       29      1       16      1       0       124343.64 71      23914.0  ms
success		1       30      1       66      1       0       122876.55 70      23914.0  ms
success		1       31      1       27      1       0       122500.44 69      23914.0  ms
success		1       32      2       19      2       0       121597.52 68      23914.0  ms
success		1       33      2       12      2       0       119561.47 67      23914.0  ms
success		1       34      1       27      1       0       118357.67 66      23914.0  ms
success		1       35      2       56      2       0       116499.96 65      23914.0  ms
success		1       36      1       51      1       0       113543.26 64      23914.0  ms
success		1       37      1       41      1       0       112509.02 63      23914.0  ms
success		1       38      1       9       1       0       111141.31 62      23914.0  ms
success		1       39      1       49      1       0       108585.48 61      23914.0  ms
success		1       40      1       39      1       0       108177.85 60      23914.0  ms
success		1       41      1       31      1       0       106229.57 59      23914.0  ms
success		1       42      1       53      1       0       104752.65 58      23914.0  ms
success		1       43      3       28      3       0       103413.88 57      23914.0  ms
success		1       44      2       29      2       0       101000.15 56      23914.0  ms
success		1       45      4       47      4       0       99704.52  55      23914.0  ms
success		1       46      2       10      2       0       97865.69  54      23914.0  ms
success		1       47      3       35      3       0       96844.23  53      23914.0  ms
success		1       48      2       22      2       0       94191.28  52      23914.0  ms
success		1       49      1       23      1       0       93855.73  51      23914.0  ms
success		1       50      4       18      4       0       92798.83  50      23914.0  ms
success		1       51      1       23      1       0       90057.90  49      23914.0  ms
success		1       52      2       0       2       0       88097.20  48      23914.0  ms
success		1       53      1       34      1       0       86198.36  47      23914.0  ms
success		1       54      1       24      1       0       84537.43  46      23914.0  ms
success		1       55      5       19      5       0       83994.32  45      23914.0  ms
success		1       56      1       27      1       0       81941.17  44      23914.0  ms
success		1       57      2       2       2       0       79282.07  43      23914.0  ms
success		1       58      2       0       2       0       76329.87  42      23914.0  ms
success		1       59      2       9       2       0       73894.05  41      23914.0  ms
success		1       60      2       10      2       0       71368.33  40      23914.0  ms
success		1       61      2       12      2       0       69541.80  39      23914.0  ms
success		1       62      3       24      3       0       68244.19  38      23914.0  ms
success		1       63      2       2       2       0       66881.34  37      23914.0  ms
success		1       64      2       13      2       0       65927.23  36      23914.0  ms
success		1       65      4       15      4       0       63670.03  35      23914.0  ms
success		1       66      1       12      1       0       62015.99  34      23914.0  ms
success		1       67      3       2       3       0       60181.68  33      23914.0  ms
success		1       68      4       17      4       0       58243.87  32      23914.0  ms
success		1       69      3       20      3       0       57494.52  31      23914.0  ms
success		1       70      2       14      2       0       55414.98  30      23914.0  ms
success		1       71      2       1       2       0       54764.67  29      23914.0  ms
success		1       72      4       14      4       0       52240.91  28      23914.0  ms
success		1       73      2       4       2       0       50597.78  27      23914.0  ms
success		1       74      1       9       1       0       48009.32  26      23914.0  ms
success		1       75      5       14      5       0       46713.68  25      23914.0  ms
success		1       76      2       9       2       0       44800.61  24      23914.0  ms
success		1       77      3       7       3       0       43328.79  23      23914.0  ms
success		1       78      5       4       5       0       41032.93  22      23914.0  ms
success		1       79      2       9       2       0       39113.52  21      23914.0  ms
success		1       80      6       15      6       0       37818.99  20      23914.0  ms
success		1       81      5       0       5       0       35052.86  19      23914.0  ms
success		1       82      6       14      6       0       32338.99  18      23914.0  ms
success		1       83      7       10      7       0       29933.93  17      23914.0  ms
success		1       84      4       11      4       0       27553.80  16      23914.0  ms
success		1       85      6       3       6       0       25478.80  15      23914.0  ms
success		1       86      7       7       6       0       24250.20  14      23930.0  ms
success		1       87      8       9       8       0       21113.66  13      23930.0  ms
success		1       88      8       12      6       0       19133.63  12      23930.0  ms
success		1       89      10      10      8       0       16118.08  11      23930.0  ms
success		1       90      11      3       11      0       13425.40  10      23945.0  ms
success		1       91      18      4       10      0       11512.20  9       23961.0  ms
success		1       92      147     5       11      0       8440.05   8       24772.0  ms
success		1       0       1       6       1       0       168341.87 100     29031.0  ms
success		1       1       1       76      1       0       166183.14 99      29031.0  ms
success		1       2       1       73      1       0       165769.19 98      29031.0  ms
success		1       3       1       72      1       0       164795.79 97      29031.0  ms
success		1       4       1       37      1       0       164360.93 96      29031.0  ms
success		1       5       1       53      1       0       162393.58 95      29031.0  ms
success		1       6       1       59      1       0       161765.08 94      29031.0  ms
success		1       7       1       54      1       0       159221.82 93      29031.0  ms
success		1       8       1       49      1       0       157006.91 92      29031.0  ms
success		1       9       1       65      1       0       155493.40 91      29031.0  ms
success		1       10      1       76      1       0       153505.51 90      29031.0  ms
success		1       11      1       14      1       0       150993.47 89      29031.0  ms
success		1       12      1       34      1       0       150451.60 88      29031.0  ms
success		1       13      1       12      1       0       149120.40 87      29031.0  ms
success		1       14      1       33      1       0       147903.61 86      29031.0  ms
success		1       15      1       32      1       0       146265.62 85      29031.0  ms
success		1       16      1       45      1       0       143519.98 84      29031.0  ms
success		1       17      2       37      2       0       141904.30 83      29031.0  ms
success		1       18      1       13      1       0       141597.40 82      29031.0  ms
success		1       19      1       30      1       0       140695.67 81      29031.0  ms
success		1       20      1       21      1       0       139929.68 80      29031.0  ms
success		1       21      1       79      1       0       138629.68 79      29031.0  ms
success		1       22      1       46      1       0       137088.39 78      29031.0  ms
success		1       23      1       67      1       0       135849.26 77      29031.0  ms
success		1       24      1       17      1       0       133604.90 76      29031.0  ms
success		1       25      1       49      1       0       131210.82 75      29031.0  ms
success		1       26      3       38      3       0       128526.67 74      29031.0  ms
success		1       27      1       65      1       0       126220.52 73      29031.0  ms
success		1       28      1       72      1       0       125412.75 72      29031.0  ms
success		1       29      1       37      1       0       122974.73 71      29031.0  ms
success		1       30      1       29      1       0       120527.46 70      29031.0  ms
success		1       31      1       63      1       0       118850.57 69      29031.0  ms
success		1       32      3       17      3       0       117729.94 68      29031.0  ms
success		1       33      3       6       3       0       118365.34 67      29031.0  ms
success		1       34      1       3       1       0       117933.89 66      29031.0  ms
success		1       35      2       4       2       0       115182.44 65      29031.0  ms
success		1       36      1       18      1       0       112922.39 64      29031.0  ms
success		1       37      1       55      1       0       111671.74 63      29031.0  ms
success		1       38      3       54      3       0       110408.66 62      29031.0  ms
success		1       39      1       43      1       0       109052.60 61      29031.0  ms
success		1       40      1       1       1       0       106386.75 60      29031.0  ms
success		1       41      2       16      2       0       104821.13 59      29031.0  ms
success		1       42      1       9       1       0       102934.44 58      29031.0  ms
success		1       43      2       45      2       0       102218.09 57      29031.0  ms
success		1       44      2       25      2       0       99375.24  56      29031.0  ms
success		1       45      1       3       1       0       98054.90  55      29031.0  ms
success		1       46      3       34      3       0       95712.42  54      29031.0  ms
success		1       47      2       34      2       0       94591.32  53      29031.0  ms
success		1       48      1       26      1       0       93645.78  52      29031.0  ms
success		1       49      2       23      2       0       90947.58  51      29031.0  ms
success		1       50      3       47      3       0       88649.46  50      29031.0  ms
success		1       51      2       10      2       0       86785.08  49      29031.0  ms
success		1       52      2       36      2       0       85284.16  48      29031.0  ms
success		1       53      3       6       3       0       84036.99  47      29031.0  ms
success		1       54      4       11      4       0       82762.36  46      29031.0  ms
success		1       55      3       13      3       0       80961.71  45      29031.0  ms
success		1       56      2       40      2       0       78994.20  44      29031.0  ms
success		1       57      1       32      1       0       77242.81  43      29031.0  ms
success		1       58      1       5       1       0       75072.28  42      29031.0  ms
success		1       59      1       11      1       0       72964.91  41      29031.0  ms
success		1       60      3       3       3       0       72915.18  40      29031.0  ms
success		1       61      3       25      3       0       71299.61  39      29031.0  ms
success		1       62      3       15      3       0       69176.89  38      29031.0  ms
success		1       63      3       24      3       0       66784.85  37      29031.0  ms
success		1       64      4       2       4       0       64996.81  36      29031.0  ms
success		1       65      6       5       6       0       64573.52  35      29031.0  ms
success		1       66      3       28      3       0       62965.80  34      29031.0  ms
success		1       67      2       33      2       0       62220.82  33      29031.0  ms
success		1       68      4       11      4       0       60225.75  32      29031.0  ms
success		1       69      2       11      2       0       58195.12  31      29031.0  ms
success		1       70      4       6       4       0       56314.93  30      29031.0  ms
success		1       71      2       0       2       0       54830.80  29      29031.0  ms
success		1       72      4       19      4       0       53279.02  28      29031.0  ms
success		1       73      2       13      2       0       50685.57  27      29031.0  ms
success		1       74      2       14      2       0       49604.86  26      29031.0  ms
success		1       75      5       25      5       0       47310.90  25      29031.0  ms
success		1       76      5       24      5       0       45391.16  24      29031.0  ms
success		1       77      4       16      4       0       43611.86  23      29031.0  ms
success		1       78      3       1       3       0       42279.72  22      29046.0  ms
success		1       79      6       19      6       0       39835.63  21      29046.0  ms
success		1       80      3       2       3       0       37473.42  20      29046.0  ms
success		1       81      2       12      2       0       34940.65  19      29046.0  ms
success		1       82      6       11      6       0       32383.81  18      29046.0  ms
success		1       83      8       14      8       0       29833.60  17      29046.0  ms
success		1       84      6       8       6       0       27740.86  16      29046.0  ms
success		1       85      5       0       5       0       25500.19  15      29046.0  ms
success		1       86      6       6       6       0       23181.70  14      29046.0  ms
success		1       87      8       12      6       0       21931.06  13      29046.0  ms
success		1       88      8       9       8       0       18370.62  12      29046.0  ms
success		1       89      14      1       12      0       15822.24  11      29046.0  ms
success		1       90      11      5       10      0       13814.79  10      29046.0  ms
success		1       91      27      0       10      0       11492.38  9       29109.0  ms
success		1       92      218     0       13      0       8337.43   8       30076.0  ms
cross iterater0
rand   	success		7756.27   8288.04   8       35130.0  ms cross
rand   	success		8276.03   9149.10   8       36004.0  ms cross
ab
ab6	2
fail		7726.55   8659.93   8       41651.0  ms
cross iterater1
ab
ab7	3
fail		7726.55   8659.93   8       47797.0  ms
cross iterater2
rand   	success		7815.44   8436.15   8       48109.0  ms cross
rand   	success		7912.66   8740.27   8       48796.0  ms cross
ab
ab7	2
fail		6433.06   8335.67   8       53897.0  ms
fail		7815.44   8745.56   8       59903.0  ms
cross iterater3
rand   	success		6778.37   8352.04   8       59903.0  ms cross
rand   	success		8123.65   8725.41   8       60340.0  ms cross
ab
ab7	4
fail		7877.76   8786.43   8       66361.0  ms
cross iterater4
ab
ab6	2
fail		6720.87   8071.80   8       70948.0  ms
fail		7726.55   8659.93   8       75206.0  ms
cross iterater5
rand   	success		8721.94   9219.24   8       75971.0  ms cross
rand   	success		7835.55   8781.63   8       76407.0  ms cross
ab
ab6	2
ab7	0
cross iterater6
rand   	success		7511.87   8189.90   8       76485.0  ms cross
rand   	success		7734.43   8486.68   8       76579.0  ms cross
ab
fail		7560.72   8532.64   8       81009.0  ms
cross iterater7
ab
ab7	4
fail		6714.82   8900.31   8       86485.0  ms
cross iterater8
ab
ab6	1
fail		6508.02   8344.73   8       92350.0  ms
cross iterater9
rand   	success		8286.00   8403.00   8       92475.0  ms cross
rand   	success		8345.03   8856.06   8       92522.0  ms cross
ab
ab6	4
fail		7842.78   8523.57   8       95424.0  ms
cross iterater10
rand   	success		8202.99   8562.19   8       95455.0  ms cross
rand   	success		8554.86   9037.63   8       95642.0  ms cross
ab
ab6	1
ab7	4
fail		8286.00   8855.33   8       99433.0  ms
cross iterater11
rand   	success		7812.18   8738.34   8       99651.0  ms cross
rand   	success		8247.41   8523.74   8       99760.0  ms cross
ab
ab6	1
fail		7073.80   8627.19   8       104269.0 ms
fail		8247.41   8999.55   8       108699.0 ms
cross iterater12
ab
ab6	2
ab7	5
cross iterater13
rand   	success		8223.23   8540.09   8       108839.0 ms cross
rand   	success		8222.31   8785.42   8       108902.0 ms cross
ab
ab6	1
ab7	5
fail		8134.76   9037.53   8       113956.0 ms
cross iterater14
ab
ab7	0
cross iterater15
rand   	success		8239.49   8687.80   8       114237.0 ms cross
rand   	success		7844.36   8686.12   8       115610.0 ms cross
ab
ab6	2
ab7	1
fail		6460.69   8295.59   8       120851.0 ms
cross iterater16
rand   	success		8250.00   8649.19   8       121257.0 ms cross
rand   	success		8168.63   8604.52   8       121553.0 ms cross
ab
ab6	2
ab7	3
cross iterater17
rand   	success		7976.11   8613.62   8       121772.0 ms cross
rand   	success		8566.33   8941.76   8       122037.0 ms cross
ab
ab6	2
ab7	0
fail		6892.54   8425.80   8       127154.0 ms
cross iterater18
ab
ab6	2
ab7	4
fail		6460.69   8295.59   8       132317.0 ms
cross iterater19
rand   	success		8008.09   8468.27   8       133862.0 ms cross
rand   	success		7964.76   8712.96   8       134298.0 ms cross
ab
ab6	0
ab7	2
cross iterater20
rand   	
rand   	success		7670.85   8646.26   8       139103.0 ms cross
ab
ab6	4
ab7	2
cross iterater21
rand   	success		7841.03   8607.92   8       139899.0 ms cross
rand   	success		8281.59   8735.20   8       140070.0 ms cross
ab
ab6	2
ab7	5
cross iterater22
rand   	success		7935.42   8751.77   8       140585.0 ms cross
rand   	success		7848.65   8707.52   8       142129.0 ms cross
ab
ab6	4
ab7	3
fail		6482.63   8168.17   8       146950.0 ms
cross iterater23
rand   	success		8075.81   8781.36   8       148026.0 ms cross
rand   	success		7718.19   8575.34   8       148479.0 ms cross
ab
ab7	0
ab6	4
cross iterater24
rand   	success		7879.44   8809.53   8       149134.0 ms cross
rand   	success		7953.82   9192.20   8       149539.0 ms cross
ab
ab6	5
ab7	0
fail		6792.44   8596.49   8       154141.0 ms
fail		6712.05   8518.11   8       158728.0 ms
cross iterater25
rand   	success		8128.91   8418.92   8       159040.0 ms cross
rand   	success		8213.56   8706.29   8       160178.0 ms cross
ab
ab6	5
ab7	4
fail		7873.03   8907.59   8       166808.0 ms
cross iterater26
ab
ab6	3
ab7	2
fail		6796.35   9011.19   8       169757.0 ms
cross iterater27
ab
ab6	3
cross iterater28
rand   	success		8497.08   8850.92   8       170022.0 ms cross
rand   	success		7824.58   8197.17   8       170287.0 ms cross
ab
ab6	2
ab7	0
fail		6625.86   8363.89   8       176184.0 ms
cross iterater29
rand   	success		8031.73   9010.97   8       176995.0 ms cross
rand   	success		8056.16   8327.22   8       177089.0 ms cross
ab
ab6	3
ab7	5
fail		7905.81   8894.39   8       181082.0 ms
fail		6582.54   8625.25   8       184857.0 ms
cross iterater30
ab
ab6	5
ab7	4
fail		6679.49   8285.05   8       188258.0 ms
fail		6331.51   8287.63   8       193047.0 ms
cross iterater31
rand   	success		8542.32   9023.34   8       193484.0 ms cross
rand   	success		7990.30   8783.97   8       194264.0 ms cross
ab
ab6	3
ab7	1
fail		7489.83   8731.98   8       199100.0 ms
fail		7795.29   8788.09   8       204388.0 ms
fail		6582.70   8531.53   8       210379.0 ms
cross iterater32
rand   	success		7999.26   8455.86   8       210613.0 ms cross
rand   	success		8396.54   8523.61   8       210831.0 ms cross
ab
ab6	3
ab7	4
fail		8396.54   8929.41   8       218225.0 ms
fail		6443.48   8222.20   8       223685.0 ms
cross iterater33
rand   	success		7435.98   8382.08   8       223716.0 ms cross
rand   	success		7890.14   8549.67   8       223872.0 ms cross
ab
ab7	0
fail		7921.19   8852.84   8       228568.0 ms
fail		7890.14   8989.76   8       233856.0 ms
fail		6905.10   8334.33   8       239503.0 ms
cross iterater34
rand   	success		8058.39   8825.40   8       240018.0 ms cross
rand   	success		7830.37   8707.26   8       240720.0 ms cross
ab
ab7	3
cross iterater35
ab
ab7	0
fail		7969.61   8904.57   8       246742.0 ms
cross iterater36
rand   	success		8144.56   8779.00   8       247085.0 ms cross
rand   	success		7894.07   8659.15   8       247444.0 ms cross
ab
fail		6679.49   8285.05   8       253824.0 ms
fail		6905.10   8334.33   8       258660.0 ms
cross iterater37
rand   	success		7902.52   8865.41   8       258956.0 ms cross
rand   	success		8095.52   8613.03   8       259019.0 ms cross
ab
ab7	1
fail		8144.56   8846.74   8       263683.0 ms
cross iterater38
rand   	success		8244.92   8675.34   8       264073.0 ms cross
rand   	success		7768.27   8289.62   8       264775.0 ms cross
ab
ab6	1
fail		7894.07   9033.28   8       270375.0 ms
fail		7768.27   8755.73   8       275476.0 ms
cross iterater39
ab
ab6	3
fail		8244.92   9104.49   8       280484.0 ms
cross iterater40
rand   	success		7710.38   8428.80   8       280687.0 ms cross
rand   	success		8174.81   8875.16   8       281061.0 ms cross
ab
ab6	1
ab7	3
cross iterater41
rand   	success		7885.22   8506.00   8       281451.0 ms cross
rand   	success		7828.01   8525.52   8       281935.0 ms cross
ab
ab6	5
ab7	3
fail		6896.90   8336.13   8       286381.0 ms
fail		8364.83   9187.88   8       291357.0 ms
fail		8460.29   9298.10   8       298127.0 ms
cross iterater42
ab
ab7	3
ab6	5
fail		7204.74   8400.87   8       303307.0 ms
fail		7960.75   8751.24   8       308127.0 ms
fail		6798.41   8829.12   8       313696.0 ms
cross iterater43
rand   	success		8250.53   9258.10   8       314102.0 ms cross
rand   	success		8065.77   8795.80   8       314741.0 ms cross
ab
ab6	3
ab7	5
fail		6734.35   8280.07   8       319780.0 ms
fail		7675.92   8904.36   8       325021.0 ms
fail		6921.38   8669.66   8       331090.0 ms
fail		6976.03   8310.02   8       339217.0 ms
cross iterater44
rand   	success		7866.23   8341.25   8       339763.0 ms cross
rand   	success		7503.83   8560.58   8       340372.0 ms cross
ab
ab6	1
fail		6734.35   8280.07   8       346440.0 ms
fail		6976.03   8310.02   8       351307.0 ms
cross iterater45
rand   	success		7748.74   8980.26   8       351900.0 ms cross
rand   	success		8144.20   8811.78   8       352337.0 ms cross
ab
ab6	4
ab7	1
fail		7208.08   8983.63   8       357344.0 ms
cross iterater46
rand   	success		7736.41   8694.31   8       357563.0 ms cross
rand   	success		7982.13   8956.40   8       357750.0 ms cross
ab
ab7	0
fail		7070.10   8798.11   8       360854.0 ms
fail		6535.43   8160.10   8       364614.0 ms
cross iterater47
rand   	success		8279.64   8399.83   8       365191.0 ms cross
rand   	success		8464.53   8967.03   8       365300.0 ms cross
ab
ab7	3
ab6	0
cross iterater48
rand   	success		7536.62   8619.69   8       365831.0 ms cross
rand   	success		7396.97   8703.00   8       366002.0 ms cross
ab
ab7	0
fail		7917.49   8662.23   8       368935.0 ms
fail		6911.96   9038.19   8       375222.0 ms
cross iterater49
rand   	success		7994.66   8923.80   8       375783.0 ms cross
rand   	success		8666.65   8771.52   8       376017.0 ms cross
ab
ab6	0
ab7	4
fail		6786.00   8404.98   8       381399.0 ms
fail		7917.49   8662.23   8       387031.0 ms
cross iterater50
rand   	success		8665.54   8829.72   8       387842.0 ms cross
rand   	success		8152.64   8522.31   8       388091.0 ms cross
ab
ab6	3
ab7	5
cross iterater51
rand   	success		8105.76   8467.01   8       388887.0 ms cross
rand   	success		7904.11   8548.21   8       389324.0 ms cross
ab
ab6	4
cross iterater52
rand   	success		7659.27   8758.37   8       389792.0 ms cross
rand   	success		8172.45   8839.55   8       390213.0 ms cross
ab
ab6	3
ab7	2
cross iterater53
rand   	success		8024.51   8194.13   8       390853.0 ms cross
rand   	success		7713.18   8627.41   8       391570.0 ms cross
ab
ab6	2
fail		6908.62   8367.59   8       397935.0 ms
fail		7904.11   8864.43   8       403036.0 ms
cross iterater54
rand   	success		8458.93   8621.97   8       403956.0 ms cross
rand   	success		8063.94   8723.16   8       404206.0 ms cross
ab
ab6	2
ab7	5
cross iterater55
ab
ab6	5
cross iterater56
ab
ab6	1
fail		6908.62   8367.59   8       409338.0 ms
cross iterater57
rand   	success		7328.54   8041.82   8       409806.0 ms cross
rand   	success		8329.94   8248.37   8       410571.0 ms cross
ab
fail		8329.94   8974.17   8       415906.0 ms
cross iterater58
rand   	success		8328.26   9252.85   8       416499.0 ms cross
rand   	success		8170.32   8793.84   8       416670.0 ms cross
ab
ab6	3
ab7	2
fail		6345.57   8531.17   8       422193.0 ms
cross iterater59
rand   	success		7691.26   8697.56   8       422926.0 ms cross
rand   	success		8401.27   8725.02   8       422957.0 ms cross
ab
ab7	0
fail		6881.33   8281.76   8       428542.0 ms
cross iterater60
rand   	success		6547.67   8641.67   8       428557.0 ms cross
rand   	success		7711.72   8887.92   8       428869.0 ms cross
ab
ab6	4
fail		6881.33   8281.76   8       434906.0 ms
cross iterater61
ab
ab6	1
fail		8609.08   9131.59   8       439352.0 ms
fail		6426.00   8405.48   8       443954.0 ms
cross iterater62
rand   	success		7376.49   8475.82   8       444126.0 ms cross
rand   	success		7733.65   8764.19   8       444266.0 ms cross
ab
ab6	1
fail		7376.49   8633.59   8       448260.0 ms
cross iterater63
rand   	success		8173.67   8732.42   8       448556.0 ms cross
rand   	success		8147.22   9087.69   8       449679.0 ms cross
ab
ab6	4
ab7	1
fail		6881.33   8281.76   8       454250.0 ms
cross iterater64
ab
ab6	3
ab7	5
fail		7114.15   8358.72   8       459320.0 ms
fail		8426.35   9069.73   8       463828.0 ms
fail		6610.65   7856.86   8       469881.0 ms
cross iterater65
rand   	success		7339.09   8179.40   8       469881.0 ms cross
rand   	success		8491.83   9066.60   8       470068.0 ms cross
ab
ab6	3
cross iterater66
ab
fail		8230.43   8951.95   8       473407.0 ms
cross iterater67
rand   	success		7932.40   8431.35   8       473625.0 ms cross
rand   	success		7400.25   8349.57   8       474452.0 ms cross
ab
ab7	0
cross iterater68
ab
ab7	4
fail		8148.90   8947.03   8       479569.0 ms
fail		8276.01   8919.39   8       484873.0 ms
cross iterater69
rand   	success		7751.90   9019.81   8       485263.0 ms cross
rand   	success		7631.52   8231.60   8       485621.0 ms cross
ab
ab7	0
fail		6610.65   7856.86   8       492704.0 ms
cross iterater70
rand   	success		7598.33   8516.53   8       493000.0 ms cross
rand   	success		7941.58   8965.26   8       493218.0 ms cross
ab
ab6	3
ab7	1
fail		6864.11   8414.76   8       497243.0 ms
cross iterater71
rand   	success		7775.02   8757.35   8       498054.0 ms cross
rand   	success		7738.85   8431.21   8       498538.0 ms cross
ab
ab7	0
fail		7631.52   8617.06   8       505168.0 ms
cross iterater72
rand   	success		8069.17   8826.18   8       505917.0 ms cross
rand   	success		8016.00   8399.56   8       506104.0 ms cross
ab
ab6	2
ab7	1
fail		6864.11   8414.76   8       510503.0 ms
cross iterater73
rand   	success		7807.71   8804.97   8       510940.0 ms cross
rand   	success		8179.03   9082.15   8       511189.0 ms cross
ab
ab6	4
ab7	1
fail		6065.95   8651.40   8       517305.0 ms
cross iterater74
ab
ab6	4
fail		7770.13   9063.07   8       520846.0 ms
fail		6947.31   8613.91   8       525042.0 ms
fail		6610.65   7856.86   8       530299.0 ms
cross iterater75
ab
ab7	0
fail		7408.20   8348.39   8       535120.0 ms
cross iterater76
rand   	success		8200.68   8722.33   8       535291.0 ms cross
rand   	success		7760.77   8668.77   8       536071.0 ms cross
ab
ab7	4
ab6	3
fail		7409.42   8701.96   8       541391.0 ms
fail		7408.20   8348.39   8       545727.0 ms
cross iterater77
rand   	success		7509.21   9006.05   8       546086.0 ms cross
rand   	success		7774.23   8509.48   8       546258.0 ms cross
ab
ab6	1
fail		6864.11   8414.76   8       552545.0 ms
cross iterater78
ab
fail		7175.24   8715.05   8       558566.0 ms
cross iterater79
rand   	success		7929.99   8385.54   8       559003.0 ms cross
rand   	success		7305.35   8311.48   8       559284.0 ms cross
ab
ab6	1
fail		6718.63   8214.58   8       563527.0 ms
fail		7479.76   8554.31   8       567364.0 ms
fail		7305.35   8607.52   8       572153.0 ms
cross iterater80
rand   	success		7827.96   8708.35   8       572231.0 ms cross
rand   	success		8170.52   8228.06   8       572465.0 ms cross
ab
ab6	5
ab7	1
fail		6576.75   8417.03   8       577551.0 ms
fail		7479.76   8554.31   8       583557.0 ms
fail		7929.99   8602.49   8       588128.0 ms
cross iterater81
rand   	success		8289.35   8949.43   8       588159.0 ms cross
rand   	success		7883.03   9036.60   8       589048.0 ms cross
ab
ab6	3
ab7	0
fail		6378.01   7951.78   8       594960.0 ms
cross iterater82
ab
ab6	2
fail		6829.23   8789.54   8       598080.0 ms
cross iterater83
rand   	success		8504.52   8979.21   8       598346.0 ms cross
rand   	success		7989.71   8311.62   8       598346.0 ms cross
ab
ab6	4
ab7	0
fail		6718.63   8214.58   8       602386.0 ms
cross iterater84
ab
ab7	4
cross iterater85
ab
ab7	2
fail		6718.63   8214.58   8       608454.0 ms
cross iterater86
rand   	success		7844.76   8714.50   8       609390.0 ms cross
rand   	success		8357.60   8972.42   8       609531.0 ms cross
ab
ab7	1
ab6	2
fail		7645.07   8530.24   8       615022.0 ms
cross iterater87
rand   	success		8007.03   8924.44   8       615303.0 ms cross
rand   	success		8254.00   8888.00   8       615334.0 ms cross
ab
ab7	0
ab6	1
cross iterater88
rand   	success		7962.17   8565.61   8       615349.0 ms cross
rand   	success		7522.75   8609.90   8       615365.0 ms cross
ab
ab6	4
ab7	1
cross iterater89
ab
ab6	2
fail		6703.11   8119.63   8       620107.0 ms
cross iterater90
rand   	success		7600.91   8362.84   8       620528.0 ms cross
rand   	success		7927.74   8747.56   8       620794.0 ms cross
ab
ab6	0
cross iterater91
rand   	success		8113.22   8412.67   8       621324.0 ms cross
rand   	success		8012.27   8546.45   8       622463.0 ms cross
ab
ab6	3
ab7	0
cross iterater92
rand   	success		7878.40   8791.16   8       622744.0 ms cross
rand   	success		8536.46   8854.77   8       623087.0 ms cross
ab
ab6	5
ab7	2
cross iterater93
rand   	success		8422.79   8929.90   8       624662.0 ms cross
rand   	success		7617.65   8554.78   8       625052.0 ms cross
ab
ab6	1
ab7	4
cross iterater94
rand   	success		8641.22   9235.69   8       625349.0 ms cross
rand   	success		8510.45   8757.87   8       625536.0 ms cross
ab
ab6	1
ab7	3
fail		7015.28   8701.56   8       630731.0 ms
fail		7384.52   8823.53   8       636331.0 ms
cross iterater95
rand   	
rand   	success		7335.80   8480.51   8       641713.0 ms cross
ab
ab6	3
fail		7611.96   8824.17   8       646253.0 ms
cross iterater96
rand   	success		8221.05   8597.64   8       646487.0 ms cross
rand   	success		8067.54   8551.99   8       646627.0 ms cross
ab
ab7	0
fail		6758.30   8984.44   8       651198.0 ms
cross iterater97
rand   	success		8614.46   8663.74   8       651650.0 ms cross
rand   	success		8494.24   8828.81   8       652056.0 ms cross
ab
ab7	0
fail		7072.39   8963.43   8       655503.0 ms
fail		7491.21   8794.69   8       659668.0 ms
fail		6616.73   9123.08   8       662508.0 ms
cross iterater98
ab
ab6	4
fail		8067.54   8898.12   8       665799.0 ms
cross iterater99
rand   	success		8654.11   9067.46   8       666064.0 ms cross
rand   	success		8127.90   8880.77   8       666376.0 ms cross
ab
ab6	4
fail		7491.21   8794.69   8       669637.0 ms
fail		8240.60   8846.50   8       673443.0 ms

R.size:8

1		196	107	142	65	41	148	2	138	162	108	126	25	145	90	71	179	89	19	5	117	17	124	55	154	51	105	201	83	
2		178	40	198	137	140	132	33	64	131	169	192	84	53	56	122	62	141	180	123	88	135	85	1	152	66	170	176	114	
3		144	42	10	182	110	184	6	29	128	48	3	177	191	134	150	151	97	31	181	146	195	44	101	106	158	163	21	159	
4		28	94	63	38	102	78	166	46	115	113	116	15	199	47	175	186	127	193	20	194	190	91	54	161	11	197	79	23	157	111	
5		167	104	119	8	98	76	18	174	57	22	73	77	12	43	202	27	24	92	121	130	74	120	125	109	14	149	129	36	
6		136	67	153	99	70	173	30	118	93	45	50	13	16	61	32	96	139	103	100	69	75	49	160	87	168	82	58	7	95	52	
7		171	59	86	39	164	26	188	35	143	60	133	187	72	80	37	185	172	81	112	156	4	34	68	165	
8		183	200	189	155	9	147	

data1/pdp200/LC2_2_7.txt
total_cost 6829.232373

