success		1       0       1       57      1       0       73523.33  100     16.0     ms
success		1       1       1       91      1       0       72929.62  99      16.0     ms
success		1       2       1       34      1       0       72399.57  98      16.0     ms
success		1       3       1       18      1       0       72172.97  97      16.0     ms
success		1       4       1       49      1       0       71874.19  96      16.0     ms
success		1       5       2       32      2       0       71764.26  95      16.0     ms
success		1       6       1       66      1       0       71517.26  94      16.0     ms
success		1       7       1       63      1       0       70534.15  93      16.0     ms
success		1       8       2       18      2       0       69853.99  92      16.0     ms
success		1       9       1       77      1       0       69476.58  91      16.0     ms
success		1       10      1       47      1       0       68786.83  90      16.0     ms
success		1       11      1       11      1       0       68571.07  89      16.0     ms
success		1       12      1       79      1       0       67396.95  88      16.0     ms
success		1       13      1       18      1       0       67097.10  87      16.0     ms
success		1       14      1       38      1       0       66595.08  86      16.0     ms
success		1       15      2       63      2       0       65056.22  85      16.0     ms
success		1       16      1       29      1       0       64725.67  84      16.0     ms
success		1       17      1       56      1       0       64599.36  83      16.0     ms
success		1       18      1       54      1       0       63901.71  82      16.0     ms
success		1       19      1       18      1       0       64004.63  81      16.0     ms
success		1       20      1       40      1       0       63695.52  80      16.0     ms
success		1       21      2       49      2       0       62737.10  79      16.0     ms
success		1       22      1       62      1       0       62690.15  78      16.0     ms
success		1       23      2       38      2       0       62359.44  77      16.0     ms
success		1       24      2       29      2       0       62336.55  76      16.0     ms
success		1       25      1       13      1       0       61055.74  75      16.0     ms
success		1       26      2       44      2       0       61101.88  74      16.0     ms
success		1       27      1       57      1       0       60833.53  73      16.0     ms
success		1       28      2       55      2       0       60396.29  72      16.0     ms
success		1       29      1       53      1       0       60098.25  71      16.0     ms
success		1       30      1       31      1       0       59827.70  70      16.0     ms
success		1       31      2       53      2       0       58983.85  69      16.0     ms
success		1       32      1       22      1       0       58857.75  68      16.0     ms
success		1       33      1       5       1       0       58830.03  67      16.0     ms
success		1       34      2       58      2       0       57361.20  66      16.0     ms
success		1       35      2       13      2       0       57387.82  65      16.0     ms
success		1       36      1       53      1       0       57184.02  64      16.0     ms
success		1       37      2       28      2       0       55986.50  63      16.0     ms
success		1       38      3       36      3       0       55606.79  62      16.0     ms
success		1       39      3       39      3       0       55156.75  61      16.0     ms
success		1       40      3       56      3       0       54614.39  60      16.0     ms
success		1       41      2       7       2       0       53413.49  59      16.0     ms
success		1       42      1       8       1       0       52671.19  58      16.0     ms
success		1       43      2       53      2       0       52251.56  57      16.0     ms
success		1       44      2       3       2       0       52119.51  56      16.0     ms
success		1       45      2       33      2       0       52102.14  55      16.0     ms
success		1       46      1       41      1       0       51062.50  54      16.0     ms
success		1       47      2       11      2       0       49354.52  53      31.0     ms
success		1       48      1       49      1       0       49208.45  52      31.0     ms
success		1       49      2       11      2       0       48899.97  51      31.0     ms
success		1       50      1       1       1       0       48335.80  50      31.0     ms
success		1       51      3       39      3       0       48035.65  49      31.0     ms
success		1       52      2       29      2       0       47408.63  48      31.0     ms
success		1       53      4       41      4       0       47028.57  47      31.0     ms
success		1       54      2       21      2       0       46815.31  46      31.0     ms
success		1       55      2       30      2       0       45876.24  45      31.0     ms
success		1       56      1       32      1       0       45817.29  44      31.0     ms
success		1       57      6       33      6       0       45865.19  43      31.0     ms
success		1       58      2       16      2       0       45296.30  42      31.0     ms
success		1       59      2       10      2       0       43923.57  41      31.0     ms
success		1       60      1       39      1       0       43626.87  40      31.0     ms
success		1       61      1       23      1       0       43367.74  39      31.0     ms
success		1       62      2       3       2       0       42723.88  38      31.0     ms
success		1       63      4       21      4       0       42015.24  37      31.0     ms
success		1       64      2       25      2       0       41459.80  36      31.0     ms
success		1       65      2       13      2       0       40900.40  35      31.0     ms
success		1       66      3       13      3       0       40599.94  34      31.0     ms
success		1       67      9       20      9       0       41339.71  33      31.0     ms
success		1       68      2       25      2       0       40944.14  32      31.0     ms
success		1       69      2       27      2       0       40488.35  31      31.0     ms
success		1       70      5       11      5       0       39538.15  30      31.0     ms
success		1       71      4       21      4       0       39079.31  29      31.0     ms
success		1       72      4       18      4       0       39100.96  28      31.0     ms
success		1       73      4       20      4       0       38258.25  27      31.0     ms
success		1       74      2       18      2       0       37367.84  26      31.0     ms
success		1       75      3       23      3       0       36360.63  25      31.0     ms
success		1       76      3       19      3       0       34974.33  24      31.0     ms
success		1       77      4       2       4       0       34210.63  23      31.0     ms
success		1       78      5       13      5       0       32844.15  22      31.0     ms
success		1       79      4       0       4       0       31916.36  21      31.0     ms
success		1       80      5       7       5       0       30553.50  20      31.0     ms
success		1       81      7       7       7       0       28532.80  19      31.0     ms
success		1       82      8       8       8       0       27337.38  18      47.0     ms
success		1       83      5       10      5       0       26168.46  17      47.0     ms
success		1       84      6       2       6       0       25609.77  16      47.0     ms
success		1       85      7       4       7       0       24047.10  15      47.0     ms
success		1       86      8       5       8       0       22625.17  14      47.0     ms
success		1       87      8       11      6       0       22127.48  13      47.0     ms
success		1       88      9       3       7       0       20098.01  12      63.0     ms
success		1       89      12      6       8       0       18510.76  11      78.0     ms
success		1       90      10      1       8       0       16371.03  10      78.0     ms
success		1       91      15      6       10      0       15161.44  9       109.0    ms
success		1       92      44      5       12      0       13981.90  8       328.0    ms
success		1       93      87      7       12      0       11717.42  7       1217.0   ms
success		1       0       1       32      1       0       88233.62  100     25506.0  ms
success		1       1       1       13      1       0       87699.42  99      25506.0  ms
success		1       2       1       21      1       0       87542.88  98      25506.0  ms
success		1       3       1       79      1       0       86865.52  97      25506.0  ms
success		1       4       1       53      1       0       86502.57  96      25506.0  ms
success		1       5       1       53      1       0       85713.49  95      25506.0  ms
success		1       6       1       72      1       0       85398.85  94      25506.0  ms
success		1       7       1       0       1       0       83978.17  93      25506.0  ms
success		1       8       1       40      1       0       83542.10  92      25506.0  ms
success		1       9       1       44      1       0       83094.07  91      25506.0  ms
success		1       10      1       51      1       0       82508.11  90      25506.0  ms
success		1       11      1       35      1       0       81907.83  89      25506.0  ms
success		1       12      1       84      1       0       81727.39  88      25506.0  ms
success		1       13      1       56      1       0       81333.15  87      25506.0  ms
success		1       14      1       48      1       0       80699.52  86      25506.0  ms
success		1       15      1       58      1       0       80419.42  85      25506.0  ms
success		1       16      1       29      1       0       79833.75  84      25506.0  ms
success		1       17      1       9       1       0       79414.81  83      25506.0  ms
success		1       18      1       36      1       0       78541.23  82      25506.0  ms
success		1       19      1       62      1       0       77872.96  81      25506.0  ms
success		1       20      1       42      1       0       77318.35  80      25506.0  ms
success		1       21      1       10      1       0       76933.09  79      25506.0  ms
success		1       22      2       42      2       0       76315.23  78      25506.0  ms
success		1       23      1       68      1       0       75715.99  77      25506.0  ms
success		1       24      1       36      1       0       74623.39  76      25506.0  ms
success		1       25      1       22      1       0       73066.66  75      25506.0  ms
success		1       26      1       38      1       0       72489.05  74      25506.0  ms
success		1       27      2       10      2       0       71012.56  73      25506.0  ms
success		1       28      1       34      1       0       70351.24  72      25506.0  ms
success		1       29      1       23      1       0       69586.12  71      25506.0  ms
success		1       30      1       32      1       0       68820.90  70      25506.0  ms
success		1       31      2       49      2       0       68110.98  69      25506.0  ms
success		1       32      1       27      1       0       67607.95  68      25506.0  ms
success		1       33      1       30      1       0       66317.82  67      25506.0  ms
success		1       34      1       43      1       0       65833.56  66      25506.0  ms
success		1       35      1       50      1       0       65476.97  65      25506.0  ms
success		1       36      1       45      1       0       64197.95  64      25506.0  ms
success		1       37      1       53      1       0       63681.11  63      25506.0  ms
success		1       38      2       47      2       0       63119.32  62      25506.0  ms
success		1       39      2       24      2       0       62762.85  61      25506.0  ms
success		1       40      1       17      1       0       62153.48  60      25506.0  ms
success		1       41      1       39      1       0       60982.02  59      25506.0  ms
success		1       42      2       56      2       0       60212.73  58      25506.0  ms
success		1       43      2       19      2       0       60069.88  57      25506.0  ms
success		1       44      1       54      1       0       59870.10  56      25506.0  ms
success		1       45      2       21      2       0       59062.27  55      25506.0  ms
success		1       46      3       33      3       0       59009.82  54      25506.0  ms
success		1       47      1       15      1       0       57674.05  53      25506.0  ms
success		1       48      2       37      2       0       56485.23  52      25506.0  ms
success		1       49      2       18      2       0       55896.43  51      25506.0  ms
success		1       50      3       41      3       0       55720.20  50      25506.0  ms
success		1       51      3       37      3       0       55016.31  49      25506.0  ms
success		1       52      1       48      1       0       54490.08  48      25506.0  ms
success		1       53      4       31      4       0       53007.10  47      25506.0  ms
success		1       54      1       6       1       0       52660.92  46      25506.0  ms
success		1       55      4       25      4       0       51661.81  45      25506.0  ms
success		1       56      2       22      2       0       51247.09  44      25506.0  ms
success		1       57      1       27      1       0       50518.29  43      25506.0  ms
success		1       58      3       6       3       0       49239.40  42      25506.0  ms
success		1       59      3       3       3       0       48727.01  41      25506.0  ms
success		1       60      3       33      3       0       47559.43  40      25506.0  ms
success		1       61      3       12      3       0       46877.88  39      25506.0  ms
success		1       62      4       5       4       0       46278.66  38      25506.0  ms
success		1       63      2       19      2       0       44380.78  37      25506.0  ms
success		1       64      1       5       1       0       43644.56  36      25506.0  ms
success		1       65      1       24      1       0       43234.96  35      25506.0  ms
success		1       66      2       10      2       0       41437.36  34      25522.0  ms
success		1       67      4       26      4       0       39610.85  33      25522.0  ms
success		1       68      2       11      2       0       39024.06  32      25522.0  ms
success		1       69      4       24      4       0       37732.74  31      25522.0  ms
success		1       70      5       2       5       0       36812.02  30      25522.0  ms
success		1       71      5       0       5       0       36224.09  29      25522.0  ms
success		1       72      4       28      4       0       35248.10  28      25522.0  ms
success		1       73      2       15      2       0       34101.76  27      25522.0  ms
success		1       74      5       21      5       0       33657.99  26      25522.0  ms
success		1       75      3       8       3       0       33006.28  25      25522.0  ms
success		1       76      4       20      4       0       31740.80  24      25522.0  ms
success		1       77      4       7       4       0       30466.06  23      25522.0  ms
success		1       78      4       2       4       0       29710.15  22      25522.0  ms
success		1       79      4       16      4       0       28950.78  21      25522.0  ms
success		1       80      4       19      4       0       28301.39  20      25522.0  ms
success		1       81      5       4       5       0       26867.74  19      25522.0  ms
success		1       82      5       2       5       0       25358.27  18      25522.0  ms
success		1       83      6       7       6       0       24572.44  17      25522.0  ms
success		1       84      7       4       7       0       22952.28  16      25522.0  ms
success		1       85      7       4       7       0       22438.79  15      25522.0  ms
success		1       86      4       13      2       0       22203.53  14      25522.0  ms
success		1       87      7       13      5       0       22021.71  13      25522.0  ms
success		1       88      11      7       10      0       20066.60  12      25522.0  ms
success		1       89      8       7       6       0       17597.85  11      25537.0  ms
success		1       90      14      1       8       0       17388.87  10      25553.0  ms
success		1       91      12      0       10      0       15493.84  9       25553.0  ms
success		1       92      23      0       13      0       13612.31  8       25600.0  ms
success		1       93      72      6       14      0       12176.40  7       26052.0  ms
success		1       0       1       61      1       0       88412.28  100     53913.0  ms
success		1       1       1       62      1       0       88032.88  99      53913.0  ms
success		1       2       1       41      1       0       87719.99  98      53913.0  ms
success		1       3       1       19      1       0       87015.62  97      53913.0  ms
success		1       4       1       46      1       0       86920.20  96      53913.0  ms
success		1       5       1       39      1       0       86303.96  95      53913.0  ms
success		1       6       2       70      2       0       86010.34  94      53913.0  ms
success		1       7       1       45      1       0       85414.15  93      53913.0  ms
success		1       8       1       7       1       0       85022.78  92      53913.0  ms
success		1       9       1       90      1       0       84381.27  91      53913.0  ms
success		1       10      1       86      1       0       83417.24  90      53913.0  ms
success		1       11      2       87      2       0       83209.39  89      53913.0  ms
success		1       12      1       2       1       0       82955.72  88      53913.0  ms
success		1       13      1       61      1       0       82684.91  87      53913.0  ms
success		1       14      1       11      1       0       82206.63  86      53913.0  ms
success		1       15      1       17      1       0       81392.84  85      53913.0  ms
success		1       16      1       48      1       0       80400.67  84      53913.0  ms
success		1       17      1       74      1       0       79235.34  83      53913.0  ms
success		1       18      1       73      1       0       78630.69  82      53913.0  ms
success		1       19      1       65      1       0       77949.09  81      53913.0  ms
success		1       20      1       29      1       0       77646.37  80      53913.0  ms
success		1       21      1       5       1       0       76953.05  79      53913.0  ms
success		1       22      2       45      2       0       76364.79  78      53929.0  ms
success		1       23      2       1       2       0       74551.58  77      53929.0  ms
success		1       24      1       5       1       0       73149.84  76      53929.0  ms
success		1       25      1       42      1       0       72461.60  75      53929.0  ms
success		1       26      2       0       2       0       70762.39  74      53929.0  ms
success		1       27      2       49      2       0       69406.16  73      53929.0  ms
success		1       28      1       23      1       0       67930.51  72      53929.0  ms
success		1       29      1       69      1       0       67757.59  71      53929.0  ms
success		1       30      4       46      4       0       67237.47  70      53929.0  ms
success		1       31      1       7       1       0       66758.67  69      53929.0  ms
success		1       32      1       25      1       0       66236.06  68      53929.0  ms
success		1       33      2       50      2       0       65843.79  67      53929.0  ms
success		1       34      3       44      3       0       65280.84  66      53929.0  ms
success		1       35      1       44      1       0       64927.22  65      53929.0  ms
success		1       36      1       31      1       0       64121.76  64      53929.0  ms
success		1       37      1       59      1       0       63659.83  63      53929.0  ms
success		1       38      2       18      2       0       63146.29  62      53929.0  ms
success		1       39      3       60      3       0       62147.38  61      53929.0  ms
success		1       40      2       41      2       0       61799.63  60      53929.0  ms
success		1       41      3       20      3       0       61248.01  59      53929.0  ms
success		1       42      1       41      1       0       60471.57  58      53929.0  ms
success		1       43      1       15      1       0       60048.25  57      53929.0  ms
success		1       44      3       18      3       0       59139.38  56      53929.0  ms
success		1       45      2       16      2       0       57979.88  55      53929.0  ms
success		1       46      1       12      1       0       57856.05  54      53929.0  ms
success		1       47      2       45      2       0       57433.38  53      53929.0  ms
success		1       48      2       49      2       0       57358.08  52      53929.0  ms
success		1       49      3       35      3       0       56863.62  51      53929.0  ms
success		1       50      3       50      3       0       55967.13  50      53929.0  ms
success		1       51      2       15      2       0       54734.96  49      53929.0  ms
success		1       52      1       37      1       0       54318.02  48      53929.0  ms
success		1       53      2       18      2       0       53085.92  47      53929.0  ms
success		1       54      2       18      2       0       52489.96  46      53929.0  ms
success		1       55      2       31      2       0       51723.32  45      53929.0  ms
success		1       56      3       34      3       0       51297.92  44      53929.0  ms
success		1       57      3       18      3       0       50148.11  43      53929.0  ms
success		1       58      1       32      1       0       48749.29  42      53929.0  ms
success		1       59      2       34      2       0       47643.81  41      53929.0  ms
success		1       60      2       38      2       0       47239.48  40      53929.0  ms
success		1       61      2       26      2       0       46686.41  39      53929.0  ms
success		1       62      4       23      4       0       46908.89  38      53929.0  ms
success		1       63      1       0       1       0       46282.13  37      53929.0  ms
success		1       64      3       30      3       0       45038.38  36      53929.0  ms
success		1       65      3       32      3       0       44692.60  35      53929.0  ms
success		1       66      3       27      3       0       44305.03  34      53929.0  ms
success		1       67      3       33      3       0       42719.80  33      53929.0  ms
success		1       68      5       29      5       0       40970.26  32      53929.0  ms
success		1       69      7       4       7       0       39768.23  31      53929.0  ms
success		1       70      4       30      4       0       39236.92  30      53929.0  ms
success		1       71      3       7       3       0       38445.95  29      53929.0  ms
success		1       72      3       1       3       0       37605.81  28      53929.0  ms
success		1       73      3       11      3       0       35731.92  27      53929.0  ms
success		1       74      3       5       3       0       34583.37  26      53929.0  ms
success		1       75      3       11      3       0       33579.81  25      53929.0  ms
success		1       76      2       22      2       0       32501.74  24      53929.0  ms
success		1       77      5       16      5       0       31717.07  23      53929.0  ms
success		1       78      4       19      4       0       30118.96  22      53929.0  ms
success		1       79      7       20      7       0       29643.17  21      53929.0  ms
success		1       80      5       4       5       0       28155.55  20      53929.0  ms
success		1       81      4       16      4       0       27570.12  19      53929.0  ms
success		1       82      5       5       5       0       26172.10  18      53929.0  ms
success		1       83      8       10      8       0       25055.10  17      53929.0  ms
success		1       84      5       11      5       0       23697.02  16      53929.0  ms
success		1       85      8       15      6       0       25268.83  15      53929.0  ms
success		1       86      5       9       5       0       22998.10  14      53929.0  ms
success		1       87      10      13      10      0       20452.23  13      53929.0  ms
success		1       88      11      12      7       0       18194.63  12      53944.0  ms
success		1       89      13      9       12      0       18717.44  11      53944.0  ms
success		1       90      18      3       15      0       16455.78  10      53944.0  ms
success		1       91      22      2       14      0       15320.37  9       53976.0  ms
success		1       92      18      8       13      0       12920.86  8       53976.0  ms
success		1       93      80      1       12      0       11105.50  7       54678.0  ms
success		1       0       1       7       1       0       88508.06  100     67048.0  ms
success		1       1       1       53      1       0       87638.81  99      67048.0  ms
success		1       2       1       79      1       0       87478.25  98      67048.0  ms
success		1       3       1       95      1       0       87077.90  97      67048.0  ms
success		1       4       1       58      1       0       86339.52  96      67048.0  ms
success		1       5       1       30      1       0       85967.57  95      67048.0  ms
success		1       6       1       19      1       0       85139.14  94      67048.0  ms
success		1       7       1       20      1       0       85065.42  93      67048.0  ms
success		1       8       1       54      1       0       84489.92  92      67048.0  ms
success		1       9       1       70      1       0       83934.56  91      67048.0  ms
success		1       10      1       79      1       0       83442.02  90      67048.0  ms
success		1       11      1       57      1       0       82826.26  89      67048.0  ms
success		1       12      1       62      1       0       82660.11  88      67048.0  ms
success		1       13      1       70      1       0       82022.83  87      67048.0  ms
success		1       14      1       17      1       0       81662.59  86      67048.0  ms
success		1       15      1       74      1       0       81342.62  85      67048.0  ms
success		1       16      1       76      1       0       80576.18  84      67048.0  ms
success		1       17      1       82      1       0       79791.07  83      67048.0  ms
success		1       18      1       75      1       0       78249.76  82      67048.0  ms
success		1       19      1       44      1       0       77620.13  81      67048.0  ms
success		1       20      1       23      1       0       76125.61  80      67048.0  ms
success		1       21      1       56      1       0       75743.68  79      67048.0  ms
success		1       22      1       74      1       0       75323.00  78      67048.0  ms
success		1       23      1       40      1       0       74989.92  77      67048.0  ms
success		1       24      1       62      1       0       74462.45  76      67048.0  ms
success		1       25      1       39      1       0       73941.79  75      67064.0  ms
success		1       26      1       55      1       0       73515.55  74      67064.0  ms
success		1       27      2       42      2       0       72024.72  73      67064.0  ms
success		1       28      2       5       2       0       71511.63  72      67064.0  ms
success		1       29      1       41      1       0       70447.87  71      67064.0  ms
success		1       30      2       4       2       0       70010.79  70      67064.0  ms
success		1       31      2       6       2       0       69096.55  69      67064.0  ms
success		1       32      1       35      1       0       68563.76  68      67064.0  ms
success		1       33      1       64      1       0       68042.10  67      67064.0  ms
success		1       34      3       50      3       0       67055.82  66      67064.0  ms
success		1       35      1       43      1       0       66633.19  65      67064.0  ms
success		1       36      1       46      1       0       66332.86  64      67064.0  ms
success		1       37      2       40      2       0       65394.91  63      67064.0  ms
success		1       38      3       45      3       0       65116.34  62      67064.0  ms
success		1       39      1       53      1       0       64471.50  61      67064.0  ms
success		1       40      1       39      1       0       63663.61  60      67064.0  ms
success		1       41      3       15      3       0       62906.12  59      67064.0  ms
success		1       42      1       10      1       0       61398.06  58      67064.0  ms
success		1       43      1       11      1       0       60597.75  57      67064.0  ms
success		1       44      3       5       3       0       60078.88  56      67064.0  ms
success		1       45      1       34      1       0       59599.57  55      67064.0  ms
success		1       46      1       40      1       0       58730.34  54      67064.0  ms
success		1       47      1       32      1       0       58608.81  53      67064.0  ms
success		1       48      1       16      1       0       58136.72  52      67064.0  ms
success		1       49      1       5       1       0       57252.75  51      67064.0  ms
success		1       50      1       38      1       0       55345.14  50      67064.0  ms
success		1       51      1       9       1       0       54311.97  49      67064.0  ms
success		1       52      3       26      3       0       53685.80  48      67064.0  ms
success		1       53      3       17      3       0       53144.25  47      67064.0  ms
success		1       54      2       26      2       0       51890.21  46      67064.0  ms
success		1       55      1       30      1       0       51056.10  45      67064.0  ms
success		1       56      3       24      3       0       50239.30  44      67064.0  ms
success		1       57      3       22      3       0       49796.43  43      67064.0  ms
success		1       58      2       42      2       0       49162.57  42      67064.0  ms
success		1       59      2       0       2       0       47944.77  41      67064.0  ms
success		1       60      2       17      2       0       46927.27  40      67064.0  ms
success		1       61      2       15      2       0       45951.02  39      67064.0  ms
success		1       62      1       25      1       0       45038.17  38      67064.0  ms
success		1       63      1       6       1       0       44399.58  37      67064.0  ms
success		1       64      2       18      2       0       43801.67  36      67064.0  ms
success		1       65      3       10      3       0       43366.21  35      67064.0  ms
success		1       66      1       28      1       0       42602.40  34      67064.0  ms
success		1       67      2       23      2       0       41664.39  33      67064.0  ms
success		1       68      3       17      3       0       40218.38  32      67064.0  ms
success		1       69      2       3       2       0       38822.49  31      67064.0  ms
success		1       70      2       16      2       0       38259.45  30      67064.0  ms
success		1       71      3       13      3       0       37207.39  29      67064.0  ms
success		1       72      6       9       6       0       35922.60  28      67064.0  ms
success		1       73      4       2       4       0       34833.73  27      67064.0  ms
success		1       74      3       25      3       0       34965.02  26      67064.0  ms
success		1       75      1       1       1       0       34785.03  25      67064.0  ms
success		1       76      1       14      1       0       34137.01  24      67064.0  ms
success		1       77      7       7       7       0       33497.32  23      67064.0  ms
success		1       78      4       18      4       0       32442.04  22      67064.0  ms
success		1       79      3       5       3       0       31401.88  21      67064.0  ms
success		1       80      5       7       5       0       29860.01  20      67064.0  ms
success		1       81      6       8       6       0       28727.53  19      67064.0  ms
success		1       82      7       13      7       0       27063.73  18      67064.0  ms
success		1       83      6       3       6       0       25882.98  17      67064.0  ms
success		1       84      7       0       7       0       24232.94  16      67064.0  ms
success		1       85      6       2       6       0       22732.02  15      67064.0  ms
success		1       86      8       7       7       0       22633.39  14      67064.0  ms
success		1       87      7       8       7       0       20435.84  13      67064.0  ms
success		1       88      5       4       5       0       18757.59  12      67064.0  ms
success		1       89      8       4       8       0       17257.15  11      67064.0  ms
success		1       90      11      8       9       0       15666.37  10      67079.0  ms
success		1       91      29      0       12      0       15730.50  9       67126.0  ms
success		1       92      19      2       9       0       13454.75  8       67189.0  ms
success		1       93      61      1       12      0       11860.97  7       67625.0  ms
success		1       0       1       34      1       0       88286.68  100     81228.0  ms
success		1       1       1       98      1       0       87357.30  99      81228.0  ms
success		1       2       1       18      1       0       86955.03  98      81228.0  ms
success		1       3       1       57      1       0       86331.15  97      81228.0  ms
success		1       4       1       56      1       0       85632.21  96      81228.0  ms
success		1       5       1       57      1       0       85238.70  95      81228.0  ms
success		1       6       2       64      2       0       84039.79  94      81228.0  ms
success		1       7       1       60      1       0       83862.00  93      81228.0  ms
success		1       8       1       78      1       0       83252.15  92      81228.0  ms
success		1       9       1       6       1       0       82811.03  91      81228.0  ms
success		1       10      1       55      1       0       81482.85  90      81228.0  ms
success		1       11      1       23      1       0       80993.44  89      81228.0  ms
success		1       12      1       50      1       0       80392.79  88      81228.0  ms
success		1       13      2       56      2       0       80300.24  87      81228.0  ms
success		1       14      1       78      1       0       79007.69  86      81228.0  ms
success		1       15      1       75      1       0       77716.48  85      81228.0  ms
success		1       16      1       44      1       0       77609.06  84      81228.0  ms
success		1       17      1       58      1       0       77133.66  83      81228.0  ms
success		1       18      2       2       2       0       76157.51  82      81228.0  ms
success		1       19      2       26      2       0       75316.80  81      81228.0  ms
success		1       20      1       31      1       0       74963.88  80      81228.0  ms
success		1       21      3       47      3       0       74235.75  79      81228.0  ms
success		1       22      1       74      1       0       72225.61  78      81228.0  ms
success		1       23      2       1       2       0       71354.64  77      81228.0  ms
success		1       24      2       24      2       0       69753.00  76      81228.0  ms
success		1       25      1       14      1       0       69522.97  75      81228.0  ms
success		1       26      1       24      1       0       68764.37  74      81228.0  ms
success		1       27      2       24      2       0       68222.93  73      81228.0  ms
success		1       28      1       21      1       0       67631.53  72      81228.0  ms
success		1       29      1       61      1       0       67386.82  71      81228.0  ms
success		1       30      1       21      1       0       67086.49  70      81228.0  ms
success		1       31      1       27      1       0       66703.15  69      81228.0  ms
success		1       32      1       54      1       0       66062.80  68      81228.0  ms
success		1       33      1       67      1       0       65544.27  67      81228.0  ms
success		1       34      1       24      1       0       65064.33  66      81228.0  ms
success		1       35      2       41      2       0       64712.03  65      81228.0  ms
success		1       36      1       55      1       0       64093.80  64      81228.0  ms
success		1       37      1       18      1       0       63410.81  63      81228.0  ms
success		1       38      2       22      2       0       62502.74  62      81228.0  ms
success		1       39      1       39      1       0       62157.94  61      81228.0  ms
success		1       40      1       31      1       0       61653.23  60      81228.0  ms
success		1       41      1       37      1       0       60900.00  59      81228.0  ms
success		1       42      3       48      3       0       59906.65  58      81228.0  ms
success		1       43      2       55      2       0       59310.29  57      81228.0  ms
success		1       44      2       40      2       0       58359.70  56      81228.0  ms
success		1       45      2       12      2       0       56949.32  55      81228.0  ms
success		1       46      2       26      2       0       55907.32  54      81228.0  ms
success		1       47      1       7       1       0       55402.79  53      81228.0  ms
success		1       48      3       25      3       0       54491.23  52      81228.0  ms
success		1       49      1       48      1       0       53246.47  51      81228.0  ms
success		1       50      1       21      1       0       52348.58  50      81228.0  ms
success		1       51      1       40      1       0       51833.89  49      81228.0  ms
success		1       52      1       48      1       0       51405.97  48      81228.0  ms
success		1       53      1       28      1       0       50780.93  47      81228.0  ms
success		1       54      2       39      2       0       50716.75  46      81228.0  ms
success		1       55      1       0       1       0       49558.66  45      81228.0  ms
success		1       56      4       23      4       0       48828.63  44      81228.0  ms
success		1       57      2       19      2       0       47880.10  43      81228.0  ms
success		1       58      2       5       2       0       46197.45  42      81228.0  ms
success		1       59      1       37      1       0       45804.35  41      81228.0  ms
success		1       60      3       34      3       0       44891.68  40      81228.0  ms
success		1       61      1       1       1       0       44498.57  39      81228.0  ms
success		1       62      4       1       4       0       44225.91  38      81228.0  ms
success		1       63      2       22      2       0       42923.77  37      81228.0  ms
success		1       64      5       21      5       0       41243.40  36      81228.0  ms
success		1       65      2       32      2       0       40148.20  35      81228.0  ms
success		1       66      1       22      1       0       39468.53  34      81228.0  ms
success		1       67      2       17      2       0       38597.07  33      81228.0  ms
success		1       68      1       0       1       0       38152.16  32      81228.0  ms
success		1       69      1       13      1       0       37839.48  31      81228.0  ms
success		1       70      4       21      4       0       36853.73  30      81228.0  ms
success		1       71      3       17      3       0       36201.56  29      81228.0  ms
success		1       72      4       28      4       0       35560.38  28      81228.0  ms
success		1       73      3       4       3       0       35006.71  27      81228.0  ms
success		1       74      4       23      4       0       34422.74  26      81228.0  ms
success		1       75      4       6       4       0       33061.37  25      81228.0  ms
success		1       76      3       14      3       0       32359.61  24      81228.0  ms
success		1       77      5       11      5       0       31618.46  23      81228.0  ms
success		1       78      4       3       4       0       31411.49  22      81228.0  ms
success		1       79      3       4       3       0       30769.02  21      81228.0  ms
success		1       80      9       18      9       0       29703.05  20      81228.0  ms
success		1       81      5       5       5       0       28706.13  19      81228.0  ms
success		1       82      5       18      5       0       27637.94  18      81244.0  ms
success		1       83      6       1       6       0       25819.31  17      81244.0  ms
success		1       84      8       1       8       0       24281.94  16      81244.0  ms
success		1       85      7       3       7       0       22769.78  15      81244.0  ms
success		1       86      9       10      9       0       20964.53  14      81244.0  ms
success		1       87      8       9       7       0       21090.74  13      81244.0  ms
success		1       88      12      9       9       0       19877.66  12      81244.0  ms
success		1       89      11      0       7       0       18519.59  11      81244.0  ms
success		1       90      15      9       10      0       16626.49  10      81260.0  ms
success		1       91      11      6       9       0       15958.13  9       81260.0  ms
success		1       92      38      0       12      0       14335.40  8       81416.0  ms
success		1       93      87      4       11      0       12396.07  7       82118.0  ms
success		1       94      364     2       14      0       10404.51  6       85440.0  ms
success		1       0       1       93      1       0       88279.15  100     120571.0 ms
success		1       1       1       73      1       0       86340.09  99      120571.0 ms
success		1       2       1       63      1       0       85791.29  98      120571.0 ms
success		1       3       1       5       1       0       85497.91  97      120571.0 ms
success		1       4       1       75      1       0       84839.26  96      120571.0 ms
success		1       5       1       30      1       0       84543.58  95      120571.0 ms
success		1       6       1       65      1       0       83819.28  94      120571.0 ms
success		1       7       2       69      2       0       82433.92  93      120571.0 ms
success		1       8       1       52      1       0       81934.38  92      120571.0 ms
success		1       9       1       30      1       0       81444.17  91      120571.0 ms
success		1       10      3       88      3       0       79826.87  90      120571.0 ms
success		1       11      2       12      2       0       79363.35  89      120571.0 ms
success		1       12      1       44      1       0       79243.09  88      120571.0 ms
success		1       13      1       15      1       0       78659.73  87      120571.0 ms
success		1       14      1       33      1       0       78233.61  86      120571.0 ms
success		1       15      2       21      2       0       78985.67  85      120571.0 ms
success		1       16      1       68      1       0       78514.27  84      120571.0 ms
success		1       17      1       43      1       0       77930.20  83      120571.0 ms
success		1       18      1       26      1       0       76994.12  82      120571.0 ms
success		1       19      2       16      2       0       77235.85  81      120571.0 ms
success		1       20      2       79      2       0       76365.91  80      120571.0 ms
success		1       21      2       65      2       0       75121.98  79      120571.0 ms
success		1       22      1       64      1       0       75015.43  78      120571.0 ms
success		1       23      1       76      1       0       74614.10  77      120571.0 ms
success		1       24      1       45      1       0       73889.36  76      120571.0 ms
success		1       25      3       43      3       0       72797.43  75      120571.0 ms
success		1       26      1       67      1       0       72255.11  74      120571.0 ms
success		1       27      2       44      2       0       71567.53  73      120571.0 ms
success		1       28      2       71      2       0       70996.98  72      120571.0 ms
success		1       29      1       4       1       0       70418.90  71      120587.0 ms
success		1       30      1       13      1       0       69769.59  70      120587.0 ms
success		1       31      1       49      1       0       69515.76  69      120587.0 ms
success		1       32      1       55      1       0       69082.20  68      120587.0 ms
success		1       33      1       33      1       0       68253.23  67      120587.0 ms
success		1       34      1       42      1       0       67949.81  66      120587.0 ms
success		1       35      2       65      2       0       66582.00  65      120587.0 ms
success		1       36      1       19      1       0       65982.33  64      120587.0 ms
success		1       37      4       46      4       0       65680.92  63      120587.0 ms
success		1       38      5       38      5       0       65008.86  62      120587.0 ms
success		1       39      1       59      1       0       64348.78  61      120587.0 ms
success		1       40      3       39      3       0       63499.94  60      120587.0 ms
success		1       41      1       47      1       0       62451.16  59      120587.0 ms
success		1       42      1       46      1       0       61706.93  58      120587.0 ms
success		1       43      1       4       1       0       61109.55  57      120587.0 ms
success		1       44      1       56      1       0       59913.09  56      120587.0 ms
success		1       45      2       40      2       0       59309.00  55      120587.0 ms
success		1       46      2       13      2       0       57694.98  54      120587.0 ms
success		1       47      3       0       3       0       57096.46  53      120587.0 ms
success		1       48      2       15      2       0       56350.73  52      120587.0 ms
success		1       49      1       20      1       0       55314.61  51      120587.0 ms
success		1       50      2       6       2       0       54581.82  50      120587.0 ms
success		1       51      1       34      1       0       54004.29  49      120587.0 ms
success		1       52      2       34      2       0       53112.40  48      120587.0 ms
success		1       53      2       38      2       0       52761.34  47      120587.0 ms
success		1       54      3       35      3       0       52360.80  46      120587.0 ms
success		1       55      4       40      4       0       50670.36  45      120587.0 ms
success		1       56      3       39      3       0       49051.60  44      120587.0 ms
success		1       57      2       11      2       0       48664.51  43      120587.0 ms
success		1       58      1       17      1       0       47873.57  42      120587.0 ms
success		1       59      2       24      2       0       46921.60  41      120587.0 ms
success		1       60      2       2       2       0       46269.34  40      120587.0 ms
success		1       61      1       8       1       0       44980.08  39      120587.0 ms
success		1       62      2       16      2       0       44685.05  38      120587.0 ms
success		1       63      4       7       4       0       42849.57  37      120587.0 ms
success		1       64      3       8       3       0       42365.74  36      120587.0 ms
success		1       65      4       20      4       0       41268.65  35      120587.0 ms
success		1       66      2       5       2       0       40765.19  34      120587.0 ms
success		1       67      2       20      2       0       40453.00  33      120587.0 ms
success		1       68      2       13      2       0       40163.73  32      120587.0 ms
success		1       69      3       3       3       0       39708.26  31      120587.0 ms
success		1       70      3       24      3       0       38629.62  30      120587.0 ms
success		1       71      4       22      4       0       37496.98  29      120587.0 ms
success		1       72      1       19      1       0       36574.43  28      120587.0 ms
success		1       73      4       5       4       0       36035.59  27      120587.0 ms
success		1       74      4       3       4       0       35360.27  26      120587.0 ms
success		1       75      4       19      4       0       34381.83  25      120587.0 ms
success		1       76      8       2       8       0       32731.12  24      120587.0 ms
success		1       77      7       23      7       0       31147.01  23      120587.0 ms
success		1       78      5       4       5       0       29100.16  22      120587.0 ms
success		1       79      2       2       2       0       29078.12  21      120587.0 ms
success		1       80      6       14      6       0       28385.30  20      120587.0 ms
success		1       81      5       4       5       0       26688.98  19      120587.0 ms
success		1       82      8       10      8       0       26240.12  18      120587.0 ms
success		1       83      6       14      6       0       24642.36  17      120587.0 ms
success		1       84      6       11      6       0       23910.04  16      120587.0 ms
success		1       85      6       8       6       0       22463.72  15      120587.0 ms
success		1       86      8       2       8       0       21112.51  14      120587.0 ms
success		1       87      7       3       7       0       19702.20  13      120587.0 ms
success		1       88      6       5       4       0       19451.53  12      120587.0 ms
success		1       89      7       6       6       0       18603.18  11      120602.0 ms
success		1       90      11      8       7       0       17417.72  10      120602.0 ms
success		1       91      11      9       8       0       15140.40  9       120618.0 ms
success		1       92      32      5       14      0       13427.02  8       120696.0 ms
success		1       93      83      0       11      0       11367.39  7       121257.0 ms
success		1       94      370     5       13      0       10371.01  6       125111.0 ms
cross iterater0
rand   	success		7860.54   11790.90  7       156607.0 ms cross
rand   	success		7542.43   11854.08  7       157636.0 ms cross
ab
ab6	1
success		7279.22   10305.38  6       162831.0 ms
cross iterater1
rand   	success		7429.15   12190.75  7       163502.0 ms cross
rand   	success		8296.08   11969.37  7       163892.0 ms cross
ab
ab6	1
ab7	3
fail		6673.46   10552.45  6       183969.0 ms
cross iterater2
rand   	success		7883.56   12065.36  7       184187.0 ms cross
rand   	fail		7245.73   10327.98  7       211565.0 ms cross
ab
ab6	0
success		7140.64   10244.44  6       226821.0 ms
cross iterater3
rand   	fail		6973.15   11909.49  7       254495.0 ms cross
rand   	fail		7299.61   11104.62  7       273824.0 ms cross
ab
fail		7098.36   11313.99  7       296662.0 ms
cross iterater4
rand   	success		7880.97   12570.87  7       296755.0 ms cross
rand   	fail		6778.58   11046.67  7       318735.0 ms cross
ab
ab7	0
cross iterater5
rand   	success		7899.91   11104.49  7       318751.0 ms cross
rand   	success		8138.57   11395.20  7       319219.0 ms cross
ab
ab6	1
ab7	5
fail		7279.22   10587.51  6       350731.0 ms
fail		6882.00   10653.66  7       380901.0 ms
cross iterater6
ab
cross iterater7
rand   	success		7833.78   11707.03  7       380916.0 ms cross
rand   	success		7445.42   12029.07  7       380916.0 ms cross
ab
ab6	4
ab7	1
fail		7359.26   11430.66  7       405985.0 ms
fail		6820.12   11320.52  7       445780.0 ms
success		6885.12   10158.54  6       450413.0 ms
cross iterater8
rand   	success		7745.67   11207.32  7       450444.0 ms cross
rand   	success		7786.91   11391.78  7       450912.0 ms cross
ab
ab6	4
ab7	3
cross iterater9
ab
ab7	4
success		6770.09   9889.46   6       463127.0 ms
success		6898.76   10227.02  6       465592.0 ms
success		6909.89   10345.83  6       466887.0 ms
fail		6885.12   10082.31  6       497244.0 ms
cross iterater10
rand   	success		7029.20   10229.12  6       502829.0 ms cross
rand   	success		6796.34   10307.96  6       505543.0 ms cross
ab
ab6	1
fail		6898.76   9887.98   6       534434.0 ms
fail		6885.12   10082.31  6       555572.0 ms
cross iterater11
ab
ab7	2
fail		6770.09   9790.04   6       577146.0 ms
cross iterater12
rand   	fail		7186.86   10806.90  7       610514.0 ms cross
rand   	success		6940.54   10022.03  6       611278.0 ms cross
ab
ab7	4
cross iterater13
rand   	success		6489.92   9698.58   6       623337.0 ms cross
rand   	fail		7193.39   10526.92  7       653226.0 ms cross
ab
ab7	1
fail		6745.15   10166.56  6       694644.0 ms
fail		6940.54   10253.60  6       729431.0 ms
cross iterater14
ab
ab7	2
fail		7001.98   10223.56  6       752425.0 ms
fail		6740.41   9529.49   6       788180.0 ms
fail		6898.76   9887.98   6       817711.0 ms
cross iterater15
rand   	success		6695.48   10327.40  6       818397.0 ms cross
rand   	success		7015.72   10411.71  6       819848.0 ms cross
ab
ab7	0
ab6	2
fail		7001.98   10223.56  6       839925.0 ms
cross iterater16
rand   	success		7181.63   10718.01  6       847257.0 ms cross
rand   	fail		7495.86   11842.10  7       874541.0 ms cross
ab
ab6	3
ab7	5
fail		6727.95   10247.44  6       902355.0 ms
fail		6771.70   10552.45  6       922962.0 ms
cross iterater17
ab
ab6	3
fail		6612.85   10499.25  6       960262.0 ms
fail		6858.16   9846.61   6       970760.0 ms
fail		6944.64   9683.53   6       993489.0 ms
cross iterater18
rand   	fail		7379.85   11101.81  7       1013987.0 ms cross
rand   	fail		7140.62   11144.80  7       1028464.0 ms cross
ab
ab6	2
ab7	0
fail		6858.16   9846.61   6       1061052.0 ms
fail		6944.64   9683.53   6       1090395.0 ms
cross iterater19
rand   	fail		6834.16   10666.13  7       1113171.0 ms cross
rand   	fail		7212.60   11440.29  7       1131282.0 ms cross
ab
ab6	1
ab7	2
fail		6612.85   10499.25  6       1160766.0 ms
fail		6858.16   9846.61   6       1177567.0 ms
cross iterater20
rand   	fail		6792.07   11442.09  7       1194430.0 ms cross
rand   	success		6764.81   10207.69  6       1196380.0 ms cross
ab
ab6	0
fail		6944.64   9683.53   6       1209640.0 ms
cross iterater21
rand   	fail		7465.01   11504.45  7       1221948.0 ms cross
rand   	success		6982.78   10108.85  6       1226847.0 ms cross
ab
ab6	3
fail		6764.81   10363.09  6       1245613.0 ms
cross iterater22
rand   	fail		7307.75   11325.04  7       1267843.0 ms cross
rand   	success		6820.40   9843.00   6       1279574.0 ms cross
ab
ab6	0
cross iterater23
rand   	fail		7193.45   11043.69  7       1295735.0 ms cross
rand   	fail		7054.21   10819.96  7       1310461.0 ms cross
ab
ab6	5
ab7	4
cross iterater24
rand   	fail		7296.45   11814.32  7       1349477.0 ms cross
rand   	fail		6822.83   11494.25  7       1378960.0 ms cross
ab
ab6	5
ab7	1
fail		6648.04   10433.34  6       1401689.0 ms
fail		6836.92   10102.95  6       1416712.0 ms
cross iterater25
ab
ab6	1
cross iterater26
rand   	fail		6640.59   10293.58  7       1435509.0 ms cross
rand   	fail		7563.77   11849.64  7       1452716.0 ms cross
ab
ab6	1
ab7	2
fail		7011.25   10488.07  6       1474587.0 ms
cross iterater27
rand   	fail		7066.06   11435.11  7       1496988.0 ms cross
rand   	success		6854.05   9685.95   6       1497004.0 ms cross
ab
ab6	5
ab7	3
cross iterater28
rand   	fail		7023.43   10958.21  7       1509858.0 ms cross
rand   	
ab
ab6	5
ab7	2
fail		6854.05   10164.00  6       1550464.0 ms
cross iterater29
rand   	fail		7083.67   10953.99  7       1565456.0 ms cross
rand   	success		6780.51   10115.53  6       1565471.0 ms cross
ab
ab6	4
ab7	3
fail		6780.51   10283.10  6       1591117.0 ms
cross iterater30
rand   	fail		7492.05   10937.79  7       1599963.0 ms cross
rand   	success		7086.58   10490.08  6       1602303.0 ms cross
ab
ab7	4
ab6	3
cross iterater31
rand   	success		7235.44   9839.22   6       1614985.0 ms cross
rand   	fail		7200.24   10604.58  7       1626654.0 ms cross
ab
ab7	1
cross iterater32
rand   	success		6565.20   10106.81  6       1635858.0 ms cross
rand   	success		6808.00   9910.13   6       1635858.0 ms cross
ab
ab7	3
fail		7028.57   10438.29  6       1660365.0 ms
cross iterater33
rand   	fail		7288.75   11155.84  7       1679662.0 ms cross
rand   	fail		7207.07   10634.66  7       1694357.0 ms cross
ab
ab6	2
ab7	4
fail		6808.00   9941.40   6       1715354.0 ms
cross iterater34
rand   	fail		7224.26   11469.20  7       1733278.0 ms cross
rand   	fail		7203.51   10933.44  7       1750735.0 ms cross
ab
ab6	1
ab7	3
fail		7109.02   9855.45   6       1770188.0 ms
fail		6565.20   10312.34  6       1790998.0 ms
cross iterater35
rand   	success		6729.74   10160.97  6       1798454.0 ms cross
rand   	success		6837.42   10281.91  6       1812213.0 ms cross
ab
ab6	3
ab7	4
cross iterater36
ab
ab6	5
ab7	2
fail		6929.22   10033.29  6       1853896.0 ms
fail		6746.68   10257.31  6       1899837.0 ms
cross iterater37
ab
ab6	2
ab7	4
fail		7109.02   9855.45   6       1934687.0 ms
fail		6854.71   10428.42  6       1960131.0 ms
cross iterater38
ab
ab6	4
fail		7037.94   10352.76  6       1999598.0 ms
fail		7120.92   10431.73  6       2027756.0 ms
cross iterater39
rand   	fail		7355.04   10593.78  7       2052123.0 ms cross
rand   	fail		7732.47   11338.60  7       2077379.0 ms cross
ab
ab6	0
ab7	5
fail		7079.81   10250.64  6       2106301.0 ms
cross iterater40
rand   	fail		7484.90   11279.06  7       2140542.0 ms cross
rand   	success		6987.02   10243.82  6       2151384.0 ms cross
ab
ab6	4
ab7	5
fail		7109.02   9855.45   6       2169059.0 ms
cross iterater41
rand   	fail		7248.10   11667.76  7       2196982.0 ms cross
rand   	fail		6977.05   11056.81  7       2214844.0 ms cross
ab
ab6	5
ab7	2
fail		6739.86   9942.97   6       2239320.0 ms
fail		7109.02   9855.45   6       2282984.0 ms
cross iterater42
rand   	fail		7387.17   11678.46  7       2309987.0 ms cross
rand   	fail		7052.40   10223.49  7       2337942.0 ms cross
ab
ab7	1
ab6	0
cross iterater43
rand   	success		6726.35   9809.15   6       2337942.0 ms cross
rand   	fail		6861.49   10778.71  7       2364290.0 ms cross
ab
ab7	4
fail		7077.82   10311.14  6       2396348.0 ms
fail		6988.88   10439.79  6       2414553.0 ms
cross iterater44
rand   	success		7040.07   10596.55  6       2428000.0 ms cross
rand   	fail		7583.98   11416.44  7       2450760.0 ms cross
ab
ab6	1
ab7	2
fail		7077.82   10311.14  6       2471055.0 ms
cross iterater45
rand   	fail		7516.14   11466.29  7       2491663.0 ms cross
rand   	success		6684.88   9852.58   6       2496015.0 ms cross
ab
ab6	5
ab7	3
cross iterater46
ab
ab7	4
ab6	2
fail		6684.88   9790.51   6       2522082.0 ms
fail		6726.35   9967.91   6       2547526.0 ms
cross iterater47
rand   	fail		7104.32   10888.74  7       2557587.0 ms cross
rand   	success		6825.79   9575.17   6       2557587.0 ms cross
ab
ab7	3
ab6	5
cross iterater48
rand   	fail		7138.55   10199.31  7       2569677.0 ms cross
rand   	fail		7342.68   11534.97  7       2591954.0 ms cross
ab
ab7	0
ab6	1
fail		6807.03   10102.95  6       2619331.0 ms
fail		6930.71   10585.89  6       2639112.0 ms
cross iterater49
rand   	success		7212.67   9954.54   6       2648831.0 ms cross
rand   	fail		7198.67   10573.41  7       2660811.0 ms cross
ab
ab6	5
ab7	2
fail		6991.03   10102.95  6       2673291.0 ms
cross iterater50
rand   	fail		6899.22   11253.22  7       2694320.0 ms cross
rand   	success		6850.77   10022.10  6       2694491.0 ms cross
ab
ab6	4
ab7	0
cross iterater51
rand   	fail		7405.54   10383.80  7       2707096.0 ms cross
rand   	fail		7262.36   10674.76  7       2722899.0 ms cross
ab
ab6	0
ab7	4
fail		6797.01   10478.40  6       2736346.0 ms
cross iterater52
ab
ab6	3
ab7	2
fail		6998.65   9889.61   6       2758497.0 ms
cross iterater53
ab
ab6	5
cross iterater54
rand   	fail		6984.11   10760.65  7       2769963.0 ms cross
rand   	success		6506.54   9998.72   6       2770884.0 ms cross
ab
ab6	2
ab7	5
fail		6769.44   10283.73  6       2785048.0 ms
fail		6998.65   9889.61   6       2804392.0 ms
cross iterater55
rand   	fail		7339.22   11044.26  7       2824453.0 ms cross
rand   	fail		7332.81   10776.58  7       2837417.0 ms cross
ab
ab6	5
ab7	2
fail		6961.29   10051.79  6       2852564.0 ms
cross iterater56
ab
ab6	2
fail		6928.98   10447.97  6       2875886.0 ms
fail		7085.76   10521.53  6       2902858.0 ms
cross iterater57
rand   	fail		6925.94   10696.73  7       2912374.0 ms cross
rand   	fail		7221.55   10814.74  7       2923387.0 ms cross
ab
ab6	0
ab7	4
fail		7256.48   10135.37  6       2948924.0 ms
fail		7248.75   10468.42  6       2966599.0 ms
fail		7212.67   10072.70  6       2984866.0 ms
fail		7178.06   10588.33  6       2999296.0 ms
cross iterater58
rand   	fail		7712.04   11216.36  7       3013804.0 ms cross
rand   	fail		6895.87   11488.46  7       3026595.0 ms cross
ab
ab6	1
ab7	5
fail		7256.48   10135.37  6       3051852.0 ms
cross iterater59
rand   	fail		6960.07   11907.61  7       3066859.0 ms cross
rand   	success		7412.93   9742.89   6       3073161.0 ms cross
ab
ab6	2
ab7	3
fail		6959.59   9793.21   6       3098058.0 ms
fail		6921.05   9744.37   6       3114048.0 ms
cross iterater60
rand   	fail		6759.15   11748.99  7       3125015.0 ms cross
rand   	fail		7260.54   11412.00  7       3150380.0 ms cross
ab
ab7	5
ab6	2
cross iterater61
rand   	success		7127.76   9639.12   6       3150395.0 ms cross
rand   	fail		7527.05   11027.80  7       3183935.0 ms cross
ab
ab7	4
ab6	3
cross iterater62
rand   	fail		7093.25   10065.72  7       3202265.0 ms cross
rand   	success		7228.16   10789.38  6       3202358.0 ms cross
ab
ab6	4
ab7	0
fail		6917.61   9851.86   6       3217709.0 ms
fail		7228.28   10360.93  6       3227318.0 ms
cross iterater63
rand   	success		6833.73   10186.09  6       3235820.0 ms cross
rand   	fail		7159.10   10903.96  7       3247894.0 ms cross
ab
ab6	0
ab7	3
cross iterater64
rand   	
rand   	fail		7469.44   10390.61  7       3283041.0 ms cross
ab
ab6	4
ab7	2
fail		7348.43   10310.78  6       3304365.0 ms
fail		6959.59   9793.21   6       3340479.0 ms
cross iterater65
rand   	
rand   	fail		7248.25   10866.75  7       3362802.0 ms cross
ab
ab7	2
ab6	4
cross iterater66
rand   	success		7043.39   10368.16  6       3365704.0 ms cross
rand   	success		6889.19   10018.60  6       3370150.0 ms cross
ab
ab7	3
fail		7347.63   10083.84  6       3382536.0 ms
fail		6889.19   10294.65  6       3408557.0 ms
cross iterater67
rand   	success		7093.21   10231.72  6       3409524.0 ms cross
rand   	
ab
ab7	4
fail		6954.51   10486.46  6       3437697.0 ms
fail		7000.96   10324.46  6       3458928.0 ms
cross iterater68
ab
ab7	0
fail		7093.21   10317.64  6       3479068.0 ms
fail		6889.19   10294.65  6       3496992.0 ms
cross iterater69
rand   	fail		7109.02   11349.24  7       3510283.0 ms cross
rand   	success		6736.20   10241.30  6       3510470.0 ms cross
ab
ab6	4
cross iterater70
ab
fail		7179.77   10162.78  6       3534634.0 ms
fail		6736.20   10293.81  6       3557878.0 ms
cross iterater71
rand   	fail		7259.51   11024.10  7       3577112.0 ms cross
rand   	success		6745.12   10067.51  6       3581621.0 ms cross
ab
ab7	2
fail		7166.44   9808.73   6       3599046.0 ms
fail		7000.96   10324.46  6       3616939.0 ms
cross iterater72

R.size:6

1		47	88	199	49	6	153	162	197	42	5	164	46	26	69	105	187	171	150	176	191	113	74	21	144	87	115	174	97	1	60	75	175	
2		92	142	163	28	179	169	147	31	56	99	65	112	168	160	109	189	173	129	3	44	41	106	194	123	137	81	107	55	193	34	2	120	146	39	148	202	
3		100	37	182	195	57	152	196	156	167	102	24	124	183	68	18	15	7	190	201	61	72	161	136	51	27	111	110	145	198	50	91	178	93	185	
4		140	54	155	84	118	127	59	143	9	12	108	128	53	38	32	29	89	86	23	114	188	139	125	151	94	101	52	117	166	22	95	90	116	80	70	126	158	83	30	64	
5		4	133	177	165	85	45	16	98	43	180	200	103	25	104	77	159	35	58	138	20	79	73	17	11	8	13	19	135	96	76	141	157	36	67	
6		48	131	149	63	172	181	14	78	132	130	40	119	184	170	10	122	62	134	186	192	71	121	33	154	82	66	

data1/pdp200/LRC2_2_5.txt
total_cost 6489.921703

