success		1       0       1       64      1       0       16843.86  104     78.0     ms
success		1       1       1       98      1       0       17035.06  103     78.0     ms
success		1       2       1       67      1       0       17143.08  102     78.0     ms
success		1       3       1       34      1       0       17185.13  101     78.0     ms
success		1       4       1       0       1       0       17261.41  100     78.0     ms
success		1       5       1       45      1       0       17239.64  99      78.0     ms
success		1       6       2       90      2       0       17213.66  98      78.0     ms
success		1       7       1       72      1       0       17289.56  97      78.0     ms
success		1       8       1       47      1       0       17415.28  96      78.0     ms
success		1       9       1       59      1       0       17568.76  95      78.0     ms
success		1       10      1       91      1       0       17711.45  94      78.0     ms
success		1       11      1       4       1       0       17575.27  93      78.0     ms
success		1       12      1       20      1       0       17383.21  92      78.0     ms
success		1       13      1       8       1       0       17489.49  91      78.0     ms
success		1       14      1       20      1       0       17523.78  90      78.0     ms
success		1       15      2       80      2       0       17615.53  89      78.0     ms
success		1       16      1       38      1       0       17471.62  88      94.0     ms
success		1       17      1       43      1       0       17443.57  87      94.0     ms
success		1       18      1       65      1       0       17173.43  86      94.0     ms
success		1       19      1       73      1       0       17238.26  85      94.0     ms
success		1       20      2       71      2       0       17060.87  84      94.0     ms
success		1       21      2       44      2       0       17240.68  83      94.0     ms
success		1       22      2       72      2       0       17366.69  82      94.0     ms
success		1       23      2       44      2       0       17467.72  81      94.0     ms
success		1       24      1       74      1       0       17622.48  80      94.0     ms
success		1       25      1       2       1       0       17595.72  79      94.0     ms
success		1       26      1       9       1       0       17736.91  78      94.0     ms
success		1       27      1       12      1       0       17704.67  77      94.0     ms
success		1       28      1       30      1       0       17875.39  76      94.0     ms
success		1       29      2       31      2       0       17871.07  75      94.0     ms
success		1       30      2       34      2       0       17968.12  74      94.0     ms
success		1       31      3       48      3       0       17816.77  73      94.0     ms
success		1       32      1       23      1       0       17895.11  72      94.0     ms
success		1       33      1       27      1       0       18130.83  71      94.0     ms
success		1       34      2       35      2       0       18193.65  70      94.0     ms
success		1       35      1       28      1       0       18200.38  69      94.0     ms
success		1       36      1       46      1       0       17586.39  68      94.0     ms
success		1       37      2       57      2       0       17739.43  67      94.0     ms
success		1       38      2       40      2       0       17581.81  66      94.0     ms
success		1       39      2       52      2       0       17607.63  65      94.0     ms
success		1       40      1       55      1       0       16865.55  64      94.0     ms
success		1       41      1       13      1       0       16745.15  63      94.0     ms
success		1       42      2       29      2       0       16217.02  62      94.0     ms
success		1       43      1       49      1       0       16147.50  61      94.0     ms
success		1       44      1       39      1       0       16197.94  60      94.0     ms
success		1       45      4       21      4       0       16351.31  59      94.0     ms
success		1       46      2       8       2       0       16107.37  58      94.0     ms
success		1       47      1       41      1       0       16259.03  57      94.0     ms
success		1       48      2       23      2       0       15857.68  56      94.0     ms
success		1       49      1       2       1       0       15912.01  55      94.0     ms
success		1       50      2       35      2       0       15934.15  54      94.0     ms
success		1       51      1       20      1       0       15905.89  53      94.0     ms
success		1       52      3       41      3       0       15664.39  52      94.0     ms
success		1       53      1       4       1       0       15736.51  51      94.0     ms
success		1       54      3       17      3       0       15570.89  50      94.0     ms
success		1       55      1       48      1       0       15346.39  49      94.0     ms
success		1       56      4       4       4       0       14634.97  48      94.0     ms
success		1       57      1       28      1       0       14649.20  47      109.0    ms
success		1       58      3       10      3       0       13856.42  46      109.0    ms
success		1       59      1       31      1       0       13795.28  45      109.0    ms
success		1       60      1       41      1       0       13826.91  44      109.0    ms
success		1       61      1       20      1       0       13991.22  43      109.0    ms
success		1       62      1       18      1       0       13636.47  42      109.0    ms
success		1       63      1       14      1       0       13300.47  41      109.0    ms
success		1       64      3       0       3       0       13364.80  40      109.0    ms
success		1       65      3       2       3       0       12822.95  39      109.0    ms
success		1       66      2       34      2       0       12994.62  38      109.0    ms
success		1       67      5       21      5       0       13649.87  37      109.0    ms
success		1       68      3       7       3       0       13825.85  36      109.0    ms
success		1       69      3       4       3       0       13539.37  35      109.0    ms
success		1       70      3       14      3       0       13648.86  34      109.0    ms
success		1       71      3       2       3       0       13859.45  33      109.0    ms
success		1       72      4       14      4       0       14290.64  32      109.0    ms
success		1       73      2       13      2       0       13536.96  31      109.0    ms
success		1       74      3       14      3       0       12655.58  30      109.0    ms
success		1       75      2       9       2       0       12435.89  29      109.0    ms
success		1       76      2       12      2       0       11543.20  28      109.0    ms
success		1       77      4       2       3       0       13704.39  27      109.0    ms
success		1       78      4       2       4       0       13037.75  26      109.0    ms
success		1       79      5       2       4       0       12066.01  25      125.0    ms
success		1       80      12      19      5       0       10754.97  24      141.0    ms
success		1       81      8       5       6       0       10385.22  23      141.0    ms
success		1       82      7       19      5       0       9362.60   22      141.0    ms
success		1       83      8       19      5       0       9207.06   21      156.0    ms
success		1       84      51      1       5       0       7374.28   20      281.0    ms
success		1       85      69      0       6       0       7240.38   19      406.0    ms
success		1       86      346     14      5       0       5481.19   18      1014.0   ms
success		1       0       1       6       1       0       29548.70  104     2091.0   ms
success		1       1       1       100     1       0       29416.97  103     2091.0   ms
success		1       2       1       5       1       0       29138.30  102     2091.0   ms
success		1       3       1       66      1       0       28943.42  101     2091.0   ms
success		1       4       1       25      1       0       28806.87  100     2091.0   ms
success		1       5       1       45      1       0       28614.14  99      2091.0   ms
success		1       6       1       53      1       0       28570.25  98      2091.0   ms
success		1       7       1       94      1       0       28415.49  97      2091.0   ms
success		1       8       1       67      1       0       28329.66  96      2091.0   ms
success		1       9       1       42      1       0       28169.04  95      2091.0   ms
success		1       10      1       46      1       0       27934.75  94      2091.0   ms
success		1       11      1       45      1       0       27838.73  93      2091.0   ms
success		1       12      1       43      1       0       27339.06  92      2091.0   ms
success		1       13      1       14      1       0       27035.69  91      2091.0   ms
success		1       14      2       56      2       0       26701.78  90      2091.0   ms
success		1       15      1       27      1       0       26619.82  89      2091.0   ms
success		1       16      1       36      1       0       26515.20  88      2091.0   ms
success		1       17      1       59      1       0       26441.22  87      2091.0   ms
success		1       18      1       54      1       0       26305.37  86      2091.0   ms
success		1       19      2       74      2       0       26228.66  85      2091.0   ms
success		1       20      1       57      1       0       25688.30  84      2091.0   ms
success		1       21      1       19      1       0       25330.23  83      2091.0   ms
success		1       22      1       43      1       0       25243.09  82      2091.0   ms
success		1       23      3       15      3       0       25289.43  81      2091.0   ms
success		1       24      1       1       1       0       25132.97  80      2091.0   ms
success		1       25      1       47      1       0       25011.47  79      2091.0   ms
success		1       26      1       0       1       0       24820.08  78      2091.0   ms
success		1       27      1       4       1       0       24652.60  77      2091.0   ms
success		1       28      1       47      1       0       24511.41  76      2091.0   ms
success		1       29      2       75      2       0       24421.59  75      2091.0   ms
success		1       30      2       9       2       0       24315.32  74      2091.0   ms
success		1       31      2       22      2       0       24127.36  73      2091.0   ms
success		1       32      2       15      2       0       23897.66  72      2091.0   ms
success		1       33      1       12      1       0       23908.73  71      2091.0   ms
success		1       34      2       68      2       0       23738.26  70      2091.0   ms
success		1       35      2       69      2       0       23231.49  69      2091.0   ms
success		1       36      1       41      1       0       22856.93  68      2091.0   ms
success		1       37      1       67      1       0       22124.34  67      2091.0   ms
success		1       38      1       20      1       0       22046.21  66      2091.0   ms
success		1       39      1       47      1       0       21845.67  65      2091.0   ms
success		1       40      2       48      2       0       21670.42  64      2091.0   ms
success		1       41      1       10      1       0       21689.85  63      2091.0   ms
success		1       42      2       13      2       0       21515.06  62      2091.0   ms
success		1       43      2       39      2       0       21193.76  61      2106.0   ms
success		1       44      1       55      1       0       20675.29  60      2106.0   ms
success		1       45      3       15      3       0       20617.15  59      2106.0   ms
success		1       46      3       5       3       0       20735.93  58      2106.0   ms
success		1       47      1       33      1       0       20589.77  57      2106.0   ms
success		1       48      1       3       1       0       20555.12  56      2106.0   ms
success		1       49      2       53      2       0       20582.56  55      2106.0   ms
success		1       50      2       24      2       0       20400.94  54      2106.0   ms
success		1       51      2       12      2       0       20264.12  53      2106.0   ms
success		1       52      1       6       1       0       19504.69  52      2106.0   ms
success		1       53      1       26      1       0       19175.66  51      2106.0   ms
success		1       54      2       46      2       0       19090.77  50      2106.0   ms
success		1       55      1       46      1       0       18765.45  49      2106.0   ms
success		1       56      2       5       2       0       18031.17  48      2106.0   ms
success		1       57      1       5       1       0       17844.68  47      2106.0   ms
success		1       58      5       39      5       0       18190.69  46      2106.0   ms
success		1       59      4       11      4       0       18047.23  45      2106.0   ms
success		1       60      1       24      1       0       18054.34  44      2106.0   ms
success		1       61      3       25      3       0       17779.78  43      2106.0   ms
success		1       62      3       39      3       0       17870.07  42      2106.0   ms
success		1       63      1       10      1       0       17292.88  41      2106.0   ms
success		1       64      2       16      2       0       17268.05  40      2106.0   ms
success		1       65      3       6       3       0       16792.91  39      2106.0   ms
success		1       66      3       27      3       0       16721.13  38      2106.0   ms
success		1       67      2       30      2       0       16385.28  37      2106.0   ms
success		1       68      3       19      3       0       16267.26  36      2106.0   ms
success		1       69      2       28      2       0       15888.55  35      2106.0   ms
success		1       70      3       32      3       0       15282.26  34      2106.0   ms
success		1       71      3       32      3       0       14744.30  33      2106.0   ms
success		1       72      3       13      3       0       14492.36  32      2106.0   ms
success		1       73      2       12      2       0       14046.77  31      2106.0   ms
success		1       74      2       11      2       0       13362.54  30      2106.0   ms
success		1       75      5       18      5       0       13110.41  29      2106.0   ms
success		1       76      3       2       3       0       12620.71  28      2106.0   ms
success		1       77      5       0       5       0       12478.22  27      2106.0   ms
success		1       78      6       7       5       0       12511.50  26      2106.0   ms
success		1       79      6       24      3       0       12353.21  25      2106.0   ms
success		1       80      4       9       3       0       11361.68  24      2106.0   ms
success		1       81      7       8       3       0       10626.45  23      2122.0   ms
success		1       82      8       19      5       0       9538.08   22      2122.0   ms
success		1       83      6       4       4       0       8434.38   21      2122.0   ms
success		1       84      36      9       5       0       7636.52   20      2169.0   ms
success		1       85      19      1       5       0       6362.94   19      2184.0   ms
success		1       86      465     1       5       0       5724.71   18      2949.0   ms
success		1       0       1       37      1       0       29592.04  104     3963.0   ms
success		1       1       1       7       1       0       29548.98  103     3963.0   ms
success		1       2       1       63      1       0       29392.31  102     3963.0   ms
success		1       3       1       80      1       0       29036.51  101     3963.0   ms
success		1       4       1       3       1       0       28340.14  100     3963.0   ms
success		1       5       1       79      1       0       28174.33  99      3963.0   ms
success		1       6       1       7       1       0       28090.88  98      3963.0   ms
success		1       7       1       10      1       0       28006.33  97      3963.0   ms
success		1       8       1       7       1       0       27846.41  96      3963.0   ms
success		1       9       1       80      1       0       27580.43  95      3963.0   ms
success		1       10      1       15      1       0       27457.19  94      3963.0   ms
success		1       11      1       20      1       0       27439.42  93      3963.0   ms
success		1       12      1       36      1       0       27455.79  92      3963.0   ms
success		1       13      1       75      1       0       27554.85  91      3963.0   ms
success		1       14      1       87      1       0       27530.22  90      3963.0   ms
success		1       15      1       39      1       0       27337.48  89      3963.0   ms
success		1       16      1       2       1       0       27209.89  88      3963.0   ms
success		1       17      1       76      1       0       26870.39  87      3963.0   ms
success		1       18      1       29      1       0       25997.34  86      3963.0   ms
success		1       19      1       29      1       0       25890.25  85      3963.0   ms
success		1       20      2       63      2       0       25608.39  84      3963.0   ms
success		1       21      1       28      1       0       25597.70  83      3963.0   ms
success		1       22      1       20      1       0       25365.28  82      3963.0   ms
success		1       23      1       69      1       0       25510.41  81      3963.0   ms
success		1       24      1       22      1       0       25393.30  80      3978.0   ms
success		1       25      3       50      3       0       24707.08  79      3978.0   ms
success		1       26      1       34      1       0       24611.06  78      3978.0   ms
success		1       27      1       32      1       0       24289.42  77      3978.0   ms
success		1       28      1       6       1       0       23822.63  76      3978.0   ms
success		1       29      2       8       2       0       23201.80  75      3978.0   ms
success		1       30      3       71      3       0       22611.90  74      3978.0   ms
success		1       31      2       24      2       0       22797.31  73      3978.0   ms
success		1       32      3       51      3       0       22838.28  72      3978.0   ms
success		1       33      1       65      1       0       22295.72  71      3978.0   ms
success		1       34      3       0       3       0       22229.17  70      3978.0   ms
success		1       35      3       46      3       0       22306.82  69      3978.0   ms
success		1       36      2       13      2       0       22536.49  68      3978.0   ms
success		1       37      1       24      1       0       22504.60  67      3978.0   ms
success		1       38      1       37      1       0       22360.38  66      3978.0   ms
success		1       39      2       25      2       0       22092.51  65      3978.0   ms
success		1       40      1       19      1       0       21920.35  64      3978.0   ms
success		1       41      2       40      2       0       21560.58  63      3978.0   ms
success		1       42      2       36      2       0       21535.31  62      3978.0   ms
success		1       43      1       7       1       0       21510.97  61      3978.0   ms
success		1       44      3       13      3       0       20911.30  60      3978.0   ms
success		1       45      1       2       1       0       20678.61  59      3978.0   ms
success		1       46      1       46      1       0       20538.47  58      3978.0   ms
success		1       47      1       23      1       0       20150.99  57      3978.0   ms
success		1       48      1       32      1       0       19952.76  56      3978.0   ms
success		1       49      1       37      1       0       19448.79  55      3978.0   ms
success		1       50      1       5       1       0       19447.53  54      3978.0   ms
success		1       51      2       5       2       0       19365.08  53      3978.0   ms
success		1       52      1       14      1       0       19055.62  52      3978.0   ms
success		1       53      1       44      1       0       18663.20  51      3978.0   ms
success		1       54      2       34      2       0       18753.14  50      3978.0   ms
success		1       55      2       0       2       0       18634.45  49      3978.0   ms
success		1       56      1       43      1       0       18552.41  48      3978.0   ms
success		1       57      2       7       2       0       18383.09  47      3978.0   ms
success		1       58      3       46      3       0       17970.64  46      3978.0   ms
success		1       59      4       45      4       0       17933.95  45      3978.0   ms
success		1       60      1       33      1       0       17602.06  44      3978.0   ms
success		1       61      1       41      1       0       16957.52  43      3978.0   ms
success		1       62      3       25      3       0       16220.37  42      3978.0   ms
success		1       63      1       29      1       0       15863.81  41      3978.0   ms
success		1       64      5       24      5       0       15923.12  40      3978.0   ms
success		1       65      4       35      4       0       15319.76  39      3978.0   ms
success		1       66      3       19      3       0       15398.32  38      3978.0   ms
success		1       67      4       15      4       0       14694.49  37      3978.0   ms
success		1       68      2       15      2       0       14393.69  36      3978.0   ms
success		1       69      1       32      1       0       13963.86  35      3978.0   ms
success		1       70      4       8       4       0       13938.99  34      3978.0   ms
success		1       71      4       18      4       0       13486.02  33      3978.0   ms
success		1       72      3       24      3       0       13692.31  32      3978.0   ms
success		1       73      4       28      4       0       13360.84  31      3978.0   ms
success		1       74      3       20      3       0       13022.93  30      3978.0   ms
success		1       75      3       7       3       0       12709.70  29      3978.0   ms
success		1       76      4       25      4       0       12465.80  28      3978.0   ms
success		1       77      6       3       4       0       13728.61  27      3978.0   ms
success		1       78      4       25      4       0       12873.41  26      3978.0   ms
success		1       79      6       8       5       0       11993.35  25      3978.0   ms
success		1       80      4       16      4       0       10897.38  24      3978.0   ms
success		1       81      9       12      6       0       10658.86  23      3994.0   ms
success		1       82      5       0       4       0       9316.70   22      3994.0   ms
success		1       83      15      6       4       0       8110.79   21      4009.0   ms
success		1       84      25      15      5       0       7994.98   20      4025.0   ms
success		1       85      40      3       6       0       6802.63   19      4072.0   ms
success		1       0       1       89      1       0       29281.81  104     4992.0   ms
success		1       1       2       0       2       0       29085.53  103     4992.0   ms
success		1       2       1       11      1       0       28577.97  102     4992.0   ms
success		1       3       1       54      1       0       28487.42  101     4992.0   ms
success		1       4       1       88      1       0       28361.70  100     4992.0   ms
success		1       5       2       79      2       0       28091.52  99      4992.0   ms
success		1       6       1       42      1       0       27986.83  98      4992.0   ms
success		1       7       1       27      1       0       27710.58  97      4992.0   ms
success		1       8       1       54      1       0       27583.49  96      4992.0   ms
success		1       9       1       57      1       0       27437.36  95      4992.0   ms
success		1       10      1       28      1       0       27161.43  94      4992.0   ms
success		1       11      1       54      1       0       27102.70  93      4992.0   ms
success		1       12      1       67      1       0       26945.79  92      4992.0   ms
success		1       13      1       12      1       0       26839.51  91      4992.0   ms
success		1       14      1       61      1       0       26754.96  90      4992.0   ms
success		1       15      1       86      1       0       26684.82  89      4992.0   ms
success		1       16      1       34      1       0       26577.73  88      4992.0   ms
success		1       17      1       87      1       0       26295.71  87      4992.0   ms
success		1       18      1       77      1       0       26111.16  86      4992.0   ms
success		1       19      1       74      1       0       25923.59  85      4992.0   ms
success		1       20      1       54      1       0       25556.77  84      4992.0   ms
success		1       21      1       28      1       0       25384.60  83      4992.0   ms
success		1       22      1       59      1       0       25298.77  82      4992.0   ms
success		1       23      1       7       1       0       25131.29  81      4992.0   ms
success		1       24      1       80      1       0       25344.56  80      4992.0   ms
success		1       25      1       65      1       0       25223.06  79      4992.0   ms
success		1       26      4       71      4       0       25541.82  78      4992.0   ms
success		1       27      1       27      1       0       25463.70  77      4992.0   ms
success		1       28      1       57      1       0       25372.73  76      4992.0   ms
success		1       29      3       11      3       0       25158.70  75      4992.0   ms
success		1       30      1       70      1       0       24986.85  74      4992.0   ms
success		1       31      2       64      2       0       24890.45  73      4992.0   ms
success		1       32      1       2       1       0       24492.54  72      4992.0   ms
success		1       33      1       59      1       0       24165.41  71      4992.0   ms
success		1       34      1       55      1       0       23880.38  70      4992.0   ms
success		1       35      1       26      1       0       23597.88  69      4992.0   ms
success		1       36      1       64      1       0       22964.09  68      4992.0   ms
success		1       37      3       42      3       0       22730.02  67      4992.0   ms
success		1       38      3       13      3       0       22616.00  66      4992.0   ms
success		1       39      2       4       2       0       22527.46  65      4992.0   ms
success		1       40      1       9       1       0       22470.79  64      4992.0   ms
success		1       41      1       38      1       0       22076.31  63      4992.0   ms
success		1       42      1       59      1       0       22017.97  62      4992.0   ms
success		1       43      1       43      1       0       21592.46  61      4992.0   ms
success		1       44      1       22      1       0       21543.42  60      4992.0   ms
success		1       45      2       16      2       0       21546.44  59      4992.0   ms
success		1       46      1       56      1       0       21296.26  58      4992.0   ms
success		1       47      2       4       2       0       21101.31  57      4992.0   ms
success		1       48      3       18      3       0       20589.67  56      4992.0   ms
success		1       49      3       26      3       0       20126.36  55      4992.0   ms
success		1       50      2       34      2       0       20378.69  54      4992.0   ms
success		1       51      2       36      2       0       20457.99  53      4992.0   ms
success		1       52      2       2       2       0       20297.11  52      4992.0   ms
success		1       53      1       26      1       0       20246.24  51      4992.0   ms
success		1       54      1       17      1       0       20169.85  50      4992.0   ms
success		1       55      2       23      2       0       20039.62  49      4992.0   ms
success		1       56      2       32      2       0       20135.43  48      4992.0   ms
success		1       57      1       47      1       0       19540.57  47      4992.0   ms
success		1       58      1       27      1       0       18909.76  46      4992.0   ms
success		1       59      2       28      2       0       18920.42  45      4992.0   ms
success		1       60      2       14      2       0       19045.90  44      4992.0   ms
success		1       61      1       20      1       0       18657.62  43      4992.0   ms
success		1       62      1       32      1       0       18746.69  42      4992.0   ms
success		1       63      1       12      1       0       18306.14  41      4992.0   ms
success		1       64      4       20      4       0       18063.10  40      4992.0   ms
success		1       65      1       6       1       0       17812.08  39      4992.0   ms
success		1       66      3       30      3       0       17180.68  38      4992.0   ms
success		1       67      3       10      3       0       17198.60  37      4992.0   ms
success		1       68      3       5       3       0       17036.70  36      5008.0   ms
success		1       69      3       15      3       0       16253.29  35      5008.0   ms
success		1       70      4       17      4       0       16051.97  34      5008.0   ms
success		1       71      3       0       3       0       15535.52  33      5008.0   ms
success		1       72      4       22      4       0       14801.12  32      5008.0   ms
success		1       73      4       5       4       0       14655.84  31      5008.0   ms
success		1       74      5       5       5       0       14406.57  30      5008.0   ms
success		1       75      4       27      3       0       15350.05  29      5008.0   ms
success		1       76      4       17      4       0       14332.63  28      5008.0   ms
success		1       77      5       24      5       0       13175.14  27      5008.0   ms
success		1       78      3       22      3       0       12538.93  26      5008.0   ms
success		1       79      5       19      3       0       11886.43  25      5008.0   ms
success		1       80      3       22      3       0       11050.86  24      5008.0   ms
success		1       81      6       17      4       0       10525.80  23      5008.0   ms
success		1       82      12      3       4       0       9360.86   22      5023.0   ms
success		1       83      25      9       5       0       9014.21   21      5039.0   ms
success		1       84      15      11      5       0       7819.34   20      5054.0   ms
success		1       85      181     7       5       0       6944.67   19      5304.0   ms
success		1       86      188     2       5       0       5443.60   18      5585.0   ms
success		1       0       1       97      1       0       29456.02  104     6614.0   ms
success		1       1       1       10      1       0       29296.10  103     6614.0   ms
success		1       2       1       67      1       0       29191.61  102     6614.0   ms
success		1       3       1       94      1       0       28934.37  101     6614.0   ms
success		1       4       1       52      1       0       28522.86  100     6614.0   ms
success		1       5       1       55      1       0       28381.25  99      6614.0   ms
success		1       6       1       44      1       0       28391.54  98      6614.0   ms
success		1       7       1       74      1       0       28036.21  97      6614.0   ms
success		1       8       1       74      1       0       27981.44  96      6614.0   ms
success		1       9       1       40      1       0       27350.00  95      6614.0   ms
success		1       10      1       50      1       0       27202.24  94      6614.0   ms
success		1       11      1       73      1       0       26750.67  93      6614.0   ms
success		1       12      1       5       1       0       26568.23  92      6614.0   ms
success		1       13      1       29      1       0       26451.12  91      6614.0   ms
success		1       14      1       87      1       0       26319.39  90      6614.0   ms
success		1       15      2       86      2       0       25971.62  89      6614.0   ms
success		1       16      1       18      1       0       26089.96  88      6614.0   ms
success		1       17      1       75      1       0       25902.39  87      6614.0   ms
success		1       18      1       74      1       0       25765.68  86      6614.0   ms
success		1       19      1       54      1       0       25644.19  85      6614.0   ms
success		1       20      1       78      1       0       25197.98  84      6614.0   ms
success		1       21      2       39      2       0       24751.14  83      6614.0   ms
success		1       22      1       36      1       0       24394.94  82      6614.0   ms
success		1       23      2       79      2       0       24062.29  81      6614.0   ms
success		1       24      1       67      1       0       23940.79  80      6614.0   ms
success		1       25      3       78      3       0       23832.84  79      6614.0   ms
success		1       26      3       58      3       0       23012.63  78      6614.0   ms
success		1       27      1       11      1       0       22928.09  77      6614.0   ms
success		1       28      2       30      2       0       22721.52  76      6614.0   ms
success		1       29      1       74      1       0       22662.32  75      6614.0   ms
success		1       30      1       56      1       0       22329.64  74      6614.0   ms
success		1       31      2       48      2       0       22255.82  73      6614.0   ms
success		1       32      1       69      1       0       22071.27  72      6614.0   ms
success		1       33      1       62      1       0       21814.44  71      6614.0   ms
success		1       34      2       43      2       0       21869.58  70      6614.0   ms
success		1       35      1       58      1       0       21532.55  69      6614.0   ms
success		1       36      2       17      2       0       20872.99  68      6614.0   ms
success		1       37      3       7       3       0       20298.25  67      6614.0   ms
success		1       38      1       50      1       0       20157.06  66      6614.0   ms
success		1       39      3       42      3       0       19953.69  65      6614.0   ms
success		1       40      2       12      2       0       19633.89  64      6614.0   ms
success		1       41      2       53      2       0       19429.13  63      6614.0   ms
success		1       42      3       61      3       0       19550.61  62      6614.0   ms
success		1       43      1       4       1       0       19115.46  61      6614.0   ms
success		1       44      1       53      1       0       19103.22  60      6614.0   ms
success		1       45      1       4       1       0       19024.05  59      6614.0   ms
success		1       46      1       5       1       0       19067.89  58      6614.0   ms
success		1       47      2       54      2       0       18860.47  57      6614.0   ms
success		1       48      1       9       1       0       18815.26  56      6614.0   ms
success		1       49      2       9       2       0       19014.34  55      6614.0   ms
success		1       50      1       25      1       0       18907.25  54      6614.0   ms
success		1       51      2       11      2       0       18961.63  53      6630.0   ms
success		1       52      4       42      4       0       18375.73  52      6630.0   ms
success		1       53      2       21      2       0       18540.47  51      6630.0   ms
success		1       54      1       25      1       0       18371.25  50      6630.0   ms
success		1       55      1       45      1       0       18057.52  49      6630.0   ms
success		1       56      2       19      2       0       17832.99  48      6630.0   ms
success		1       57      2       12      2       0       17190.08  47      6630.0   ms
success		1       58      1       12      1       0       16971.92  46      6630.0   ms
success		1       59      2       26      2       0       17016.10  45      6630.0   ms
success		1       60      3       28      3       0       16532.57  44      6630.0   ms
success		1       61      3       28      3       0       16524.94  43      6630.0   ms
success		1       62      2       42      2       0       16021.74  42      6630.0   ms
success		1       63      1       16      1       0       16045.13  41      6630.0   ms
success		1       64      4       28      4       0       15816.74  40      6630.0   ms
success		1       65      2       38      2       0       15610.71  39      6630.0   ms
success		1       66      1       14      1       0       14899.10  38      6630.0   ms
success		1       67      2       14      2       0       14792.43  37      6630.0   ms
success		1       68      3       19      3       0       14864.01  36      6630.0   ms
success		1       69      2       14      2       0       14395.18  35      6630.0   ms
success		1       70      4       11      4       0       14750.28  34      6630.0   ms
success		1       71      4       16      4       0       15155.79  33      6630.0   ms
success		1       72      2       9       2       0       14877.29  32      6630.0   ms
success		1       73      4       10      4       0       14662.54  31      6630.0   ms
success		1       74      4       24      4       0       14076.76  30      6630.0   ms
success		1       75      4       12      4       0       13176.50  29      6630.0   ms
success		1       76      4       1       4       0       12718.20  28      6630.0   ms
success		1       77      5       1       4       0       13531.59  27      6630.0   ms
success		1       78      3       8       3       0       12844.10  26      6630.0   ms
success		1       79      3       23      3       0       12117.08  25      6630.0   ms
success		1       80      7       19      5       0       11510.98  24      6630.0   ms
success		1       81      4       22      4       0       10843.71  23      6630.0   ms
success		1       82      6       18      5       0       10115.05  22      6630.0   ms
success		1       83      19      10      5       0       8685.56   21      6646.0   ms
success		1       84      36      2       5       0       7360.37   20      6692.0   ms
success		1       85      103     14      5       0       6359.91   19      6833.0   ms
success		1       0       1       88      1       0       29440.30  104     7769.0   ms
success		1       1       1       90      1       0       29403.57  103     7769.0   ms
success		1       2       1       26      1       0       29118.85  102     7769.0   ms
success		1       3       1       34      1       0       29038.09  101     7769.0   ms
success		1       4       1       20      1       0       28914.85  100     7769.0   ms
success		1       5       1       95      1       0       28760.09  99      7769.0   ms
success		1       6       1       75      1       0       28658.98  98      7769.0   ms
success		1       7       1       58      1       0       28514.77  97      7769.0   ms
success		1       8       1       5       1       0       27863.83  96      7769.0   ms
success		1       9       1       11      1       0       27362.26  95      7769.0   ms
success		1       10      1       34      1       0       27283.02  94      7769.0   ms
success		1       11      1       83      1       0       26739.07  93      7769.0   ms
success		1       12      1       82      1       0       26627.46  92      7769.0   ms
success		1       13      1       42      1       0       26443.14  91      7769.0   ms
success		1       14      1       89      1       0       26353.10  90      7769.0   ms
success		1       15      1       85      1       0       25405.17  89      7769.0   ms
success		1       16      1       38      1       0       25300.48  88      7769.0   ms
success		1       17      1       18      1       0       25183.02  87      7769.0   ms
success		1       18      1       51      1       0       25311.72  86      7769.0   ms
success		1       19      1       6       1       0       25158.93  85      7769.0   ms
success		1       20      1       33      1       0       25044.26  84      7769.0   ms
success		1       21      1       1       1       0       24887.80  83      7769.0   ms
success		1       22      1       11      1       0       24811.51  82      7769.0   ms
success		1       23      1       20      1       0       24675.82  81      7769.0   ms
success		1       24      1       62      1       0       24233.44  80      7769.0   ms
success		1       25      1       8       1       0       24072.25  79      7769.0   ms
success		1       26      1       70      1       0       23993.96  78      7769.0   ms
success		1       27      1       65      1       0       23524.02  77      7769.0   ms
success		1       28      1       32      1       0       23190.03  76      7769.0   ms
success		1       29      2       64      2       0       22941.44  75      7769.0   ms
success		1       30      2       30      2       0       23125.77  74      7769.0   ms
success		1       31      1       28      1       0       22924.36  73      7769.0   ms
success		1       32      2       58      2       0       22677.16  72      7769.0   ms
success		1       33      1       47      1       0       22541.32  71      7769.0   ms
success		1       34      1       9       1       0       22590.47  70      7769.0   ms
success		1       35      1       1       1       0       22462.88  69      7769.0   ms
success		1       36      1       27      1       0       22302.26  68      7769.0   ms
success		1       37      1       11      1       0       22112.64  67      7769.0   ms
success		1       38      1       2       1       0       21603.33  66      7769.0   ms
success		1       39      2       62      2       0       21258.05  65      7784.0   ms
success		1       40      2       31      2       0       21428.47  64      7784.0   ms
success		1       41      1       11      1       0       21286.93  63      7784.0   ms
success		1       42      2       13      2       0       21254.40  62      7784.0   ms
success		1       43      1       46      1       0       20621.13  61      7784.0   ms
success		1       44      3       19      3       0       20669.34  60      7784.0   ms
success		1       45      2       4       2       0       21114.78  59      7784.0   ms
success		1       46      1       28      1       0       21024.24  58      7784.0   ms
success		1       47      2       47      2       0       20999.68  57      7784.0   ms
success		1       48      2       29      2       0       20501.25  56      7784.0   ms
success		1       49      2       33      2       0       20229.50  55      7784.0   ms
success		1       50      4       11      4       0       19947.88  54      7784.0   ms
success		1       51      1       6       1       0       20025.90  53      7784.0   ms
success		1       52      4       7       4       0       19919.54  52      7784.0   ms
success		1       53      2       45      2       0       20084.34  51      7784.0   ms
success		1       54      2       33      2       0       19773.90  50      7784.0   ms
success		1       55      3       49      3       0       20422.16  49      7784.0   ms
success		1       56      4       3       4       0       20150.00  48      7784.0   ms
success		1       57      2       23      2       0       19792.35  47      7784.0   ms
success		1       58      2       37      2       0       19506.51  46      7784.0   ms
success		1       59      2       39      2       0       19028.16  45      7784.0   ms
success		1       60      2       17      2       0       18698.36  44      7784.0   ms
success		1       61      3       30      3       0       18335.55  43      7784.0   ms
success		1       62      2       21      2       0       17809.45  42      7784.0   ms
success		1       63      2       31      2       0       17641.18  41      7784.0   ms
success		1       64      1       29      1       0       17042.85  40      7784.0   ms
success		1       65      3       0       3       0       16316.00  39      7784.0   ms
success		1       66      1       36      1       0       16144.15  38      7784.0   ms
success		1       67      3       7       3       0       15550.80  37      7784.0   ms
success		1       68      4       15      4       0       15115.53  36      7784.0   ms
success		1       69      3       34      3       0       14460.03  35      7784.0   ms
success		1       70      2       4       2       0       13552.93  34      7784.0   ms
success		1       71      3       0       3       0       12736.23  33      7784.0   ms
success		1       72      4       3       4       0       12915.25  32      7784.0   ms
success		1       73      3       22      3       0       12531.20  31      7784.0   ms
success		1       74      1       0       1       0       12308.03  30      7784.0   ms
success		1       75      4       3       4       0       11523.03  29      7784.0   ms
success		1       76      5       17      4       0       13468.29  28      7784.0   ms
success		1       77      6       15      2       0       14485.25  27      7784.0   ms
success		1       78      5       17      5       0       13890.46  26      7784.0   ms
success		1       79      4       3       3       0       12677.73  25      7784.0   ms
success		1       80      4       21      4       0       11109.33  24      7784.0   ms
success		1       81      5       3       5       0       10050.66  23      7784.0   ms
success		1       82      9       3       6       0       9497.54   22      7800.0   ms
success		1       83      19      1       6       0       8186.20   21      7816.0   ms
success		1       84      18      14      4       0       7717.17   20      7831.0   ms
success		1       85      306     5       5       0       7154.83   19      8237.0   ms
cross iterater0
ab
ab6	2
ab7	5
fail		5585.67   5674.38   18      10156.0  ms
success		5530.18   5570.57   18      11060.0  ms
cross iterater1
bad   	success		5676.63   5629.16   18      11591.0  ms cross
rand   	bad   	rand   	ab
ab6	5
fail		5684.64   5872.94   18      15506.0  ms
fail		5617.83   5710.50   18      16520.0  ms
fail		5585.67   5674.38   18      17488.0  ms
cross iterater2
ab
ab6	1
fail		5530.18   5681.62   18      18533.0  ms
cross iterater3
bad   	success		5586.12   5688.82   18      18533.0  ms cross
rand   	bad   	success		5565.00   5755.29   18      19500.0  ms cross
rand   	ab
ab6	1
ab7	3
fail		5565.00   5773.68   18      21497.0  ms
cross iterater4
ab
ab6	4
ab7	2
cross iterater5
ab
fail		5629.66   5693.22   18      22526.0  ms
fail		5596.09   5790.31   18      23509.0  ms
cross iterater6
bad   	rand   	bad   	rand   	ab
ab6	4
ab7	2
cross iterater7
bad   	success		5519.14   5778.54   18      27581.0  ms cross
rand   	bad   	success		5675.52   5623.41   18      28938.0  ms cross
rand   	ab
ab6	1
ab7	3
fail		5572.89   5849.55   18      30669.0  ms
cross iterater8
ab
ab6	4
fail		5618.18   5820.39   18      31262.0  ms
cross iterater9
bad   	success		5648.49   5838.67   18      31481.0  ms cross
rand   	bad   	success		5675.77   5570.84   18      32339.0  ms cross
rand   	ab
ab7	4
fail		5675.77   5747.05   18      34335.0  ms
cross iterater10
bad   	success		5429.61   5707.62   18      34335.0  ms cross
rand   	bad   	success		5650.90   5687.54   18      35615.0  ms cross
rand   	ab
ab7	4
fail		5510.26   5670.74   18      37954.0  ms
cross iterater11
bad   	rand   	bad   	success		5434.21   5572.00   18      40170.0  ms cross
rand   	ab
ab7	4
cross iterater12
bad   	success		5591.33   5677.46   18      41683.0  ms cross
rand   	bad   	success		5572.99   5850.32   18      43165.0  ms cross
rand   	ab
ab7	2
fail		5434.21   5751.51   18      45162.0  ms
cross iterater13
bad   	success		5630.66   5662.54   18      45255.0  ms cross
rand   	bad   	rand   	ab
ab7	4
fail		5522.65   5800.44   18      49420.0  ms
fail		5591.33   5746.73   18      50434.0  ms
cross iterater14
bad   	success		5469.43   5578.57   18      50434.0  ms cross
rand   	bad   	success		5698.69   5673.38   18      52166.0  ms cross
rand   	ab
ab7	4
cross iterater15
bad   	success		5454.63   5667.13   18      53227.0  ms cross
rand   	bad   	success		5645.19   5662.33   18      54256.0  ms cross
rand   	ab
fail		5645.19   5746.40   18      56206.0  ms
cross iterater16
bad   	success		5529.74   5750.91   18      56815.0  ms cross
rand   	bad   	success		5518.06   5770.95   18      58359.0  ms cross
rand   	ab
ab6	3
fail		5645.19   5746.40   18      60153.0  ms
cross iterater17
bad   	success		5584.51   5806.83   18      60231.0  ms cross
rand   	bad   	success		5646.28   5775.14   18      60949.0  ms cross
rand   	ab
ab6	3
ab7	5
fail		5710.09   5837.70   18      62197.0  ms
cross iterater18
bad   	success		5710.49   6076.75   18      62727.0  ms cross
rand   	bad   	success		5691.41   5577.32   18      63663.0  ms cross
rand   	ab
ab7	3
ab6	4
fail		5723.00   5850.61   18      64942.0  ms
fail		5710.09   5837.70   18      65535.0  ms
cross iterater19
ab
ab7	0
cross iterater20
bad   	rand   	bad   	rand   	ab
ab6	4
fail		5378.68   5645.66   18      68514.0  ms
cross iterater21
bad   	rand   	success		5357.90   5674.65   18      69107.0  ms cross
bad   	success		5780.22   5624.26   18      69170.0  ms cross
rand   	ab
ab6	2
fail		5464.28   5689.65   18      70839.0  ms
cross iterater22
bad   	rand   	bad   	rand   	ab
ab6	1
fail		5425.61   5785.55   18      75846.0  ms
cross iterater23
ab
ab6	4
ab7	3
cross iterater24
ab
ab6	5
fail		5378.68   5645.66   18      76408.0  ms
fail		5486.43   5711.79   18      77016.0  ms
cross iterater25
bad   	rand   	bad   	rand   	ab
ab6	4
ab7	0
fail		5449.60   5674.97   18      80074.0  ms
cross iterater26
bad   	rand   	success		5367.29   5614.59   18      81135.0  ms cross
bad   	rand   	success		5815.09   5842.56   18      82741.0  ms cross
ab
ab6	0
fail		5523.29   5712.88   18      83724.0  ms
cross iterater27
bad   	rand   	bad   	success		5511.54   5656.58   18      86532.0  ms cross
rand   	ab
ab6	4
fail		5497.76   5734.00   18      88467.0  ms
cross iterater28
bad   	success		5580.01   5911.93   18      89184.0  ms cross
rand   	bad   	rand   	ab
ab7	4
fail		5367.29   5634.27   18      92273.0  ms
fail		5455.58   5639.83   18      92897.0  ms
cross iterater29
bad   	success		5544.13   5527.95   18      93115.0  ms cross
rand   	bad   	success		5434.92   5921.60   18      94831.0  ms cross
rand   	ab
ab7	1
ab6	5
fail		5529.94   5733.94   18      96797.0  ms
cross iterater30
ab
ab7	0
cross iterater31
bad   	rand   	success		5736.09   5967.50   18      97936.0  ms cross
bad   	success		5493.10   5659.99   18      97936.0  ms cross
rand   	ab
ab6	0
ab7	5
cross iterater32
ab
ab6	3
fail		5441.00   5724.01   18      99137.0  ms
cross iterater33
ab
ab7	0
cross iterater34
bad   	success		5587.99   5853.59   18      99652.0  ms cross
rand   	bad   	success		5659.99   5799.37   18      100603.0 ms cross
rand   	ab
ab6	2
ab7	5
cross iterater35
bad   	success		5663.66   5895.35   18      101555.0 ms cross
rand   	bad   	success		5547.74   5614.50   18      102460.0 ms cross
rand   	ab
ab6	4
ab7	5
fail		5486.51   5670.76   18      104550.0 ms
fail		5457.36   5652.94   18      105595.0 ms
cross iterater36
bad   	rand   	bad   	success		5465.59   5601.08   18      107826.0 ms cross
rand   	ab
ab6	2
ab7	1
fail		5575.41   5737.46   18      109246.0 ms
cross iterater37
bad   	rand   	success		5524.34   5714.28   18      110088.0 ms cross
bad   	success		5712.48   5830.95   18      110478.0 ms cross
rand   	ab
ab6	0
cross iterater38
ab
ab6	1
fail		5336.40   5651.58   18      111944.0 ms
cross iterater39
bad   	rand   	bad   	success		5620.61   5715.33   18      114113.0 ms cross
rand   	ab
ab6	4
ab7	5
fail		5336.40   5651.58   18      116156.0 ms
cross iterater40
bad   	rand   	bad   	success		5325.59   5829.91   18      119089.0 ms cross
rand   	ab
ab6	3
ab7	0
fail		5355.39   5585.29   18      120618.0 ms
cross iterater41
bad   	success		5665.44   5645.87   18      120805.0 ms cross
rand   	bad   	rand   	success		5655.82   5598.35   18      122989.0 ms cross
ab
ab7	5
cross iterater42
bad   	success		5537.40   5913.96   18      123987.0 ms cross
rand   	bad   	success		5685.84   5982.55   18      125469.0 ms cross
rand   	ab
ab7	2
ab6	0
fail		5445.81   5719.81   18      127451.0 ms
cross iterater43
ab
ab7	2
cross iterater44
ab
ab7	0
fail		5343.25   5681.99   18      128605.0 ms
cross iterater45
ab
ab6	4
ab7	2
fail		5532.52   5677.93   18      129728.0 ms
fail		5355.39   5585.29   18      130820.0 ms
cross iterater46
bad   	success		5226.26   5262.64   18      130820.0 ms cross
rand   	bad   	success		5634.88   5782.22   18      131943.0 ms cross
rand   	ab
ab6	2
ab7	0
fail		5404.99   5644.26   18      133987.0 ms
cross iterater47
bad   	rand   	bad   	rand   	success		5701.12   5777.32   18      137559.0 ms cross
ab
ab6	1
ab7	3
fail		5556.28   5847.02   18      138604.0 ms
fail		5226.26   5535.69   18      139634.0 ms
cross iterater48
bad   	success		5539.59   5442.75   18      139852.0 ms cross
rand   	bad   	success		5413.53   5582.42   18      141038.0 ms cross
rand   	ab
ab7	0
fail		5564.77   5797.07   18      143035.0 ms
fail		5287.13   5482.45   18      144049.0 ms
fail		5539.59   5691.88   18      145094.0 ms
cross iterater49
bad   	rand   	success		5685.21   5797.61   18      146623.0 ms cross
bad   	success		5651.53   5650.41   18      146857.0 ms cross
rand   	ab
ab6	5
ab7	3
fail		5497.80   5681.36   18      148697.0 ms
fail		5497.80   5681.36   18      149805.0 ms
cross iterater50
ab
ab6	2
fail		5569.74   5716.22   18      150803.0 ms
fail		5497.80   5681.36   18      151833.0 ms
cross iterater51
ab
ab6	3
fail		5497.80   5681.36   18      152847.0 ms
cross iterater52
bad   	rand   	bad   	rand   	ab
ab6	1
cross iterater53
bad   	success		5556.12   5689.01   18      156887.0 ms cross
rand   	bad   	rand   	success		5487.78   5946.19   18      159212.0 ms cross
ab
ab6	2
ab7	0
cross iterater54
bad   	success		5544.32   5690.53   18      159212.0 ms cross
rand   	bad   	rand   	success		5682.00   5711.65   18      161271.0 ms cross
ab
ab6	5
fail		5569.74   5716.22   18      162300.0 ms
cross iterater55
ab
ab7	5
cross iterater56
bad   	success		5573.77   5700.69   18      162612.0 ms cross
rand   	bad   	success		5585.91   5828.29   18      164250.0 ms cross
rand   	ab
ab7	3
ab6	1
cross iterater57
bad   	success		5444.68   5863.10   18      166154.0 ms cross
rand   	bad   	success		5491.07   5768.38   18      167324.0 ms cross
rand   	ab
ab6	0
ab7	2
fail		5453.06   5621.36   18      169367.0 ms
cross iterater58
ab
fail		5486.02   5738.66   18      170366.0 ms
cross iterater59
bad   	rand   	bad   	rand   	ab
ab6	1
fail		5453.06   5621.36   18      175467.0 ms
fail		5682.00   5905.32   18      176403.0 ms
cross iterater60
bad   	rand   	success		5367.07   5556.73   18      177089.0 ms cross
bad   	rand   	ab
ab6	5
ab7	2
fail		5416.88   5709.83   18      179944.0 ms
fail		5417.75   5754.34   18      181051.0 ms
fail		5458.56   5788.80   18      182112.0 ms
cross iterater61
ab
ab6	2
fail		5466.88   5730.26   18      183173.0 ms
fail		5381.75   5674.70   18      184218.0 ms
cross iterater62
ab
ab6	1
fail		5473.49   5744.18   18      185310.0 ms
fail		5416.88   5709.83   18      186293.0 ms
cross iterater63
bad   	success		5805.77   5516.98   18      186527.0 ms cross
rand   	bad   	rand   	ab
ab7	2
ab6	4
cross iterater64
bad   	success		5738.71   5862.90   18      189865.0 ms cross
rand   	bad   	rand   	ab
ab7	3
ab6	1
fail		5393.93   5721.67   18      192392.0 ms
fail		5466.88   5730.26   18      193375.0 ms
cross iterater65
bad   	success		5246.50   5789.85   18      193375.0 ms cross
rand   	bad   	success		5576.44   5546.84   18      194467.0 ms cross
rand   	ab
ab7	1
ab6	3
cross iterater66
bad   	success		5409.24   5756.54   18      195091.0 ms cross
rand   	bad   	success		5480.80   5717.46   18      195887.0 ms cross
rand   	ab
ab7	5
cross iterater67
bad   	rand   	bad   	rand   	success		5417.67   5863.86   18      200348.0 ms cross
ab
ab7	3
cross iterater68
bad   	rand   	bad   	success		5401.82   5782.64   18      202439.0 ms cross
rand   	ab
ab7	5
cross iterater69
bad   	rand   	bad   	success		5398.63   5361.11   18      205871.0 ms cross
rand   	ab
ab7	4
ab6	0
fail		5466.88   5730.26   18      207945.0 ms
cross iterater70
bad   	success		5448.35   5566.45   18      208476.0 ms cross
rand   	bad   	rand   	ab
ab7	4
fail		5278.39   5643.66   18      212298.0 ms
fail		5318.87   5605.00   18      213281.0 ms
fail		5327.23   5605.65   18      214076.0 ms
cross iterater71
ab
ab7	4
ab6	2
fail		5318.87   5605.00   18      214887.0 ms
fail		5327.23   5605.65   18      215855.0 ms
cross iterater72
ab
ab7	2
fail		5327.23   5605.65   18      216869.0 ms
cross iterater73
bad   	rand   	bad   	success		5555.97   5832.46   18      218943.0 ms cross
rand   	ab
ab7	5
ab6	1
fail		5327.42   5778.07   18      221018.0 ms
fail		5291.10   5735.59   18      222017.0 ms
cross iterater74
bad   	rand   	bad   	rand   	ab
ab6	5
ab7	2
fail		5318.87   5605.00   18      227149.0 ms
cross iterater75
bad   	success		5520.25   5923.18   18      227898.0 ms cross
rand   	bad   	success		5569.28   5818.67   18      229052.0 ms cross
rand   	ab
ab7	1
ab6	4
fail		5383.17   5735.49   18      231127.0 ms
cross iterater76
bad   	rand   	bad   	rand   	ab
ab7	1
fail		5385.75   5738.07   18      236150.0 ms
fail		5383.17   5735.49   18      237164.0 ms
cross iterater77
bad   	rand   	bad   	rand   	ab
ab7	5
fail		5485.50   5712.11   18      242093.0 ms
cross iterater78
bad   	success		5562.90   5775.02   18      242093.0 ms cross
rand   	bad   	success		5524.98   5836.99   18      243638.0 ms cross
rand   	ab
ab7	5
ab6	1
fail		5485.50   5712.11   18      245697.0 ms
cross iterater79
bad   	success		5537.24   5900.71   18      246493.0 ms cross
rand   	bad   	success		5463.59   5539.14   18      247257.0 ms cross
rand   	ab
ab6	5
ab7	3
cross iterater80
bad   	rand   	bad   	rand   	success		5386.17   5782.76   18      250502.0 ms cross
ab
ab6	0
ab7	1
fail		5543.17   6015.91   18      251141.0 ms
fail		5378.57   5784.36   18      251719.0 ms
cross iterater81
ab
ab6	1
fail		5389.00   5801.38   18      252327.0 ms
fail		5297.52   5700.49   18      253045.0 ms
fail		5383.17   5735.49   18      254214.0 ms
cross iterater82
bad   	success		5297.50   5687.48   18      254214.0 ms cross
rand   	bad   	rand   	success		5771.84   5768.72   18      256320.0 ms cross
ab
ab7	0
fail		5383.17   5735.49   18      257366.0 ms
fail		5771.84   5959.46   18      258364.0 ms
cross iterater83
bad   	success		5424.57   5836.03   18      258723.0 ms cross
rand   	bad   	success		5543.99   5508.99   18      259768.0 ms cross
rand   	ab
ab6	0
ab7	5
cross iterater84
bad   	rand   	bad   	rand   	ab
ab6	1
ab7	4
cross iterater85
ab
ab6	3
ab7	2
fail		5324.12   5838.10   18      265181.0 ms
fail		5368.35   5777.94   18      266164.0 ms
fail		5329.01   5700.62   18      267178.0 ms
cross iterater86
bad   	rand   	success		5482.00   5859.72   18      268816.0 ms cross
bad   	rand   	ab
ab6	0
ab7	2
fail		5366.87   5758.27   18      271047.0 ms
cross iterater87
ab
ab6	2
fail		5397.45   5806.71   18      272014.0 ms
fail		5403.01   5832.43   18      273059.0 ms
cross iterater88
bad   	success		5427.19   5590.63   18      273059.0 ms cross
rand   	bad   	rand   	success		5626.44   5660.64   18      275368.0 ms cross
ab
ab6	1
fail		5366.87   5758.27   18      276429.0 ms
cross iterater89
ab
ab6	2
cross iterater90
bad   	success		5331.42   5784.70   18      276429.0 ms cross
rand   	bad   	rand   	ab
ab6	3
fail		5624.14   5960.80   18      280547.0 ms
cross iterater91
bad   	success		5503.68   5671.21   18      281171.0 ms cross
rand   	bad   	success		5515.04   5645.88   18      282263.0 ms cross
rand   	ab
ab7	0
fail		5368.35   5777.94   18      284307.0 ms
cross iterater92
bad   	success		5551.93   5662.12   18      284509.0 ms cross
rand   	bad   	rand   	success		5688.86   5780.88   18      287083.0 ms cross
ab
ab6	5
fail		5352.72   5771.14   18      287660.0 ms
fail		5503.68   5757.12   18      288300.0 ms
fail		5368.35   5777.94   18      288908.0 ms
cross iterater93
bad   	success		5666.35   5698.34   18      289688.0 ms cross
rand   	bad   	success		5716.58   5698.74   18      291155.0 ms cross
rand   	ab
ab6	4
ab7	2
fail		5621.84   5931.51   18      293245.0 ms
cross iterater94
ab
ab6	3
fail		5301.51   5632.80   18      294353.0 ms
cross iterater95
bad   	rand   	bad   	rand   	ab
ab6	1
ab7	2
fail		5301.51   5632.80   18      299329.0 ms
cross iterater96
ab
ab6	5
ab7	2
fail		5301.51   5632.80   18      300047.0 ms
cross iterater97
bad   	rand   	bad   	rand   	ab
ab6	4
ab7	3
cross iterater98
bad   	rand   	bad   	rand   	ab
ab6	0
cross iterater99
ab
fail		5301.51   5632.80   18      305631.0 ms
fail		5573.16   5836.99   18      306224.0 ms

R.size:18

1		179	55	117	71	35	126	9	1	99	183	199	208	
2		113	12	147	66	210	43	114	38	22	140	3	127	
3		32	94	86	171	174	189	51	136	65	115	
4		34	205	176	188	4	209	191	125	128	33	106	158	118	17	
5		62	101	53	204	166	184	44	170	21	195	156	74	
6		138	11	129	153	152	59	168	48	198	131	
7		67	39	57	143	108	190	193	84	60	144	119	78	
8		40	14	178	24	122	73	70	47	134	87	
9		133	26	29	42	154	61	100	173	27	149	15	105	
10		19	159	8	206	88	186	16	81	37	102	97	192	
11		28	120	50	112	6	164	91	201	95	46	167	90	
12		45	41	197	124	200	103	203	172	110	109	185	181	
13		175	5	180	72	82	36	121	202	165	83	10	155	
14		196	23	182	75	145	194	92	169	89	130	139	116	
15		64	80	20	85	31	25	77	69	162	68	146	96	
16		177	161	58	111	150	151	207	54	98	137	13	107	
17		93	135	157	104	7	132	18	49	142	187	63	56	
18		148	141	160	2	79	163	52	123	30	76	

data1/pdp200/LC1_2_4.txt
total_cost 5226.257313

