success		1       0       1       5       1       0       28097.01  103     78.0     ms
success		1       1       1       3       1       0       27905.40  102     78.0     ms
success		1       2       1       46      1       0       27988.86  101     78.0     ms
success		1       3       1       7       1       0       28175.71  100     78.0     ms
success		1       4       1       18      1       0       28329.39  99      78.0     ms
success		1       5       1       36      1       0       28517.62  98      78.0     ms
success		1       6       1       24      1       0       28321.95  97      78.0     ms
success		1       7       1       89      1       0       28292.45  96      78.0     ms
success		1       8       1       71      1       0       27888.52  95      78.0     ms
success		1       9       1       0       1       0       27288.82  94      78.0     ms
success		1       10      1       93      1       0       27248.89  93      78.0     ms
success		1       11      1       39      1       0       26805.19  92      78.0     ms
success		1       12      1       22      1       0       26883.21  91      78.0     ms
success		1       13      1       24      1       0       26914.21  90      78.0     ms
success		1       14      1       12      1       0       26923.94  89      78.0     ms
success		1       15      2       9       2       0       26564.93  88      78.0     ms
success		1       16      1       40      1       0       26381.08  87      78.0     ms
success		1       17      1       67      1       0       25950.38  86      94.0     ms
success		1       18      2       12      2       0       25760.09  85      94.0     ms
success		1       19      1       46      1       0       25068.61  84      94.0     ms
success		1       20      1       18      1       0       24747.91  83      94.0     ms
success		1       21      1       82      1       0       24636.60  82      94.0     ms
success		1       22      1       13      1       0       24319.81  81      94.0     ms
success		1       23      1       15      1       0       23654.28  80      94.0     ms
success		1       24      1       54      1       0       23596.90  79      94.0     ms
success		1       25      2       36      2       0       24022.65  78      94.0     ms
success		1       26      2       62      2       0       23718.50  77      94.0     ms
success		1       27      1       55      1       0       23560.70  76      94.0     ms
success		1       28      2       16      2       0       23124.19  75      94.0     ms
success		1       29      1       0       1       0       22601.88  74      94.0     ms
success		1       30      1       18      1       0       22182.42  73      94.0     ms
success		1       31      1       29      1       0       21649.36  72      94.0     ms
success		1       32      1       27      1       0       21444.57  71      94.0     ms
success		1       33      2       17      2       0       21333.63  70      94.0     ms
success		1       34      1       24      1       0       21201.23  69      94.0     ms
success		1       35      4       20      4       0       21411.78  68      94.0     ms
success		1       36      1       33      1       0       21006.76  67      94.0     ms
success		1       37      2       21      2       0       20683.33  66      94.0     ms
success		1       38      1       52      1       0       20512.60  65      94.0     ms
success		1       39      2       56      2       0       20370.82  64      94.0     ms
success		1       40      1       20      1       0       20118.33  63      94.0     ms
success		1       41      1       40      1       0       19727.66  62      94.0     ms
success		1       42      2       11      2       0       19304.17  61      94.0     ms
success		1       43      2       50      2       0       19144.69  60      94.0     ms
success		1       44      1       13      1       0       19054.93  59      94.0     ms
success		1       45      3       48      3       0       18568.18  58      94.0     ms
success		1       46      3       56      3       0       18154.51  57      94.0     ms
success		1       47      1       5       1       0       18270.56  56      94.0     ms
success		1       48      3       40      3       0       17987.92  55      94.0     ms
success		1       49      3       0       3       0       17438.08  54      94.0     ms
success		1       50      1       30      1       0       17074.98  53      94.0     ms
success		1       51      2       33      2       0       16948.33  52      94.0     ms
success		1       52      2       51      2       0       16552.74  51      94.0     ms
success		1       53      2       49      2       0       16352.08  50      94.0     ms
success		1       54      2       33      2       0       15894.06  49      94.0     ms
success		1       55      2       17      2       0       15449.60  48      94.0     ms
success		1       56      3       1       3       0       14824.53  47      94.0     ms
success		1       57      2       41      2       0       14719.20  46      94.0     ms
success		1       58      2       21      2       0       14259.09  45      94.0     ms
success		1       59      4       23      4       0       14590.27  44      94.0     ms
success		1       60      2       4       2       0       14301.86  43      94.0     ms
success		1       61      3       24      3       0       13807.55  42      94.0     ms
success		1       62      3       10      3       0       13963.96  41      94.0     ms
success		1       63      2       32      2       0       13515.76  40      94.0     ms
success		1       64      2       11      2       0       12687.12  39      109.0    ms
success		1       65      1       36      1       0       12268.23  38      109.0    ms
success		1       66      2       11      2       0       11908.06  37      109.0    ms
success		1       67      4       8       4       0       11713.32  36      109.0    ms
success		1       68      2       34      2       0       11337.55  35      109.0    ms
success		1       69      3       7       3       0       11041.88  34      109.0    ms
success		1       70      4       33      4       0       10781.09  33      109.0    ms
success		1       71      3       16      3       0       10401.58  32      109.0    ms
success		1       72      2       3       2       0       10030.06  31      109.0    ms
success		1       73      4       16      4       0       9811.45   30      109.0    ms
success		1       74      3       9       2       0       11207.28  29      109.0    ms
success		1       75      3       15      3       0       10653.18  28      109.0    ms
success		1       76      5       10      3       0       9903.21   27      109.0    ms
success		1       77      7       14      4       0       10474.10  26      125.0    ms
success		1       78      12      18      4       0       9245.36   25      125.0    ms
success		1       79      6       14      4       0       9431.91   24      141.0    ms
success		1       80      22      7       5       0       8388.37   23      172.0    ms
success		1       81      27      18      5       0       7561.08   22      234.0    ms
success		1       82      142     4       5       0       7610.76   21      421.0    ms
success		1       0       1       63      1       0       40676.65  103     1170.0   ms
success		1       1       1       101     1       0       40238.18  102     1170.0   ms
success		1       2       1       23      1       0       40088.92  101     1170.0   ms
success		1       3       1       68      1       0       39439.48  100     1170.0   ms
success		1       4       1       50      1       0       39206.61  99      1170.0   ms
success		1       5       1       48      1       0       38522.38  98      1170.0   ms
success		1       6       1       66      1       0       38021.42  97      1170.0   ms
success		1       7       1       33      1       0       37298.08  96      1170.0   ms
success		1       8       1       13      1       0       36887.81  95      1170.0   ms
success		1       9       1       22      1       0       36328.96  94      1170.0   ms
success		1       10      1       45      1       0       35688.51  93      1170.0   ms
success		1       11      2       19      2       0       34885.30  92      1170.0   ms
success		1       12      1       30      1       0       34294.56  91      1170.0   ms
success		1       13      1       82      1       0       33736.54  90      1170.0   ms
success		1       14      3       13      3       0       33538.41  89      1170.0   ms
success		1       15      1       77      1       0       33383.03  88      1170.0   ms
success		1       16      1       47      1       0       33119.02  87      1170.0   ms
success		1       17      1       27      1       0       32607.32  86      1186.0   ms
success		1       18      1       25      1       0       31850.76  85      1186.0   ms
success		1       19      1       46      1       0       31182.88  84      1186.0   ms
success		1       20      1       3       1       0       30687.01  83      1186.0   ms
success		1       21      1       71      1       0       29952.63  82      1186.0   ms
success		1       22      1       55      1       0       29795.72  81      1186.0   ms
success		1       23      1       48      1       0       29523.38  80      1186.0   ms
success		1       24      1       24      1       0       29355.50  79      1186.0   ms
success		1       25      1       43      1       0       28842.47  78      1186.0   ms
success		1       26      1       71      1       0       28564.07  77      1186.0   ms
success		1       27      2       71      2       0       28287.80  76      1186.0   ms
success		1       28      1       34      1       0       28132.14  75      1186.0   ms
success		1       29      1       58      1       0       27497.13  74      1186.0   ms
success		1       30      1       13      1       0       27272.14  73      1186.0   ms
success		1       31      1       39      1       0       26895.54  72      1186.0   ms
success		1       32      1       52      1       0       26559.87  71      1186.0   ms
success		1       33      1       41      1       0       26114.51  70      1186.0   ms
success		1       34      1       40      1       0       25685.30  69      1186.0   ms
success		1       35      2       40      2       0       25378.15  68      1186.0   ms
success		1       36      1       35      1       0       24623.64  67      1186.0   ms
success		1       37      3       63      3       0       24378.69  66      1186.0   ms
success		1       38      2       60      2       0       24267.48  65      1186.0   ms
success		1       39      1       12      1       0       23874.89  64      1186.0   ms
success		1       40      2       55      2       0       23687.80  63      1186.0   ms
success		1       41      1       57      1       0       23174.84  62      1186.0   ms
success		1       42      2       5       2       0       22607.99  61      1186.0   ms
success		1       43      1       56      1       0       22019.86  60      1186.0   ms
success		1       44      1       4       1       0       21584.11  59      1186.0   ms
success		1       45      2       30      2       0       21334.92  58      1186.0   ms
success		1       46      1       53      1       0       20744.07  57      1186.0   ms
success		1       47      2       10      2       0       20014.65  56      1186.0   ms
success		1       48      2       53      2       0       19366.08  55      1186.0   ms
success		1       49      2       6       2       0       19003.94  54      1186.0   ms
success		1       50      3       8       3       0       18723.63  53      1186.0   ms
success		1       51      2       18      2       0       18084.39  52      1186.0   ms
success		1       52      4       15      4       0       17655.60  51      1186.0   ms
success		1       53      2       27      2       0       17068.84  50      1186.0   ms
success		1       54      3       46      3       0       16740.65  49      1186.0   ms
success		1       55      2       41      2       0       16141.72  48      1186.0   ms
success		1       56      3       15      3       0       15956.58  47      1186.0   ms
success		1       57      3       4       3       0       15817.98  46      1186.0   ms
success		1       58      4       44      4       0       15399.06  45      1186.0   ms
success		1       59      3       11      3       0       14797.51  44      1186.0   ms
success		1       60      2       25      2       0       14697.47  43      1186.0   ms
success		1       61      4       12      4       0       14311.83  42      1186.0   ms
success		1       62      3       1       3       0       13844.57  41      1186.0   ms
success		1       63      1       39      1       0       13472.29  40      1186.0   ms
success		1       64      3       22      3       0       13408.25  39      1186.0   ms
success		1       65      4       17      4       0       13042.37  38      1186.0   ms
success		1       66      2       11      2       0       12698.76  37      1186.0   ms
success		1       67      2       30      2       0       12241.35  36      1186.0   ms
success		1       68      3       34      3       0       11730.87  35      1186.0   ms
success		1       69      5       14      5       0       11666.19  34      1186.0   ms
success		1       70      2       22      2       0       11250.96  33      1186.0   ms
success		1       71      1       23      1       0       10571.82  32      1186.0   ms
success		1       72      3       24      3       0       10344.97  31      1186.0   ms
success		1       73      4       9       4       0       10157.47  30      1186.0   ms
success		1       74      4       10      4       0       9293.91   29      1186.0   ms
success		1       75      4       18      3       0       9989.94   28      1186.0   ms
success		1       76      5       0       4       0       10088.31  27      1186.0   ms
success		1       77      6       13      4       0       9849.21   26      1186.0   ms
success		1       78      9       11      5       0       8649.22   25      1201.0   ms
success		1       79      11      5       4       0       8556.46   24      1201.0   ms
success		1       80      20      20      5       0       7983.45   23      1217.0   ms
success		1       81      51      9       4       0       7273.90   22      1264.0   ms
success		1       82      95      3       5       0       6954.92   21      1342.0   ms
success		1       83      223     7       5       0       6453.95   20      1607.0   ms
success		1       84      536     12      6       0       5087.72   19      2309.0   ms
success		1       0       1       0       1       0       40565.67  103     2933.0   ms
success		1       1       1       8       1       0       40274.66  102     2933.0   ms
success		1       2       1       1       1       0       40031.16  101     2933.0   ms
success		1       3       1       23      1       0       39330.21  100     2933.0   ms
success		1       4       1       28      1       0       38781.21  99      2933.0   ms
success		1       5       1       38      1       0       38415.91  98      2933.0   ms
success		1       6       1       86      1       0       38091.58  97      2933.0   ms
success		1       7       1       6       1       0       37745.04  96      2933.0   ms
success		1       8       1       59      1       0       37279.53  95      2933.0   ms
success		1       9       1       21      1       0       37144.69  94      2933.0   ms
success		1       10      1       13      1       0       36811.29  93      2933.0   ms
success		1       11      1       13      1       0       36392.37  92      2933.0   ms
success		1       12      1       60      1       0       35899.80  91      2933.0   ms
success		1       13      1       41      1       0       35263.24  90      2933.0   ms
success		1       14      2       68      2       0       34988.43  89      2933.0   ms
success		1       15      1       35      1       0       34572.83  88      2933.0   ms
success		1       16      1       75      1       0       34262.20  87      2933.0   ms
success		1       17      1       8       1       0       33929.41  86      2933.0   ms
success		1       18      1       69      1       0       33374.63  85      2933.0   ms
success		1       19      1       26      1       0       33177.42  84      2933.0   ms
success		1       20      1       76      1       0       32845.21  83      2949.0   ms
success		1       21      1       5       1       0       32208.66  82      2949.0   ms
success		1       22      1       13      1       0       32211.67  81      2949.0   ms
success		1       23      2       42      2       0       32103.69  80      2949.0   ms
success		1       24      1       21      1       0       31738.16  79      2949.0   ms
success		1       25      1       65      1       0       30919.68  78      2949.0   ms
success		1       26      1       56      1       0       30383.06  77      2949.0   ms
success		1       27      1       22      1       0       29795.68  76      2949.0   ms
success		1       28      1       34      1       0       29360.31  75      2949.0   ms
success		1       29      2       31      2       0       28984.44  74      2949.0   ms
success		1       30      2       71      2       0       28679.68  73      2949.0   ms
success		1       31      1       54      1       0       27964.64  72      2949.0   ms
success		1       32      1       28      1       0       27690.41  71      2949.0   ms
success		1       33      1       50      1       0       26994.79  70      2949.0   ms
success		1       34      1       42      1       0       26721.39  69      2949.0   ms
success		1       35      2       57      2       0       26378.61  68      2949.0   ms
success		1       36      2       22      2       0       26000.76  67      2949.0   ms
success		1       37      2       35      2       0       25524.92  66      2949.0   ms
success		1       38      1       26      1       0       25398.47  65      2949.0   ms
success		1       39      2       56      2       0       25107.67  64      2949.0   ms
success		1       40      1       0       1       0       24564.68  63      2949.0   ms
success		1       41      1       49      1       0       24228.82  62      2949.0   ms
success		1       42      1       3       1       0       23709.37  61      2949.0   ms
success		1       43      1       52      1       0       23265.56  60      2949.0   ms
success		1       44      1       46      1       0       22808.64  59      2949.0   ms
success		1       45      1       1       1       0       22615.19  58      2949.0   ms
success		1       46      2       37      2       0       22276.94  57      2949.0   ms
success		1       47      3       23      3       0       21822.89  56      2949.0   ms
success		1       48      1       6       1       0       21295.25  55      2949.0   ms
success		1       49      1       29      1       0       20901.38  54      2949.0   ms
success		1       50      1       47      1       0       20074.67  53      2949.0   ms
success		1       51      3       35      3       0       19562.02  52      2949.0   ms
success		1       52      1       41      1       0       19025.16  51      2949.0   ms
success		1       53      2       48      2       0       18519.65  50      2949.0   ms
success		1       54      1       46      1       0       18182.44  49      2949.0   ms
success		1       55      2       36      2       0       17612.24  48      2949.0   ms
success		1       56      3       4       3       0       17098.47  47      2949.0   ms
success		1       57      2       1       2       0       16912.58  46      2949.0   ms
success		1       58      1       39      1       0       16491.97  45      2949.0   ms
success		1       59      2       4       2       0       16240.35  44      2949.0   ms
success		1       60      2       9       2       0       15726.28  43      2949.0   ms
success		1       61      3       20      3       0       15326.15  42      2949.0   ms
success		1       62      3       10      3       0       14537.27  41      2949.0   ms
success		1       63      2       5       2       0       14181.33  40      2949.0   ms
success		1       64      3       28      3       0       13663.07  39      2949.0   ms
success		1       65      2       38      2       0       13115.00  38      2949.0   ms
success		1       66      2       2       2       0       12403.45  37      2949.0   ms
success		1       67      4       26      4       0       11565.10  36      2949.0   ms
success		1       68      4       15      4       0       11285.27  35      2949.0   ms
success		1       69      3       19      3       0       10836.22  34      2949.0   ms
success		1       70      3       28      3       0       10473.94  33      2949.0   ms
success		1       71      4       22      4       0       10445.61  32      2949.0   ms
success		1       72      3       6       3       0       9927.38   31      2949.0   ms
success		1       73      3       5       3       0       9680.97   30      2949.0   ms
success		1       74      5       9       4       0       11525.57  29      2949.0   ms
success		1       75      3       2       3       0       10602.03  28      2949.0   ms
success		1       76      5       6       4       0       10890.12  27      2949.0   ms
success		1       77      5       12      3       0       9406.91   26      2949.0   ms
success		1       78      10      8       5       0       9669.39   25      2949.0   ms
success		1       79      13      6       4       0       8315.92   24      2964.0   ms
success		1       80      10      22      3       0       8434.54   23      2964.0   ms
success		1       81      30      1       4       0       7466.36   22      2995.0   ms
success		1       82      122     5       6       0       7170.46   21      3120.0   ms
success		1       83      273     16      6       0       6235.03   20      3432.0   ms
success		1       0       1       97      1       0       40985.51  103     4150.0   ms
success		1       1       1       79      1       0       40686.24  102     4150.0   ms
success		1       2       1       31      1       0       40380.87  101     4150.0   ms
success		1       3       1       54      1       0       39711.05  100     4150.0   ms
success		1       4       1       14      1       0       39234.36  99      4150.0   ms
success		1       5       1       77      1       0       38722.58  98      4150.0   ms
success		1       6       1       78      1       0       38333.92  97      4150.0   ms
success		1       7       1       7       1       0       37758.40  96      4150.0   ms
success		1       8       1       74      1       0       37398.47  95      4150.0   ms
success		1       9       1       45      1       0       36833.05  94      4150.0   ms
success		1       10      1       87      1       0       36296.06  93      4150.0   ms
success		1       11      1       10      1       0       35592.50  92      4150.0   ms
success		1       12      1       49      1       0       34882.77  91      4150.0   ms
success		1       13      1       35      1       0       34542.77  90      4150.0   ms
success		1       14      1       2       1       0       34203.35  89      4150.0   ms
success		1       15      1       55      1       0       34126.94  88      4150.0   ms
success		1       16      1       16      1       0       33562.80  87      4150.0   ms
success		1       17      1       45      1       0       33220.76  86      4150.0   ms
success		1       18      1       35      1       0       33094.30  85      4150.0   ms
success		1       19      1       70      1       0       32376.93  84      4150.0   ms
success		1       20      1       8       1       0       31933.60  83      4150.0   ms
success		1       21      2       25      2       0       31352.06  82      4150.0   ms
success		1       22      1       49      1       0       30977.19  81      4150.0   ms
success		1       23      2       13      2       0       30706.35  80      4150.0   ms
success		1       24      2       47      2       0       30165.73  79      4150.0   ms
success		1       25      1       69      1       0       29738.47  78      4150.0   ms
success		1       26      1       50      1       0       29336.32  77      4150.0   ms
success		1       27      1       37      1       0       28656.93  76      4150.0   ms
success		1       28      1       66      1       0       28096.90  75      4150.0   ms
success		1       29      1       24      1       0       27860.86  74      4150.0   ms
success		1       30      1       11      1       0       27520.83  73      4150.0   ms
success		1       31      1       38      1       0       27237.26  72      4150.0   ms
success		1       32      1       61      1       0       26389.76  71      4150.0   ms
success		1       33      1       68      1       0       25819.85  70      4150.0   ms
success		1       34      2       10      2       0       25113.34  69      4150.0   ms
success		1       35      1       2       1       0       24724.42  68      4150.0   ms
success		1       36      1       30      1       0       24290.35  67      4150.0   ms
success		1       37      2       12      2       0       24324.22  66      4150.0   ms
success		1       38      2       35      2       0       23750.64  65      4150.0   ms
success		1       39      1       42      1       0       23540.36  64      4150.0   ms
success		1       40      2       56      2       0       23353.77  63      4150.0   ms
success		1       41      1       44      1       0       22902.13  62      4150.0   ms
success		1       42      1       37      1       0       22328.45  61      4150.0   ms
success		1       43      1       38      1       0       21946.18  60      4150.0   ms
success		1       44      3       33      3       0       21976.19  59      4150.0   ms
success		1       45      2       7       2       0       21304.99  58      4150.0   ms
success		1       46      2       26      2       0       20897.94  57      4150.0   ms
success		1       47      2       11      2       0       20870.16  56      4150.0   ms
success		1       48      2       34      2       0       20549.80  55      4150.0   ms
success		1       49      1       20      1       0       20602.90  54      4150.0   ms
success		1       50      2       39      2       0       20140.66  53      4150.0   ms
success		1       51      2       13      2       0       19325.04  52      4150.0   ms
success		1       52      1       50      1       0       18739.04  51      4150.0   ms
success		1       53      2       22      2       0       18128.62  50      4150.0   ms
success		1       54      1       0       1       0       17410.65  49      4150.0   ms
success		1       55      1       40      1       0       17207.14  48      4150.0   ms
success		1       56      3       11      3       0       16969.77  47      4150.0   ms
success		1       57      2       11      2       0       16786.02  46      4150.0   ms
success		1       58      2       24      2       0       16573.91  45      4150.0   ms
success		1       59      2       21      2       0       16224.93  44      4150.0   ms
success		1       60      2       15      2       0       15624.09  43      4150.0   ms
success		1       61      3       19      3       0       15078.61  42      4150.0   ms
success		1       62      1       37      1       0       14409.47  41      4150.0   ms
success		1       63      1       26      1       0       13925.68  40      4150.0   ms
success		1       64      1       19      1       0       13241.65  39      4150.0   ms
success		1       65      4       7       4       0       13018.28  38      4150.0   ms
success		1       66      2       18      2       0       12653.90  37      4150.0   ms
success		1       67      3       18      3       0       12231.68  36      4150.0   ms
success		1       68      4       12      4       0       12531.98  35      4150.0   ms
success		1       69      3       31      3       0       12238.42  34      4150.0   ms
success		1       70      4       1       4       0       12014.52  33      4150.0   ms
success		1       71      3       14      3       0       10976.64  32      4150.0   ms
success		1       72      3       4       3       0       10536.22  31      4150.0   ms
success		1       73      5       2       4       0       11284.48  30      4150.0   ms
success		1       74      3       7       3       0       10889.97  29      4150.0   ms
success		1       75      4       25      4       0       10324.42  28      4150.0   ms
success		1       76      6       1       5       0       11433.55  27      4150.0   ms
success		1       77      4       25      4       0       10411.46  26      4165.0   ms
success		1       78      9       21      4       0       9074.00   25      4165.0   ms
success		1       79      8       7       4       0       9186.48   24      4165.0   ms
success		1       80      14      13      3       0       8184.03   23      4181.0   ms
success		1       81      36      10      5       0       7578.81   22      4197.0   ms
success		1       82      44      6       5       0       6747.02   21      4243.0   ms
success		1       83      210     8       5       0       6385.95   20      4477.0   ms
success		1       84      463     11      6       0       5083.81   19      5054.0   ms
success		1       0       1       102     1       0       40935.72  103     5834.0   ms
success		1       1       1       49      1       0       40265.53  102     5834.0   ms
success		1       2       1       56      1       0       39829.96  101     5834.0   ms
success		1       3       1       64      1       0       39425.29  100     5850.0   ms
success		1       4       1       93      1       0       38906.71  99      5850.0   ms
success		1       5       1       21      1       0       38763.21  98      5850.0   ms
success		1       6       1       88      1       0       38576.35  97      5850.0   ms
success		1       7       1       69      1       0       38293.01  96      5850.0   ms
success		1       8       1       81      1       0       37997.01  95      5850.0   ms
success		1       9       1       64      1       0       37825.12  94      5850.0   ms
success		1       10      1       38      1       0       37079.86  93      5850.0   ms
success		1       11      1       50      1       0       36593.70  92      5850.0   ms
success		1       12      1       66      1       0       35907.81  91      5850.0   ms
success		1       13      1       72      1       0       35649.51  90      5850.0   ms
success		1       14      1       87      1       0       35066.80  89      5850.0   ms
success		1       15      1       34      1       0       34415.12  88      5850.0   ms
success		1       16      1       78      1       0       34271.76  87      5850.0   ms
success		1       17      1       46      1       0       33881.75  86      5850.0   ms
success		1       18      2       46      2       0       33225.01  85      5850.0   ms
success		1       19      1       31      1       0       33042.27  84      5850.0   ms
success		1       20      1       27      1       0       32566.76  83      5850.0   ms
success		1       21      1       72      1       0       32251.68  82      5850.0   ms
success		1       22      1       10      1       0       31772.06  81      5850.0   ms
success		1       23      2       32      2       0       31296.24  80      5850.0   ms
success		1       24      1       57      1       0       30733.83  79      5850.0   ms
success		1       25      2       49      2       0       30537.44  78      5850.0   ms
success		1       26      3       23      3       0       29621.03  77      5850.0   ms
success		1       27      1       30      1       0       29194.41  76      5850.0   ms
success		1       28      2       28      2       0       28483.64  75      5850.0   ms
success		1       29      2       10      2       0       28082.14  74      5850.0   ms
success		1       30      2       40      2       0       27652.08  73      5850.0   ms
success		1       31      1       52      1       0       27240.72  72      5850.0   ms
success		1       32      2       45      2       0       26532.27  71      5850.0   ms
success		1       33      2       10      2       0       25980.27  70      5850.0   ms
success		1       34      1       28      1       0       25803.44  69      5850.0   ms
success		1       35      2       25      2       0       25466.77  68      5850.0   ms
success		1       36      1       35      1       0       24971.50  67      5850.0   ms
success		1       37      1       63      1       0       24316.77  66      5850.0   ms
success		1       38      3       32      3       0       24301.22  65      5850.0   ms
success		1       39      2       0       2       0       23651.22  64      5850.0   ms
success		1       40      2       45      2       0       23148.17  63      5850.0   ms
success		1       41      3       6       3       0       22914.09  62      5850.0   ms
success		1       42      2       24      2       0       22355.30  61      5850.0   ms
success		1       43      1       5       1       0       21647.89  60      5850.0   ms
success		1       44      3       11      3       0       21065.57  59      5850.0   ms
success		1       45      3       21      3       0       20820.99  58      5850.0   ms
success		1       46      2       18      2       0       20455.96  57      5850.0   ms
success		1       47      1       15      1       0       20515.58  56      5850.0   ms
success		1       48      2       22      2       0       19956.96  55      5850.0   ms
success		1       49      2       27      2       0       19684.06  54      5850.0   ms
success		1       50      2       49      2       0       19404.19  53      5850.0   ms
success		1       51      3       38      3       0       18314.00  52      5850.0   ms
success		1       52      3       45      3       0       17616.74  51      5850.0   ms
success		1       53      1       6       1       0       17380.47  50      5850.0   ms
success		1       54      4       23      4       0       16919.62  49      5850.0   ms
success		1       55      2       18      2       0       16620.69  48      5850.0   ms
success		1       56      1       26      1       0       16107.96  47      5850.0   ms
success		1       57      2       34      2       0       15650.30  46      5850.0   ms
success		1       58      1       35      1       0       14892.70  45      5850.0   ms
success		1       59      4       20      4       0       13717.94  44      5850.0   ms
success		1       60      2       12      2       0       13633.55  43      5850.0   ms
success		1       61      2       3       2       0       13583.03  42      5850.0   ms
success		1       62      2       40      2       0       13204.69  41      5850.0   ms
success		1       63      2       0       2       0       12637.95  40      5850.0   ms
success		1       64      2       3       2       0       12697.41  39      5850.0   ms
success		1       65      2       20      2       0       12422.74  38      5850.0   ms
success		1       66      3       31      3       0       11974.87  37      5850.0   ms
success		1       67      3       8       3       0       11955.09  36      5850.0   ms
success		1       68      3       28      3       0       11415.28  35      5850.0   ms
success		1       69      4       0       4       0       11600.56  34      5850.0   ms
success		1       70      3       33      3       0       11053.28  33      5850.0   ms
success		1       71      3       31      3       0       10517.89  32      5850.0   ms
success		1       72      4       31      4       0       9812.13   31      5850.0   ms
success		1       73      3       23      3       0       9457.56   30      5850.0   ms
success		1       74      5       12      4       0       10255.76  29      5850.0   ms
success		1       75      3       15      3       0       9659.96   28      5850.0   ms
success		1       76      2       23      2       0       9484.94   27      5850.0   ms
success		1       77      7       18      4       0       9839.52   26      5850.0   ms
success		1       78      11      25      4       0       8902.45   25      5866.0   ms
success		1       79      12      5       5       0       9048.66   24      5866.0   ms
success		1       80      16      20      3       0       8205.60   23      5881.0   ms
success		1       81      24      4       4       0       6938.62   22      5897.0   ms
success		1       82      38      15      5       0       6361.95   21      5928.0   ms
success		1       83      99      4       5       0       6131.34   20      6022.0   ms
success		1       84      311     0       5       0       5360.79   19      6412.0   ms
success		1       0       1       18      1       0       40872.60  103     7192.0   ms
success		1       1       1       65      1       0       40371.44  102     7192.0   ms
success		1       2       1       8       1       0       40034.77  101     7192.0   ms
success		1       3       1       19      1       0       39813.14  100     7192.0   ms
success		1       4       1       82      1       0       39194.27  99      7192.0   ms
success		1       5       1       47      1       0       38885.24  98      7192.0   ms
success		1       6       1       17      1       0       38049.04  97      7192.0   ms
success		1       7       1       41      1       0       37725.49  96      7192.0   ms
success		1       8       1       30      1       0       37040.04  95      7192.0   ms
success		1       9       1       34      1       0       36292.79  94      7192.0   ms
success		1       10      1       21      1       0       36206.79  93      7192.0   ms
success		1       11      1       52      1       0       35517.95  92      7192.0   ms
success		1       12      2       6       2       0       34826.14  91      7192.0   ms
success		1       13      1       88      1       0       34093.50  90      7192.0   ms
success		1       14      1       0       1       0       33430.08  89      7192.0   ms
success		1       15      1       54      1       0       32677.24  88      7192.0   ms
success		1       16      1       24      1       0       32509.36  87      7192.0   ms
success		1       17      1       79      1       0       31811.13  86      7192.0   ms
success		1       18      1       69      1       0       31745.17  85      7192.0   ms
success		1       19      2       57      2       0       31404.84  84      7192.0   ms
success		1       20      1       72      1       0       31152.73  83      7192.0   ms
success		1       21      3       29      3       0       31165.55  82      7192.0   ms
success		1       22      1       1       1       0       30828.13  81      7192.0   ms
success		1       23      2       57      2       0       30217.18  80      7192.0   ms
success		1       24      1       5       1       0       30115.17  79      7192.0   ms
success		1       25      1       52      1       0       29862.13  78      7192.0   ms
success		1       26      1       43      1       0       29513.68  77      7192.0   ms
success		1       27      2       71      2       0       29292.39  76      7192.0   ms
success		1       28      2       71      2       0       28993.15  75      7192.0   ms
success		1       29      2       30      2       0       28473.43  74      7192.0   ms
success		1       30      1       7       1       0       28308.52  73      7192.0   ms
success		1       31      1       34      1       0       28065.07  72      7192.0   ms
success		1       32      1       8       1       0       27478.59  71      7192.0   ms
success		1       33      1       67      1       0       26975.39  70      7192.0   ms
success		1       34      1       46      1       0       26495.04  69      7192.0   ms
success		1       35      1       42      1       0       26006.42  68      7192.0   ms
success		1       36      2       62      2       0       25764.86  67      7192.0   ms
success		1       37      1       27      1       0       25398.90  66      7192.0   ms
success		1       38      1       49      1       0       24796.05  65      7192.0   ms
success		1       39      1       1       1       0       24379.49  64      7192.0   ms
success		1       40      1       37      1       0       23866.65  63      7192.0   ms
success		1       41      1       4       1       0       23549.96  62      7192.0   ms
success		1       42      1       46      1       0       23189.50  61      7192.0   ms
success		1       43      2       25      2       0       22645.75  60      7192.0   ms
success		1       44      2       55      2       0       22001.06  59      7192.0   ms
success		1       45      1       32      1       0       21469.18  58      7192.0   ms
success		1       46      2       53      2       0       21282.33  57      7192.0   ms
success		1       47      3       31      3       0       20563.16  56      7192.0   ms
success		1       48      2       30      2       0       20124.34  55      7192.0   ms
success		1       49      2       49      2       0       19327.57  54      7207.0   ms
success		1       50      3       47      3       0       19278.24  53      7207.0   ms
success		1       51      1       1       1       0       18824.06  52      7207.0   ms
success		1       52      1       9       1       0       18715.96  51      7207.0   ms
success		1       53      1       22      1       0       18137.39  50      7207.0   ms
success		1       54      2       42      2       0       17583.47  49      7207.0   ms
success		1       55      1       5       1       0       17257.06  48      7207.0   ms
success		1       56      2       5       2       0       16902.73  47      7207.0   ms
success		1       57      3       9       3       0       16089.19  46      7207.0   ms
success		1       58      2       13      2       0       15674.66  45      7207.0   ms
success		1       59      2       3       2       0       15410.62  44      7207.0   ms
success		1       60      3       34      3       0       14880.97  43      7207.0   ms
success		1       61      2       32      2       0       14542.68  42      7207.0   ms
success		1       62      1       10      1       0       13876.07  41      7207.0   ms
success		1       63      2       24      2       0       13528.16  40      7207.0   ms
success		1       64      3       3       3       0       13015.34  39      7207.0   ms
success		1       65      3       17      3       0       12553.81  38      7207.0   ms
success		1       66      3       0       3       0       12147.03  37      7207.0   ms
success		1       67      3       30      3       0       11753.56  36      7207.0   ms
success		1       68      3       5       3       0       11159.63  35      7207.0   ms
success		1       69      4       21      4       0       11169.09  34      7207.0   ms
success		1       70      2       18      2       0       11067.01  33      7207.0   ms
success		1       71      3       2       3       0       10421.31  32      7207.0   ms
success		1       72      3       0       3       0       9773.92   31      7207.0   ms
success		1       73      3       26      3       0       9571.04   30      7207.0   ms
success		1       74      3       18      3       0       9015.27   29      7207.0   ms
success		1       75      3       19      3       0       8761.74   28      7207.0   ms
success		1       76      8       24      4       0       10513.40  27      7207.0   ms
success		1       77      7       24      4       0       9619.25   26      7207.0   ms
success		1       78      7       11      4       0       8860.29   25      7207.0   ms
success		1       79      17      8       4       0       8660.76   24      7223.0   ms
success		1       80      25      0       5       0       8818.11   23      7238.0   ms
success		1       81      35      19      4       0       7291.03   22      7270.0   ms
success		1       82      70      16      5       0       7380.98   21      7332.0   ms
success		1       83      279     15      5       0       6205.63   20      7628.0   ms
cross iterater0
bad   	success		5547.36   5596.43   19      8689.0   ms cross
rand   	bad   	rand   	ab
ab7	0
cross iterater1
bad   	success		5484.31   5792.37   20      10982.0  ms cross
rand   	bad   	success		5873.09   5286.33   19      12355.0  ms cross
rand   	ab
ab6	2
ab7	5
fail		5212.95   5423.72   19      13853.0  ms
fail		5361.08   5556.46   19      14680.0  ms
cross iterater2
bad   	success		6026.59   5814.13   20      14680.0  ms cross
rand   	success		5625.17   5772.75   19      15350.0  ms cross
bad   	rand   	bad   	rand   	bad   	success		5477.20   5376.34   20      18424.0  ms cross
rand   	success		5638.67   5228.53   19      19001.0  ms cross
ab
ab7	0
fail		5547.36   5613.64   19      19765.0  ms
cross iterater3
bad   	success		5618.86   5121.81   19      20264.0  ms cross
rand   	bad   	success		5620.91   5492.78   19      21621.0  ms cross
rand   	ab
ab6	4
ab7	3
cross iterater4
bad   	rand   	bad   	success		5381.51   5534.37   19      23915.0  ms cross
rand   	ab
ab6	3
ab7	5
fail		5127.04   5287.18   19      25459.0  ms
cross iterater5
bad   	rand   	bad   	success		5212.95   5416.65   19      27066.0  ms cross
rand   	ab
ab6	4
fail		5391.93   5629.43   19      28579.0  ms
fail		5166.31   5391.89   19      29343.0  ms
cross iterater6
bad   	rand   	bad   	rand   	ab
ab6	1
fail		5212.95   5423.72   19      33290.0  ms
fail		5131.75   5336.20   19      34086.0  ms
cross iterater7
bad   	rand   	bad   	rand   	ab
ab7	2
fail		5059.01   5251.83   19      37814.0  ms
fail		5131.75   5336.20   19      38594.0  ms
fail		5127.04   5287.18   19      39390.0  ms
cross iterater8
bad   	rand   	bad   	rand   	ab
ab7	0
fail		5027.94   5221.51   19      43336.0  ms
cross iterater9
bad   	rand   	bad   	success		5169.54   5359.04   19      44881.0  ms cross
rand   	ab
ab7	4
ab6	2
cross iterater10
bad   	success		5307.92   5389.88   19      45692.0  ms cross
rand   	bad   	success		5016.53   5203.87   19      46472.0  ms cross
rand   	ab
ab7	1
fail		5219.02   5412.58   19      47970.0  ms
fail		5016.53   5209.35   19      48765.0  ms
fail		5027.94   5221.51   19      49514.0  ms
cross iterater11
bad   	success		5134.08   5280.11   19      49514.0  ms cross
rand   	bad   	rand   	ab
ab6	1
fail		5016.53   5209.35   19      52743.0  ms
fail		5131.75   5336.20   19      53492.0  ms
cross iterater12
ab
fail		5016.53   5209.35   19      54319.0  ms
cross iterater13
bad   	rand   	bad   	rand   	ab
ab6	1
fail		5027.94   5221.51   19      58359.0  ms
cross iterater14
bad   	success		5179.55   5281.97   19      58359.0  ms cross
rand   	bad   	success		4976.40   5165.23   19      59139.0  ms cross
rand   	ab
ab6	1
fail		5124.44   5341.60   19      60340.0  ms
fail		5118.71   5335.88   19      60808.0  ms
cross iterater15
bad   	rand   	bad   	rand   	ab
ab7	0
ab6	1
fail		4976.40   5169.21   19      63289.0  ms
fail		5131.75   5336.20   19      63788.0  ms
cross iterater16
bad   	success		5106.89   5172.16   19      63788.0  ms cross
rand   	bad   	success		5093.94   5247.11   19      64256.0  ms cross
rand   	ab
ab6	3
cross iterater17
bad   	rand   	bad   	success		5214.79   5325.53   19      65738.0  ms cross
rand   	ab
ab7	1
fail		5106.89   5231.06   19      66705.0  ms
cross iterater18
bad   	success		5219.59   5234.01   19      66705.0  ms cross
rand   	bad   	success		5287.78   5312.95   19      67220.0  ms cross
rand   	ab
ab7	0
ab6	1
fail		5106.89   5231.06   19      68187.0  ms
fail		5118.71   5335.88   19      68655.0  ms
cross iterater19
bad   	success		5008.23   5174.40   19      68655.0  ms cross
rand   	bad   	success		5212.00   5329.84   19      69154.0  ms cross
rand   	ab
ab6	0
cross iterater20
bad   	rand   	bad   	rand   	ab
ab6	3
fail		5093.94   5254.08   19      73803.0  ms
cross iterater21
bad   	rand   	bad   	rand   	ab
ab6	1
fail		5093.94   5254.08   19      77484.0  ms
cross iterater22
ab
ab6	3
ab7	5
fail		5092.18   5216.35   19      77952.0  ms
fail		5008.23   5201.79   19      78467.0  ms
cross iterater23
bad   	success		5133.17   5115.02   19      78467.0  ms cross
rand   	bad   	rand   	ab
ab6	1
fail		5188.68   5312.85   19      80308.0  ms
fail		5188.68   5312.85   19      80792.0  ms
cross iterater24
bad   	success		5015.26   5194.72   19      80792.0  ms cross
rand   	bad   	rand   	ab
ab6	3
cross iterater25
ab
ab6	1
fail		5151.92   5276.09   19      83443.0  ms
fail		4976.40   5169.21   19      84286.0  ms
fail		5064.45   5188.62   19      85066.0  ms
cross iterater26
bad   	success		5139.63   5255.59   19      85066.0  ms cross
rand   	bad   	rand   	ab
ab7	0
fail		5015.26   5208.82   19      88295.0  ms
cross iterater27
bad   	rand   	bad   	success		4944.52   5065.16   19      89949.0  ms cross
rand   	ab
ab6	4
fail		5282.00   5406.17   19      91555.0  ms
fail		4976.40   5169.21   19      92289.0  ms
cross iterater28
ab
ab6	1
fail		4976.40   5169.21   19      92959.0  ms
cross iterater29
bad   	success		5113.40   5201.52   19      92959.0  ms cross
rand   	bad   	rand   	ab
ab6	4
cross iterater30
bad   	rand   	bad   	success		5061.84   5181.55   19      97047.0  ms cross
rand   	ab
fail		4944.52   5068.69   19      98560.0  ms
fail		4962.38   5086.55   19      99340.0  ms
fail		5061.84   5186.02   19      100213.0 ms
cross iterater31
bad   	rand   	bad   	success		4849.23   4988.46   19      101820.0 ms cross
rand   	ab
ab7	5
fail		4802.12   4984.59   19      103474.0 ms
fail		4944.52   5068.69   19      104285.0 ms
cross iterater32
bad   	success		5050.51   5185.49   19      104285.0 ms cross
rand   	bad   	rand   	ab
ab7	2
ab6	0
fail		4817.02   4999.50   19      107701.0 ms
fail		4962.38   5086.55   19      108512.0 ms
cross iterater33
bad   	success		4880.81   4990.68   19      108512.0 ms cross
rand   	bad   	rand   	ab
ab6	3
ab7	4
cross iterater34
bad   	success		4831.55   5009.56   19      110868.0 ms cross
rand   	bad   	rand   	ab
ab6	5
cross iterater35
bad   	rand   	bad   	success		5084.33   5152.16   19      114612.0 ms cross
rand   	ab
ab6	1
ab7	0
cross iterater36
bad   	success		4824.04   4992.21   19      115439.0 ms cross
rand   	bad   	rand   	ab
ab7	4
ab6	5
fail		4890.65   5050.07   19      118543.0 ms
cross iterater37
ab
ab6	1
fail		5008.53   5084.66   19      119401.0 ms
fail		4791.47   4973.94   19      120134.0 ms
cross iterater38
bad   	rand   	bad   	rand   	ab
ab7	0
fail		4998.82   5074.95   19      124003.0 ms
cross iterater39
bad   	success		5071.23   5120.33   19      124533.0 ms cross
rand   	bad   	success		4718.90   4787.03   19      125360.0 ms cross
rand   	ab
ab6	0
cross iterater40
ab
ab6	1
fail		5123.97   5200.10   19      127482.0 ms
cross iterater41
bad   	rand   	bad   	success		5464.33   5340.41   19      129556.0 ms cross
rand   	ab
ab7	0
ab6	1
fail		5015.33   5174.75   19      131101.0 ms
cross iterater42
bad   	rand   	success		5553.17   5624.96   19      132489.0 ms cross
bad   	success		5074.57   5123.67   19      132489.0 ms cross
rand   	ab
ab6	2
cross iterater43
bad   	success		5640.54   5220.51   19      133706.0 ms cross
rand   	bad   	success		5120.68   5185.62   19      134314.0 ms cross
rand   	ab
ab6	0
fail		5120.68   5196.81   19      135843.0 ms
cross iterater44
bad   	success		4909.12   5066.49   19      135843.0 ms cross
rand   	bad   	success		4842.12   4926.51   19      136623.0 ms cross
rand   	ab
ab6	1
fail		4909.12   5068.54   19      138214.0 ms
cross iterater45
ab
cross iterater46
bad   	rand   	bad   	success		4842.33   4984.13   19      139821.0 ms cross
rand   	ab
fail		5095.15   5173.58   19      141350.0 ms
fail		4971.24   5095.41   19      142208.0 ms
cross iterater47
bad   	rand   	bad   	rand   	ab
ab7	0
cross iterater48
bad   	rand   	bad   	success		4909.33   5061.46   19      147122.0 ms cross
rand   	ab
ab6	1
fail		4909.33   5068.75   19      148760.0 ms
fail		4971.24   5095.41   19      149587.0 ms
cross iterater49
bad   	rand   	bad   	rand   	ab
cross iterater50
bad   	success		5063.25   5080.48   19      152785.0 ms cross
rand   	bad   	success		5138.88   5185.72   19      153580.0 ms cross
rand   	ab
ab6	1
fail		5398.16   5496.27   19      155218.0 ms
fail		4971.24   5095.41   19      155998.0 ms
cross iterater51
bad   	success		4909.12   5061.46   19      156076.0 ms cross
rand   	bad   	rand   	ab
ab7	0
cross iterater52
bad   	success		4951.95   5073.32   19      158463.0 ms cross
rand   	bad   	success		5485.55   5501.33   19      159321.0 ms cross
rand   	ab
ab6	1
fail		4909.12   5068.54   19      160959.0 ms
fail		4951.95   5076.13   19      161739.0 ms
cross iterater53
ab
cross iterater54
bad   	success		4993.70   5068.58   19      161739.0 ms cross
rand   	bad   	success		4939.67   5084.99   19      162550.0 ms cross
rand   	ab
fail		4842.33   4991.41   19      164141.0 ms
cross iterater55
bad   	rand   	bad   	rand   	ab
ab6	0
cross iterater56
ab
cross iterater57
ab
fail		5484.56   5582.67   19      168244.0 ms
fail		5492.28   5590.39   19      169008.0 ms
fail		4993.70   5069.83   19      169788.0 ms
cross iterater58
bad   	rand   	bad   	rand   	ab
ab6	1
fail		4842.33   4991.41   19      173735.0 ms
cross iterater59
bad   	rand   	bad   	rand   	ab
ab6	1
fail		5373.73   5471.83   19      177760.0 ms
cross iterater60
bad   	success		4869.75   5028.49   19      177760.0 ms cross
rand   	bad   	success		5038.80   5100.63   19      178587.0 ms cross
rand   	ab
ab7	0
fail		5038.80   5114.93   19      180100.0 ms
fail		4842.33   4991.41   19      180880.0 ms
cross iterater61
bad   	rand   	bad   	success		4958.99   5069.06   19      182455.0 ms cross
rand   	ab
fail		5254.20   5352.31   19      184078.0 ms
fail		4958.99   5083.16   19      184889.0 ms
cross iterater62
bad   	rand   	bad   	success		4869.96   5022.10   19      186574.0 ms cross
rand   	ab
fail		4842.33   4991.41   19      188259.0 ms
fail		4958.99   5083.16   19      189007.0 ms
cross iterater63
bad   	rand   	bad   	success		5407.42   5519.58   19      190630.0 ms cross
rand   	ab
ab6	1
fail		4952.16   5076.34   19      192190.0 ms
cross iterater64
ab
fail		5287.18   5385.29   19      192907.0 ms
fail		4869.96   5029.38   19      193687.0 ms
cross iterater65
bad   	success		5398.86   5311.26   19      193937.0 ms cross
rand   	bad   	success		5277.03   5389.97   19      194701.0 ms cross
rand   	ab
ab7	1
ab6	3
fail		4952.16   5076.34   19      196230.0 ms
cross iterater66
bad   	rand   	bad   	rand   	ab
ab7	3
fail		5067.01   5165.11   19      200161.0 ms
fail		5038.80   5114.93   19      200863.0 ms
cross iterater67
bad   	success		4994.40   5104.27   19      200879.0 ms cross
rand   	bad   	success		4996.56   5068.79   19      201628.0 ms cross
rand   	ab
ab6	3
fail		4996.56   5072.69   19      203188.0 ms
fail		5067.01   5165.11   19      204030.0 ms
fail		4869.96   5029.38   19      204826.0 ms
cross iterater68
bad   	success		5423.63   5571.36   19      205512.0 ms cross
rand   	bad   	success		5044.20   5071.57   19      206417.0 ms cross
rand   	ab
ab6	4
fail		5044.20   5149.55   19      208039.0 ms
fail		5465.02   5561.32   19      208819.0 ms
cross iterater69
bad   	success		5038.80   5100.63   19      208819.0 ms cross
rand   	bad   	success		4989.77   5072.43   19      209599.0 ms cross
rand   	ab
ab6	1
fail		4963.01   5076.46   19      211159.0 ms
fail		5044.20   5149.55   19      211939.0 ms
fail		5038.80   5114.93   19      212750.0 ms
fail		4989.77   5113.94   19      213608.0 ms
cross iterater70
ab
ab6	3
ab7	4
fail		5152.48   5268.16   19      214435.0 ms
cross iterater71
bad   	success		5031.83   5068.79   19      214435.0 ms cross
rand   	bad   	success		5090.72   5173.57   19      215262.0 ms cross
rand   	ab
ab6	1
fail		5132.65   5188.42   19      216853.0 ms
fail		5031.83   5107.96   19      217664.0 ms
fail		4989.77   5113.94   19      218429.0 ms
cross iterater72
bad   	rand   	bad   	rand   	ab
ab7	4
fail		4963.01   5076.46   19      222344.0 ms
fail		4996.70   5102.05   19      223186.0 ms
cross iterater73
ab
ab7	0
cross iterater74
bad   	success		5226.56   5130.69   19      223186.0 ms cross
rand   	bad   	rand   	ab
ab6	5
ab7	1
fail		4993.55   5098.89   19      226525.0 ms
cross iterater75
bad   	rand   	bad   	success		4962.80   5069.18   19      228116.0 ms cross
rand   	ab
ab6	5
ab7	2
fail		5119.35   5309.79   19      229692.0 ms
fail		5027.20   5072.46   19      230503.0 ms
cross iterater76
bad   	rand   	bad   	rand   	ab
ab7	0
fail		5184.56   5229.83   19      234621.0 ms
fail		5144.54   5239.92   19      235120.0 ms
fail		5027.20   5072.46   19      235869.0 ms
fail		4962.80   5076.25   19      236680.0 ms
fail		5079.46   5280.86   19      237523.0 ms
cross iterater77
bad   	success		5361.73   5262.15   19      238100.0 ms cross
rand   	bad   	success		5150.02   5194.41   19      238911.0 ms cross
rand   	ab
ab6	5
ab7	2
fail		5150.02   5245.40   19      240409.0 ms
cross iterater78
bad   	rand   	bad   	success		5085.94   5125.17   19      242062.0 ms cross
rand   	ab
ab6	1
fail		5058.48   5103.75   19      243763.0 ms
cross iterater79
bad   	success		5186.36   5161.92   19      243763.0 ms cross
rand   	bad   	rand   	ab
ab6	0
cross iterater80
bad   	rand   	bad   	rand   	ab
ab6	1
cross iterater81
ab
ab6	5
ab7	2
fail		4963.01   5076.46   19      249301.0 ms
fail		4928.25   5033.60   19      250143.0 ms
cross iterater82
bad   	success		5031.25   5069.18   19      250143.0 ms cross
rand   	bad   	rand   	ab
ab6	3
ab7	1
cross iterater83
bad   	rand   	bad   	success		4935.93   5026.53   19      254277.0 ms cross
rand   	ab
ab6	2
fail		5231.15   5295.56   19      255977.0 ms
fail		5256.75   5312.35   19      256679.0 ms
cross iterater84
ab
ab6	3
fail		5343.50   5451.52   19      257537.0 ms
fail		4935.93   5041.28   19      258333.0 ms
fail		5143.26   5198.87   19      259144.0 ms
cross iterater85
ab
ab6	1
fail		5141.45   5157.66   19      259924.0 ms
cross iterater86
ab
ab6	2
ab7	5
fail		4935.93   5041.28   19      260735.0 ms
fail		5223.03   5233.37   19      261500.0 ms
cross iterater87
bad   	success		5087.99   5086.67   19      261500.0 ms cross
rand   	bad   	rand   	ab
ab6	3
fail		5328.91   5339.25   19      264557.0 ms
fail		4935.93   5041.28   19      265368.0 ms
fail		5087.99   5098.33   19      266148.0 ms
cross iterater88
bad   	rand   	bad   	rand   	ab
ab6	1
ab7	3
fail		5225.74   5273.66   19      268707.0 ms
fail		5087.99   5098.33   19      269222.0 ms
cross iterater89
ab
ab6	3
fail		5264.58   5274.92   19      269814.0 ms
fail		5087.99   5098.33   19      270594.0 ms
cross iterater90
bad   	rand   	bad   	success		5057.75   4984.91   19      272357.0 ms cross
rand   	ab
ab6	2
fail		5120.37   5199.71   19      273933.0 ms
fail		5087.99   5098.33   19      274759.0 ms
cross iterater91
bad   	success		4967.55   5041.79   19      274759.0 ms cross
rand   	bad   	success		5006.22   4947.89   19      275539.0 ms cross
rand   	ab
ab6	1
fail		5057.75   5068.08   19      277006.0 ms
cross iterater92
bad   	success		5745.62   5730.18   19      277162.0 ms cross
rand   	bad   	success		4998.64   4859.88   19      277630.0 ms cross
rand   	ab
ab6	5
ab7	4
fail		5006.22   5016.56   19      278550.0 ms
cross iterater93
bad   	rand   	bad   	rand   	ab
ab7	2
ab6	3
fail		4918.34   4943.00   19      282091.0 ms
cross iterater94
bad   	rand   	success		4900.90   4764.03   19      282840.0 ms cross
bad   	success		5038.81   4974.58   19      282840.0 ms cross
rand   	ab
ab7	2
cross iterater95
bad   	rand   	bad   	success		5535.99   5435.75   19      285882.0 ms cross
rand   	ab
ab7	2
ab6	0
cross iterater96
bad   	success		4911.27   4907.22   19      286693.0 ms cross
rand   	bad   	rand   	ab
ab7	1
fail		4911.27   4924.66   19      290000.0 ms
fail		4807.05   4831.71   19      290812.0 ms
cross iterater97
bad   	rand   	bad   	success		5008.99   5012.04   19      292340.0 ms cross
rand   	ab
ab7	2
fail		5081.86   5145.56   19      293963.0 ms
fail		4900.90   4914.29   19      294727.0 ms
cross iterater98
ab
ab7	0
fail		5226.68   5293.46   19      295523.0 ms
fail		4918.34   4943.00   19      296350.0 ms
cross iterater99
bad   	rand   	bad   	success		5169.88   5082.63   19      297956.0 ms cross
rand   	ab
ab6	1
fail		4900.90   4914.29   19      299626.0 ms

R.size:19

1		30	19	192	196	26	170	168	194	195	105	15	198	
2		120	173	45	6	11	13	43	24	100	74	
3		133	48	112	20	31	89	169	59	64	109	179	206	
4		131	44	178	154	175	204	176	128	95	17	
5		50	156	134	21	182	163	145	79	87	29	42	123	
6		119	35	155	57	84	121	1	9	
7		5	10	83	60	193	180	4	36	165	108	188	158	
8		166	144	118	33	191	72	126	71	187	142	
9		93	55	184	114	150	161	202	185	7	111	
10		101	102	62	68	61	97	199	138	37	81	208	99	
11		23	75	40	152	14	153	52	92	96	130	28	149	
12		113	78	82	125	143	190	46	106	167	34	53	183	
13		135	58	8	54	132	3	151	16	137	117	
14		129	66	47	164	116	91	70	2	90	39	67	107	
15		27	80	85	76	146	22	140	98	157	63	203	56	
16		147	160	86	171	32	51	174	200	189	136	
17		12	73	41	201	65	115	94	205	122	139	162	207	
18		103	124	197	148	141	69	25	172	77	110	
19		38	159	177	88	18	104	186	127	181	49	

data1/pdp200/LC1_2_10.txt
total_cost 4718.903393

