success		1       0       1       13      1       0       111814.80 100     31.0     ms
success		1       1       1       65      1       0       111784.09 99      31.0     ms
success		1       2       1       85      1       0       111279.07 98      31.0     ms
success		1       3       1       72      1       0       110381.23 97      31.0     ms
success		1       4       1       0       1       0       108607.88 96      31.0     ms
success		1       5       1       34      1       0       108021.81 95      31.0     ms
success		1       6       1       41      1       0       107240.19 94      31.0     ms
success		1       7       1       27      1       0       106041.62 93      31.0     ms
success		1       8       1       38      1       0       104163.68 92      31.0     ms
success		1       9       1       61      1       0       102755.86 91      31.0     ms
success		1       10      1       35      1       0       102502.99 90      31.0     ms
success		1       11      2       84      2       0       101220.90 89      31.0     ms
success		1       12      1       54      1       0       100681.54 88      31.0     ms
success		1       13      2       70      2       0       99644.81  87      31.0     ms
success		1       14      1       15      1       0       98568.84  86      31.0     ms
success		1       15      1       20      1       0       98296.65  85      31.0     ms
success		1       16      1       72      1       0       97210.36  84      31.0     ms
success		1       17      1       50      1       0       97090.24  83      31.0     ms
success		1       18      1       11      1       0       96768.66  82      31.0     ms
success		1       19      1       76      1       0       95868.18  81      31.0     ms
success		1       20      3       70      3       0       95342.89  80      31.0     ms
success		1       21      1       33      1       0       95026.91  79      31.0     ms
success		1       22      1       46      1       0       94491.61  78      31.0     ms
success		1       23      1       36      1       0       93428.66  77      31.0     ms
success		1       24      1       30      1       0       92120.82  76      31.0     ms
success		1       25      3       11      3       0       91386.08  75      31.0     ms
success		1       26      1       1       1       0       91162.40  74      31.0     ms
success		1       27      2       23      2       0       90303.87  73      31.0     ms
success		1       28      1       66      1       0       89190.60  72      31.0     ms
success		1       29      1       16      1       0       88119.12  71      31.0     ms
success		1       30      1       38      1       0       87425.10  70      31.0     ms
success		1       31      1       53      1       0       86408.79  69      31.0     ms
success		1       32      1       23      1       0       85027.17  68      31.0     ms
success		1       33      1       39      1       0       84321.35  67      31.0     ms
success		1       34      3       14      3       0       84107.97  66      31.0     ms
success		1       35      1       28      1       0       82667.97  65      31.0     ms
success		1       36      3       27      3       0       82061.84  64      31.0     ms
success		1       37      1       59      1       0       81508.46  63      31.0     ms
success		1       38      1       25      1       0       81234.69  62      31.0     ms
success		1       39      2       33      2       0       81072.07  61      31.0     ms
success		1       40      1       46      1       0       80554.82  60      31.0     ms
success		1       41      2       14      2       0       79315.72  59      31.0     ms
success		1       42      3       14      3       0       77685.88  58      31.0     ms
success		1       43      1       49      1       0       76400.43  57      31.0     ms
success		1       44      2       27      2       0       76147.55  56      31.0     ms
success		1       45      3       51      3       0       75641.82  55      47.0     ms
success		1       46      4       5       4       0       74131.89  54      47.0     ms
success		1       47      2       23      2       0       74007.80  53      47.0     ms
success		1       48      1       52      1       0       73679.81  52      47.0     ms
success		1       49      1       25      1       0       72456.47  51      47.0     ms
success		1       50      1       23      1       0       70968.56  50      47.0     ms
success		1       51      5       39      5       0       69632.84  49      47.0     ms
success		1       52      2       21      2       0       68665.65  48      47.0     ms
success		1       53      3       11      3       0       67925.99  47      47.0     ms
success		1       54      3       7       3       0       66353.98  46      47.0     ms
success		1       55      1       12      1       0       64761.94  45      47.0     ms
success		1       56      3       8       3       0       64073.58  44      47.0     ms
success		1       57      1       2       1       0       62926.84  43      47.0     ms
success		1       58      4       8       4       0       61848.78  42      47.0     ms
success		1       59      1       1       1       0       61315.99  41      47.0     ms
success		1       60      1       14      1       0       60161.15  40      47.0     ms
success		1       61      1       22      1       0       58664.28  39      47.0     ms
success		1       62      3       18      3       0       57223.11  38      47.0     ms
success		1       63      3       19      3       0       55935.50  37      47.0     ms
success		1       64      2       13      2       0       54721.84  36      47.0     ms
success		1       65      1       25      1       0       53156.29  35      47.0     ms
success		1       66      1       32      1       0       52673.22  34      47.0     ms
success		1       67      3       1       3       0       51160.77  33      47.0     ms
success		1       68      3       14      3       0       49888.57  32      47.0     ms
success		1       69      1       29      1       0       47883.82  31      47.0     ms
success		1       70      2       22      2       0       46721.64  30      47.0     ms
success		1       71      4       21      4       0       45204.58  29      47.0     ms
success		1       72      2       27      2       0       43471.16  28      47.0     ms
success		1       73      2       21      2       0       42884.13  27      47.0     ms
success		1       74      3       18      3       0       41637.29  26      47.0     ms
success		1       75      4       4       4       0       40419.74  25      47.0     ms
success		1       76      4       7       4       0       38525.15  24      47.0     ms
success		1       77      4       0       4       0       36587.38  23      47.0     ms
success		1       78      3       10      3       0       35051.36  22      47.0     ms
success		1       79      5       10      5       0       33648.65  21      47.0     ms
success		1       80      6       3       6       0       32769.25  20      47.0     ms
success		1       81      4       14      4       0       31179.42  19      47.0     ms
success		1       82      7       14      5       0       32103.33  18      47.0     ms
success		1       83      9       2       9       0       30960.47  17      47.0     ms
success		1       84      8       12      6       0       28800.28  16      47.0     ms
success		1       85      5       3       5       0       26933.39  15      47.0     ms
success		1       86      9       6       5       0       26560.05  14      63.0     ms
success		1       87      10      4       10      0       24066.26  13      63.0     ms
success		1       88      14      10      10      0       22257.46  12      63.0     ms
success		1       89      22      1       10      0       20150.77  11      94.0     ms
success		1       90      50      10      7       0       18568.68  10      390.0    ms
success		1       0       1       81      1       0       124651.21 100     6927.0   ms
success		1       1       1       24      1       0       123979.48 99      6927.0   ms
success		1       2       1       58      1       0       122667.99 98      6927.0   ms
success		1       3       1       57      1       0       121350.96 97      6927.0   ms
success		1       4       1       67      1       0       120700.69 96      6927.0   ms
success		1       5       1       92      1       0       119933.56 95      6927.0   ms
success		1       6       1       73      1       0       119392.96 94      6927.0   ms
success		1       7       1       91      1       0       118230.91 93      6927.0   ms
success		1       8       1       6       1       0       116688.16 92      6942.0   ms
success		1       9       1       67      1       0       115760.95 91      6942.0   ms
success		1       10      1       24      1       0       115470.84 90      6942.0   ms
success		1       11      1       77      1       0       114140.38 89      6942.0   ms
success		1       12      1       37      1       0       113655.82 88      6942.0   ms
success		1       13      1       83      1       0       112719.15 87      6942.0   ms
success		1       14      1       84      1       0       111793.69 86      6942.0   ms
success		1       15      1       7       1       0       110340.03 85      6942.0   ms
success		1       16      1       7       1       0       109473.66 84      6942.0   ms
success		1       17      1       56      1       0       108109.73 83      6942.0   ms
success		1       18      1       55      1       0       106325.32 82      6942.0   ms
success		1       19      1       36      1       0       104948.64 81      6942.0   ms
success		1       20      1       58      1       0       104263.58 80      6942.0   ms
success		1       21      1       3       1       0       103554.17 79      6942.0   ms
success		1       22      1       64      1       0       103339.17 78      6942.0   ms
success		1       23      2       5       2       0       102113.79 77      6942.0   ms
success		1       24      1       66      1       0       100579.64 76      6942.0   ms
success		1       25      1       45      1       0       100039.88 75      6942.0   ms
success		1       26      1       40      1       0       98463.47  74      6942.0   ms
success		1       27      1       14      1       0       98021.15  73      6942.0   ms
success		1       28      1       52      1       0       96790.19  72      6942.0   ms
success		1       29      1       63      1       0       95934.36  71      6942.0   ms
success		1       30      2       12      2       0       94777.67  70      6942.0   ms
success		1       31      3       68      3       0       93185.27  69      6942.0   ms
success		1       32      1       54      1       0       92393.19  68      6942.0   ms
success		1       33      1       46      1       0       90575.98  67      6942.0   ms
success		1       34      2       51      2       0       89083.12  66      6942.0   ms
success		1       35      3       9       3       0       88240.89  65      6942.0   ms
success		1       36      1       21      1       0       87940.34  64      6942.0   ms
success		1       37      1       18      1       0       85962.16  63      6942.0   ms
success		1       38      4       30      4       0       85129.04  62      6942.0   ms
success		1       39      2       46      2       0       84398.97  61      6942.0   ms
success		1       40      3       52      3       0       83019.41  60      6942.0   ms
success		1       41      3       25      3       0       81555.01  59      6942.0   ms
success		1       42      3       51      3       0       79867.71  58      6942.0   ms
success		1       43      3       27      3       0       77999.33  57      6942.0   ms
success		1       44      1       32      1       0       76842.62  56      6942.0   ms
success		1       45      2       31      2       0       75755.15  55      6942.0   ms
success		1       46      1       5       1       0       73785.10  54      6942.0   ms
success		1       47      1       17      1       0       73016.17  53      6942.0   ms
success		1       48      1       36      1       0       71760.14  52      6942.0   ms
success		1       49      2       3       2       0       70810.14  51      6942.0   ms
success		1       50      2       13      2       0       70295.59  50      6942.0   ms
success		1       51      1       46      1       0       68802.03  49      6942.0   ms
success		1       52      2       19      2       0       67490.53  48      6942.0   ms
success		1       53      2       18      2       0       66390.26  47      6942.0   ms
success		1       54      2       26      2       0       65075.11  46      6942.0   ms
success		1       55      2       40      2       0       63803.11  45      6942.0   ms
success		1       56      2       18      2       0       62049.99  44      6942.0   ms
success		1       57      2       5       2       0       60456.82  43      6942.0   ms
success		1       58      5       35      5       0       59281.07  42      6942.0   ms
success		1       59      2       24      2       0       59607.37  41      6942.0   ms
success		1       60      5       29      5       0       58396.30  40      6942.0   ms
success		1       61      3       4       3       0       56582.19  39      6942.0   ms
success		1       62      1       37      1       0       55378.07  38      6942.0   ms
success		1       63      1       31      1       0       54515.54  37      6942.0   ms
success		1       64      2       18      2       0       52926.49  36      6942.0   ms
success		1       65      1       10      1       0       51341.57  35      6942.0   ms
success		1       66      3       7       3       0       49519.50  34      6942.0   ms
success		1       67      3       18      3       0       49323.59  33      6942.0   ms
success		1       68      3       31      3       0       48000.13  32      6942.0   ms
success		1       69      3       5       3       0       46323.32  31      6942.0   ms
success		1       70      4       13      4       0       45572.94  30      6942.0   ms
success		1       71      3       17      3       0       44898.97  29      6942.0   ms
success		1       72      2       2       2       0       44481.80  28      6942.0   ms
success		1       73      3       15      3       0       43046.38  27      6942.0   ms
success		1       74      5       25      5       0       41847.31  26      6942.0   ms
success		1       75      5       19      5       0       40714.60  25      6942.0   ms
success		1       76      6       8       6       0       39341.32  24      6942.0   ms
success		1       77      3       22      3       0       38421.86  23      6942.0   ms
success		1       78      4       10      4       0       37241.81  22      6942.0   ms
success		1       79      4       18      4       0       35508.34  21      6942.0   ms
success		1       80      6       3       6       0       34246.61  20      6942.0   ms
success		1       81      5       5       4       0       33599.40  19      6942.0   ms
success		1       82      2       9       2       0       31561.57  18      6942.0   ms
success		1       83      7       7       6       0       30873.68  17      6942.0   ms
success		1       84      5       0       3       0       28692.76  16      6942.0   ms
success		1       85      11      9       7       0       26757.08  15      6958.0   ms
success		1       86      10      3       8       0       26062.70  14      6958.0   ms
success		1       87      10      5       10      0       23390.65  13      6958.0   ms
success		1       88      11      5       8       0       21539.17  12      6958.0   ms
success		1       89      16      4       7       0       20992.85  11      6989.0   ms
success		1       90      43      5       8       0       18626.91  10      7192.0   ms
success		1       91      174     1       11      0       16723.80  9       8362.0   ms
success		1       0       1       43      1       0       124431.74 100     18642.0  ms
success		1       1       1       21      1       0       123690.97 99      18642.0  ms
success		1       2       1       83      1       0       122198.26 98      18642.0  ms
success		1       3       1       81      1       0       120433.46 97      18642.0  ms
success		1       4       1       86      1       0       119406.79 96      18642.0  ms
success		1       5       2       3       2       0       117766.46 95      18642.0  ms
success		1       6       1       4       1       0       117442.15 94      18642.0  ms
success		1       7       2       2       2       0       116932.16 93      18642.0  ms
success		1       8       1       11      1       0       115796.84 92      18642.0  ms
success		1       9       1       38      1       0       114086.47 91      18642.0  ms
success		1       10      1       6       1       0       113409.39 90      18642.0  ms
success		1       11      1       89      1       0       112361.27 89      18642.0  ms
success		1       12      1       27      1       0       111050.17 88      18642.0  ms
success		1       13      2       55      2       0       109852.48 87      18642.0  ms
success		1       14      1       59      1       0       108062.04 86      18642.0  ms
success		1       15      2       68      2       0       107617.71 85      18642.0  ms
success		1       16      1       39      1       0       106456.24 84      18642.0  ms
success		1       17      1       75      1       0       105117.30 83      18642.0  ms
success		1       18      2       27      2       0       104622.57 82      18642.0  ms
success		1       19      1       6       1       0       102985.09 81      18642.0  ms
success		1       20      1       5       1       0       101578.42 80      18642.0  ms
success		1       21      1       13      1       0       100614.81 79      18642.0  ms
success		1       22      1       1       1       0       99987.78  78      18642.0  ms
success		1       23      1       22      1       0       98879.04  77      18642.0  ms
success		1       24      1       5       1       0       98086.33  76      18642.0  ms
success		1       25      1       26      1       0       97677.55  75      18642.0  ms
success		1       26      1       6       1       0       96413.36  74      18642.0  ms
success		1       27      2       32      2       0       95582.96  73      18642.0  ms
success		1       28      1       39      1       0       94313.28  72      18642.0  ms
success		1       29      1       57      1       0       92900.09  71      18642.0  ms
success		1       30      1       25      1       0       90959.94  70      18642.0  ms
success		1       31      1       57      1       0       89807.21  69      18642.0  ms
success		1       32      1       41      1       0       89397.09  68      18642.0  ms
success		1       33      2       60      2       0       88982.49  67      18642.0  ms
success		1       34      1       32      1       0       87806.80  66      18642.0  ms
success		1       35      2       46      2       0       86460.70  65      18642.0  ms
success		1       36      1       57      1       0       86318.44  64      18642.0  ms
success		1       37      1       41      1       0       84831.55  63      18642.0  ms
success		1       38      3       62      3       0       83457.17  62      18642.0  ms
success		1       39      2       41      2       0       81913.31  61      18642.0  ms
success		1       40      1       35      1       0       81295.18  60      18642.0  ms
success		1       41      1       30      1       0       80259.61  59      18642.0  ms
success		1       42      3       13      3       0       79438.90  58      18642.0  ms
success		1       43      2       7       2       0       78519.59  57      18642.0  ms
success		1       44      2       48      2       0       77122.88  56      18642.0  ms
success		1       45      2       38      2       0       76347.49  55      18642.0  ms
success		1       46      2       14      2       0       75093.73  54      18642.0  ms
success		1       47      1       15      1       0       74793.99  53      18642.0  ms
success		1       48      2       31      2       0       73593.96  52      18642.0  ms
success		1       49      2       27      2       0       73426.63  51      18642.0  ms
success		1       50      3       23      3       0       71708.03  50      18642.0  ms
success		1       51      1       46      1       0       70620.88  49      18642.0  ms
success		1       52      3       6       3       0       68728.08  48      18642.0  ms
success		1       53      1       38      1       0       67865.90  47      18642.0  ms
success		1       54      2       14      2       0       67132.48  46      18642.0  ms
success		1       55      1       42      1       0       65970.13  45      18642.0  ms
success		1       56      2       22      2       0       64328.62  44      18642.0  ms
success		1       57      2       37      2       0       62894.67  43      18642.0  ms
success		1       58      4       23      4       0       61319.02  42      18642.0  ms
success		1       59      1       34      1       0       60032.97  41      18642.0  ms
success		1       60      3       10      3       0       58454.11  40      18642.0  ms
success		1       61      3       35      3       0       56890.51  39      18642.0  ms
success		1       62      2       33      2       0       55826.05  38      18642.0  ms
success		1       63      6       10      6       0       57094.20  37      18642.0  ms
success		1       64      4       28      4       0       55755.97  36      18642.0  ms
success		1       65      1       14      1       0       54480.66  35      18642.0  ms
success		1       66      3       17      3       0       52452.18  34      18642.0  ms
success		1       67      4       14      4       0       50852.60  33      18642.0  ms
success		1       68      2       24      2       0       49247.36  32      18642.0  ms
success		1       69      1       6       1       0       48560.13  31      18642.0  ms
success		1       70      5       14      5       0       46104.69  30      18642.0  ms
success		1       71      3       6       3       0       45461.31  29      18642.0  ms
success		1       72      5       12      5       0       44621.79  28      18658.0  ms
success		1       73      3       7       3       0       43934.79  27      18658.0  ms
success		1       74      5       20      5       0       42068.77  26      18658.0  ms
success		1       75      2       20      2       0       40473.25  25      18658.0  ms
success		1       76      3       16      3       0       39011.13  24      18658.0  ms
success		1       77      3       6       3       0       37638.69  23      18658.0  ms
success		1       78      4       20      4       0       35989.32  22      18658.0  ms
success		1       79      4       21      4       0       34993.26  21      18658.0  ms
success		1       80      5       4       5       0       33636.30  20      18658.0  ms
success		1       81      3       5       3       0       31999.33  19      18658.0  ms
success		1       82      7       2       7       0       30693.26  18      18658.0  ms
success		1       83      4       13      4       0       29043.07  17      18658.0  ms
success		1       84      6       7       6       0       27186.57  16      18658.0  ms
success		1       85      9       9       8       0       26675.91  15      18658.0  ms
success		1       86      7       8       6       0       26172.78  14      18658.0  ms
success		1       87      7       7       7       0       23940.87  13      18658.0  ms
success		1       88      17      7       7       0       21978.03  12      18673.0  ms
success		1       89      11      1       7       0       20629.52  11      18689.0  ms
success		1       90      38      8       9       0       17737.20  10      18829.0  ms
success		1       91      473     9       7       0       16747.16  9       22448.0  ms
success		1       0       1       61      1       0       124803.64 100     33041.0  ms
success		1       1       1       89      1       0       123163.96 99      33041.0  ms
success		1       2       1       61      1       0       122223.42 98      33041.0  ms
success		1       3       1       32      1       0       120628.24 97      33041.0  ms
success		1       4       1       8       1       0       119748.89 96      33041.0  ms
success		1       5       1       71      1       0       119313.67 95      33041.0  ms
success		1       6       1       94      1       0       119107.14 94      33041.0  ms
success		1       7       1       86      1       0       117635.43 93      33041.0  ms
success		1       8       2       22      2       0       116529.32 92      33041.0  ms
success		1       9       1       56      1       0       115276.87 91      33041.0  ms
success		1       10      1       40      1       0       114167.02 90      33041.0  ms
success		1       11      1       59      1       0       112716.32 89      33041.0  ms
success		1       12      1       56      1       0       112120.06 88      33041.0  ms
success		1       13      2       42      2       0       111194.61 87      33041.0  ms
success		1       14      1       30      1       0       109815.49 86      33041.0  ms
success		1       15      1       19      1       0       108873.03 85      33041.0  ms
success		1       16      1       38      1       0       107162.66 84      33041.0  ms
success		1       17      1       25      1       0       105772.32 83      33041.0  ms
success		1       18      1       38      1       0       104503.65 82      33041.0  ms
success		1       19      1       45      1       0       104152.94 81      33041.0  ms
success		1       20      1       20      1       0       102551.90 80      33041.0  ms
success		1       21      1       47      1       0       100721.56 79      33041.0  ms
success		1       22      1       18      1       0       100007.80 78      33041.0  ms
success		1       23      2       5       2       0       99030.93  77      33041.0  ms
success		1       24      1       68      1       0       99008.17  76      33041.0  ms
success		1       25      1       18      1       0       98388.13  75      33041.0  ms
success		1       26      1       67      1       0       97537.64  74      33041.0  ms
success		1       27      1       13      1       0       95771.57  73      33041.0  ms
success		1       28      1       42      1       0       94263.11  72      33041.0  ms
success		1       29      1       34      1       0       93435.16  71      33041.0  ms
success		1       30      2       39      2       0       92117.30  70      33041.0  ms
success		1       31      2       23      2       0       90273.87  69      33041.0  ms
success		1       32      1       62      1       0       89625.74  68      33041.0  ms
success		1       33      3       55      3       0       88467.43  67      33041.0  ms
success		1       34      1       42      1       0       86655.70  66      33041.0  ms
success		1       35      1       64      1       0       85336.90  65      33041.0  ms
success		1       36      1       4       1       0       83966.05  64      33041.0  ms
success		1       37      1       27      1       0       83607.69  63      33041.0  ms
success		1       38      2       51      2       0       83177.63  62      33041.0  ms
success		1       39      2       27      2       0       83248.11  61      33041.0  ms
success		1       40      1       21      1       0       83087.41  60      33041.0  ms
success		1       41      1       16      1       0       81625.12  59      33041.0  ms
success		1       42      1       43      1       0       79593.39  58      33041.0  ms
success		1       43      2       44      2       0       78015.25  57      33041.0  ms
success		1       44      1       40      1       0       76796.47  56      33041.0  ms
success		1       45      1       17      1       0       76398.56  55      33041.0  ms
success		1       46      1       45      1       0       75228.11  54      33041.0  ms
success		1       47      3       40      3       0       74016.71  53      33041.0  ms
success		1       48      2       2       2       0       73727.26  52      33041.0  ms
success		1       49      2       14      2       0       73073.82  51      33041.0  ms
success		1       50      1       17      1       0       71736.03  50      33041.0  ms
success		1       51      1       19      1       0       70831.75  49      33041.0  ms
success		1       52      4       28      4       0       69232.28  48      33041.0  ms
success		1       53      2       9       2       0       68197.01  47      33041.0  ms
success		1       54      3       35      3       0       67730.91  46      33041.0  ms
success		1       55      3       30      3       0       66632.41  45      33056.0  ms
success		1       56      3       21      3       0       65198.72  44      33056.0  ms
success		1       57      4       13      4       0       64546.91  43      33056.0  ms
success		1       58      3       14      3       0       62798.59  42      33056.0  ms
success		1       59      3       8       3       0       61784.36  41      33056.0  ms
success		1       60      3       23      3       0       60560.09  40      33056.0  ms
success		1       61      2       15      2       0       58881.48  39      33056.0  ms
success		1       62      3       36      3       0       57279.45  38      33056.0  ms
success		1       63      1       11      1       0       56820.43  37      33056.0  ms
success		1       64      3       16      3       0       55617.41  36      33056.0  ms
success		1       65      4       29      4       0       53944.16  35      33056.0  ms
success		1       66      4       19      4       0       52966.14  34      33056.0  ms
success		1       67      4       14      4       0       52622.18  33      33056.0  ms
success		1       68      2       8       2       0       51650.90  32      33056.0  ms
success		1       69      2       12      2       0       50086.62  31      33056.0  ms
success		1       70      2       27      2       0       48753.43  30      33056.0  ms
success		1       71      3       15      3       0       47185.40  29      33056.0  ms
success		1       72      4       26      4       0       46052.35  28      33056.0  ms
success		1       73      4       18      4       0       44261.90  27      33056.0  ms
success		1       74      4       4       4       0       42727.54  26      33056.0  ms
success		1       75      3       25      3       0       41433.07  25      33056.0  ms
success		1       76      2       12      2       0       40197.24  24      33056.0  ms
success		1       77      2       1       2       0       38958.70  23      33056.0  ms
success		1       78      3       15      3       0       37147.19  22      33056.0  ms
success		1       79      2       7       2       0       35715.45  21      33056.0  ms
success		1       80      2       2       2       0       34171.93  20      33056.0  ms
success		1       81      5       13      5       0       32791.29  19      33056.0  ms
success		1       82      4       10      4       0       31514.79  18      33056.0  ms
success		1       83      8       8       8       0       29934.14  17      33056.0  ms
success		1       84      10      15      5       0       28543.89  16      33056.0  ms
success		1       85      3       11      3       0       26160.37  15      33056.0  ms
success		1       86      8       10      6       0       24663.31  14      33056.0  ms
success		1       87      16      9       8       0       24385.96  13      33056.0  ms
success		1       88      17      6       8       0       21876.63  12      33072.0  ms
success		1       89      14      7       8       0       20546.51  11      33087.0  ms
success		1       90      35      10      10      0       18668.50  10      33150.0  ms
success		1       91      55      5       10      0       16628.90  9       33306.0  ms
success		1       0       1       35      1       0       125435.52 100     42619.0  ms
success		1       1       1       80      1       0       123895.37 99      42619.0  ms
success		1       2       1       6       1       0       122298.14 98      42619.0  ms
success		1       3       1       83      1       0       120791.00 97      42619.0  ms
success		1       4       1       42      1       0       119765.94 96      42619.0  ms
success		1       5       1       64      1       0       119433.52 95      42619.0  ms
success		1       6       1       24      1       0       118316.12 94      42619.0  ms
success		1       7       1       65      1       0       117771.31 93      42619.0  ms
success		1       8       1       72      1       0       116859.57 92      42619.0  ms
success		1       9       1       79      1       0       116388.09 91      42619.0  ms
success		1       10      1       44      1       0       115235.15 90      42619.0  ms
success		1       11      1       46      1       0       114119.46 89      42619.0  ms
success		1       12      1       2       1       0       113712.24 88      42619.0  ms
success		1       13      2       11      2       0       112129.86 87      42619.0  ms
success		1       14      1       22      1       0       110163.13 86      42619.0  ms
success		1       15      1       63      1       0       109494.14 85      42619.0  ms
success		1       16      1       21      1       0       108878.77 84      42619.0  ms
success		1       17      1       48      1       0       107468.62 83      42619.0  ms
success		1       18      1       33      1       0       106911.88 82      42619.0  ms
success		1       19      3       1       3       0       106100.26 81      42619.0  ms
success		1       20      1       51      1       0       104655.45 80      42619.0  ms
success		1       21      1       63      1       0       103193.17 79      42619.0  ms
success		1       22      2       44      2       0       103361.15 78      42634.0  ms
success		1       23      2       32      2       0       101843.45 77      42634.0  ms
success		1       24      2       28      2       0       100963.16 76      42634.0  ms
success		1       25      2       2       2       0       100863.03 75      42634.0  ms
success		1       26      1       69      1       0       99564.03  74      42634.0  ms
success		1       27      4       54      4       0       98650.31  73      42634.0  ms
success		1       28      2       37      2       0       97064.49  72      42634.0  ms
success		1       29      1       48      1       0       95460.24  71      42634.0  ms
success		1       30      1       68      1       0       94227.82  70      42634.0  ms
success		1       31      2       52      2       0       93198.46  69      42634.0  ms
success		1       32      1       1       1       0       92371.71  68      42634.0  ms
success		1       33      2       19      2       0       90431.00  67      42634.0  ms
success		1       34      2       24      2       0       90672.89  66      42634.0  ms
success		1       35      3       17      3       0       88741.45  65      42634.0  ms
success		1       36      2       38      2       0       87546.01  64      42634.0  ms
success		1       37      2       13      2       0       86240.75  63      42634.0  ms
success		1       38      1       41      1       0       84522.70  62      42634.0  ms
success		1       39      2       52      2       0       83432.67  61      42634.0  ms
success		1       40      1       27      1       0       82377.32  60      42634.0  ms
success		1       41      2       7       2       0       81503.94  59      42634.0  ms
success		1       42      2       16      2       0       80145.80  58      42634.0  ms
success		1       43      2       8       2       0       78661.21  57      42634.0  ms
success		1       44      2       29      2       0       77093.78  56      42634.0  ms
success		1       45      1       12      1       0       76198.73  55      42634.0  ms
success		1       46      3       47      3       0       75099.84  54      42634.0  ms
success		1       47      4       14      4       0       74038.91  53      42634.0  ms
success		1       48      3       3       3       0       73077.50  52      42634.0  ms
success		1       49      1       20      1       0       71550.95  51      42634.0  ms
success		1       50      1       44      1       0       70888.74  50      42634.0  ms
success		1       51      1       8       1       0       69604.86  49      42634.0  ms
success		1       52      1       15      1       0       68515.56  48      42634.0  ms
success		1       53      4       12      4       0       67099.63  47      42634.0  ms
success		1       54      3       32      3       0       65837.07  46      42634.0  ms
success		1       55      3       39      3       0       64897.01  45      42634.0  ms
success		1       56      2       16      2       0       63631.44  44      42634.0  ms
success		1       57      2       43      2       0       62790.75  43      42634.0  ms
success		1       58      5       21      5       0       60855.24  42      42634.0  ms
success		1       59      3       31      3       0       60054.38  41      42634.0  ms
success		1       60      2       29      2       0       58981.85  40      42634.0  ms
success		1       61      2       12      2       0       57781.25  39      42634.0  ms
success		1       62      5       15      5       0       58085.54  38      42634.0  ms
success		1       63      5       16      5       0       56419.75  37      42634.0  ms
success		1       64      3       18      3       0       54934.21  36      42634.0  ms
success		1       65      1       9       1       0       54012.01  35      42634.0  ms
success		1       66      1       26      1       0       52185.29  34      42634.0  ms
success		1       67      5       12      5       0       51094.70  33      42634.0  ms
success		1       68      1       31      1       0       50314.67  32      42634.0  ms
success		1       69      3       22      3       0       48450.58  31      42634.0  ms
success		1       70      3       18      3       0       47450.31  30      42634.0  ms
success		1       71      3       14      3       0       46149.88  29      42634.0  ms
success		1       72      3       11      3       0       45113.38  28      42634.0  ms
success		1       73      3       5       3       0       43762.89  27      42634.0  ms
success		1       74      4       25      4       0       41739.50  26      42634.0  ms
success		1       75      5       23      5       0       40710.21  25      42634.0  ms
success		1       76      3       16      3       0       40036.55  24      42634.0  ms
success		1       77      3       2       3       0       38829.75  23      42634.0  ms
success		1       78      4       3       4       0       37087.02  22      42634.0  ms
success		1       79      4       14      4       0       35766.10  21      42634.0  ms
success		1       80      5       7       5       0       34498.94  20      42634.0  ms
success		1       81      6       5       6       0       32749.00  19      42634.0  ms
success		1       82      5       13      5       0       31346.90  18      42634.0  ms
success		1       83      5       11      5       0       29583.21  17      42634.0  ms
success		1       84      6       16      5       0       30079.89  16      42634.0  ms
success		1       85      10      4       8       0       27606.16  15      42634.0  ms
success		1       86      8       9       8       0       25681.21  14      42634.0  ms
success		1       87      8       0       8       0       23335.37  13      42634.0  ms
success		1       88      15      1       9       0       22518.35  12      42650.0  ms
success		1       89      13      5       8       0       21355.97  11      42650.0  ms
success		1       90      44      7       10      0       17871.17  10      42853.0  ms
success		1       91      273     0       11      0       16621.42  9       43836.0  ms
success		1       0       1       49      1       0       125244.69 100     50107.0  ms
success		1       1       1       56      1       0       124500.49 99      50107.0  ms
success		1       2       1       59      1       0       123267.55 98      50107.0  ms
success		1       3       2       81      2       0       123342.39 97      50107.0  ms
success		1       4       1       6       1       0       121743.79 96      50107.0  ms
success		1       5       1       59      1       0       120483.14 95      50107.0  ms
success		1       6       1       83      1       0       120361.70 94      50107.0  ms
success		1       7       1       10      1       0       119618.12 93      50107.0  ms
success		1       8       1       28      1       0       119270.67 92      50107.0  ms
success		1       9       1       44      1       0       118076.32 91      50107.0  ms
success		1       10      1       27      1       0       116571.74 90      50107.0  ms
success		1       11      1       13      1       0       114824.09 89      50107.0  ms
success		1       12      1       81      1       0       113424.73 88      50107.0  ms
success		1       13      2       75      2       0       111891.06 87      50107.0  ms
success		1       14      2       22      2       0       109620.62 86      50107.0  ms
success		1       15      2       37      2       0       110438.65 85      50107.0  ms
success		1       16      1       19      1       0       110102.30 84      50107.0  ms
success		1       17      1       53      1       0       108827.20 83      50107.0  ms
success		1       18      2       41      2       0       107061.09 82      50107.0  ms
success		1       19      1       58      1       0       105199.65 81      50107.0  ms
success		1       20      2       24      2       0       103459.81 80      50107.0  ms
success		1       21      1       10      1       0       102662.25 79      50107.0  ms
success		1       22      1       62      1       0       102701.08 78      50107.0  ms
success		1       23      1       38      1       0       101730.76 77      50107.0  ms
success		1       24      2       46      2       0       100682.68 76      50107.0  ms
success		1       25      2       19      2       0       100077.17 75      50107.0  ms
success		1       26      1       36      1       0       98926.21  74      50107.0  ms
success		1       27      2       8       2       0       97991.75  73      50107.0  ms
success		1       28      1       66      1       0       97467.17  72      50107.0  ms
success		1       29      1       13      1       0       96886.16  71      50107.0  ms
success		1       30      1       25      1       0       95221.59  70      50107.0  ms
success		1       31      1       9       1       0       94962.52  69      50107.0  ms
success		1       32      2       28      2       0       93979.55  68      50107.0  ms
success		1       33      3       17      3       0       92121.08  67      50107.0  ms
success		1       34      2       40      2       0       90763.57  66      50107.0  ms
success		1       35      1       3       1       0       90058.78  65      50107.0  ms
success		1       36      2       19      2       0       89317.57  64      50107.0  ms
success		1       37      2       10      2       0       87946.35  63      50107.0  ms
success		1       38      1       45      1       0       86930.48  62      50107.0  ms
success		1       39      3       22      3       0       85029.14  61      50107.0  ms
success		1       40      1       12      1       0       83522.98  60      50107.0  ms
success		1       41      1       6       1       0       82643.63  59      50107.0  ms
success		1       42      1       35      1       0       81020.05  58      50107.0  ms
success		1       43      2       44      2       0       79572.15  57      50107.0  ms
success		1       44      1       34      1       0       78226.81  56      50107.0  ms
success		1       45      1       26      1       0       76209.91  55      50107.0  ms
success		1       46      1       28      1       0       75227.64  54      50107.0  ms
success		1       47      1       43      1       0       74620.55  53      50107.0  ms
success		1       48      1       51      1       0       73035.30  52      50107.0  ms
success		1       49      3       36      3       0       71599.47  51      50122.0  ms
success		1       50      2       34      2       0       70506.24  50      50122.0  ms
success		1       51      3       0       3       0       70029.20  49      50122.0  ms
success		1       52      1       9       1       0       69314.15  48      50122.0  ms
success		1       53      2       44      2       0       68236.91  47      50122.0  ms
success		1       54      3       24      3       0       67606.08  46      50122.0  ms
success		1       55      1       7       1       0       67142.46  45      50122.0  ms
success		1       56      2       16      2       0       66052.47  44      50122.0  ms
success		1       57      3       27      3       0       64882.13  43      50122.0  ms
success		1       58      2       22      2       0       62995.74  42      50122.0  ms
success		1       59      2       25      2       0       61643.61  41      50122.0  ms
success		1       60      3       38      3       0       60794.83  40      50122.0  ms
success		1       61      2       23      2       0       59226.85  39      50122.0  ms
success		1       62      1       24      1       0       58888.88  38      50122.0  ms
success		1       63      3       26      3       0       56891.72  37      50122.0  ms
success		1       64      2       7       2       0       56303.98  36      50122.0  ms
success		1       65      3       17      3       0       55760.37  35      50122.0  ms
success		1       66      3       33      3       0       54602.65  34      50122.0  ms
success		1       67      5       24      5       0       53294.85  33      50122.0  ms
success		1       68      5       21      5       0       51890.10  32      50122.0  ms
success		1       69      2       5       2       0       50719.80  31      50122.0  ms
success		1       70      4       4       4       0       48862.11  30      50122.0  ms
success		1       71      1       7       1       0       47099.72  29      50122.0  ms
success		1       72      3       9       3       0       46296.46  28      50122.0  ms
success		1       73      4       16      4       0       45109.00  27      50122.0  ms
success		1       74      3       4       3       0       43269.92  26      50122.0  ms
success		1       75      4       24      4       0       41420.21  25      50122.0  ms
success		1       76      4       5       4       0       39465.67  24      50122.0  ms
success		1       77      5       15      5       0       37508.69  23      50122.0  ms
success		1       78      4       4       4       0       36294.24  22      50122.0  ms
success		1       79      6       8       6       0       34873.28  21      50122.0  ms
success		1       80      6       17      6       0       33403.59  20      50122.0  ms
success		1       81      2       11      2       0       31982.05  19      50122.0  ms
success		1       82      2       0       2       0       30296.12  18      50122.0  ms
success		1       83      5       12      5       0       28356.76  17      50122.0  ms
success		1       84      7       11      5       0       29211.15  16      50122.0  ms
success		1       85      6       5       6       0       27270.24  15      50122.0  ms
success		1       86      5       0       5       0       25218.21  14      50122.0  ms
success		1       87      16      6       8       0       23026.84  13      50122.0  ms
success		1       88      18      9       7       0       21861.66  12      50138.0  ms
success		1       89      29      10      9       0       19844.83  11      50200.0  ms
success		1       90      89      8       9       0       18373.66  10      50419.0  ms
success		1       91      518     9       11      0       16757.10  9       52572.0  ms
cross iterater0
ab
ab7	0
cross iterater1
bad   	success		10625.50  15953.08  9       60340.0  ms cross
rand   	bad   	success		9660.55   16867.74  9       66674.0  ms cross
rand   	ab
ab6	4
ab7	5
cross iterater2
bad   	success		9636.49   16255.08  9       73896.0  ms cross
rand   	bad   	success		9665.28   16162.48  9       80058.0  ms cross
rand   	ab
ab6	3
ab7	5
fail		10331.59  16729.12  9       101227.0 ms
cross iterater3
bad   	success		9536.42   16548.59  9       101539.0 ms cross
rand   	bad   	success		9441.02   16614.68  9       108762.0 ms cross
rand   	ab
ab6	5
ab7	2
fail		9513.70   17156.29  9       122490.0 ms
fail		9867.51   16655.49  9       129837.0 ms
fail		10270.25  16755.98  9       135718.0 ms
cross iterater4
bad   	success		10085.06  16398.44  9       135718.0 ms cross
rand   	bad   	success		9707.01   16271.58  9       142083.0 ms cross
rand   	ab
ab7	0
cross iterater5
bad   	success		10141.14  16110.46  9       150507.0 ms cross
rand   	bad   	success		9502.95   16417.16  9       156997.0 ms cross
rand   	ab
ab7	2
fail		9707.01   16402.33  9       167901.0 ms
fail		9502.95   16533.03  9       174281.0 ms
fail		9993.06   16856.40  9       181301.0 ms
cross iterater6
bad   	success		9652.16   16485.32  9       181317.0 ms cross
rand   	bad   	success		10403.21  16703.00  9       187666.0 ms cross
rand   	ab
ab7	5
ab6	3
cross iterater7
bad   	success		10667.20  16434.61  9       194280.0 ms cross
rand   	bad   	success		10106.54  16370.97  9       204966.0 ms cross
rand   	ab
ab6	5
ab7	3
fail		9707.01   16402.33  9       221892.0 ms
fail		9502.95   16533.03  9       227336.0 ms
cross iterater8
bad   	rand   	success		9927.30   16854.47  9       232032.0 ms cross
bad   	success		10965.29  15964.84  9       232047.0 ms cross
rand   	ab
ab6	0
cross iterater9
bad   	success		10042.26  16998.08  9       239551.0 ms cross
rand   	bad   	success		9611.30   16795.89  9       246758.0 ms cross
rand   	ab
ab7	3
fail		10965.29  16442.25  9       260564.0 ms
fail		10190.52  16656.34  9       271796.0 ms
cross iterater10
bad   	success		9765.31   15978.78  9       271796.0 ms cross
rand   	bad   	success		9546.61   16682.26  9       279939.0 ms cross
rand   	ab
ab7	5
ab6	0
fail		9765.31   16305.36  9       296147.0 ms
fail		10458.58  16582.30  9       305507.0 ms
cross iterater11
bad   	success		10063.90  16333.36  9       305507.0 ms cross
rand   	bad   	success		10313.23  16596.72  9       317409.0 ms cross
rand   	ab
ab7	5
fail		10453.59  16549.73  9       329359.0 ms
cross iterater12
bad   	success		9581.75   16347.23  9       329359.0 ms cross
rand   	bad   	success		9696.11   16765.33  9       335146.0 ms cross
rand   	ab
ab7	1
fail		9696.11   16540.37  9       347408.0 ms
fail		9765.31   16305.36  9       353429.0 ms
cross iterater13
bad   	success		10379.05  17187.90  9       353601.0 ms cross
rand   	bad   	success		9883.51   16784.99  9       360792.0 ms cross
rand   	ab
ab6	0
ab7	4
fail		9696.11   16540.37  9       372929.0 ms
fail		10289.85  16175.44  9       378389.0 ms
fail		9765.31   16305.36  9       384145.0 ms
cross iterater14
ab
ab7	4
ab6	5
fail		10597.52  16926.93  9       390526.0 ms
fail		9696.11   16540.37  9       397327.0 ms
cross iterater15
bad   	success		9938.64   16452.10  9       397343.0 ms cross
rand   	bad   	success		9280.81   16570.10  9       405611.0 ms cross
rand   	ab
ab6	1
cross iterater16
bad   	success		10352.42  15813.32  9       415891.0 ms cross
rand   	bad   	success		10986.02  15771.65  9       424892.0 ms cross
rand   	ab
ab6	5
ab7	2
fail		9817.32   16263.80  9       442239.0 ms
cross iterater17
bad   	success		10587.48  16641.29  9       442317.0 ms cross
rand   	bad   	success		9356.00   17369.59  9       448635.0 ms cross
rand   	ab
ab6	3
ab7	1
fail		9797.05   16842.85  9       460600.0 ms
cross iterater18
bad   	success		9417.86   16425.34  9       460600.0 ms cross
rand   	bad   	success		9257.08   16325.53  9       466653.0 ms cross
rand   	ab
ab6	3
fail		9257.08   16491.62  9       480521.0 ms
cross iterater19
bad   	success		9820.42   16618.12  9       480521.0 ms cross
rand   	bad   	success		9924.97   16225.57  9       487042.0 ms cross
rand   	ab
ab6	0
ab7	1
fail		9257.08   16491.62  9       499740.0 ms
cross iterater20
bad   	success		10272.81  16284.43  9       499740.0 ms cross
rand   	bad   	success		10232.41  16166.58  9       505964.0 ms cross
rand   	ab
ab6	4
ab7	5
fail		9833.96   16840.86  9       519692.0 ms
fail		9676.73   16618.50  9       526790.0 ms
cross iterater21
bad   	success		9443.28   15866.22  9       526790.0 ms cross
rand   	bad   	success		9555.13   16061.89  9       533467.0 ms cross
rand   	ab
ab6	1
cross iterater22
bad   	success		9931.29   16562.63  9       540627.0 ms cross
rand   	bad   	success		9638.58   16144.57  9       546976.0 ms cross
rand   	ab
ab6	2
ab7	0
fail		9971.26   17263.00  9       559331.0 ms
cross iterater23
bad   	success		10763.65  16124.15  9       559347.0 ms cross
rand   	bad   	success		9671.49   16324.31  9       565197.0 ms cross
rand   	ab
ab6	1
cross iterater24
bad   	success		10163.26  16823.74  9       571109.0 ms cross
rand   	bad   	rand   	ab
ab6	5
ab7	1
fail		10051.02  16638.82  9       599922.0 ms
cross iterater25
bad   	success		10232.31  16751.23  9       599937.0 ms cross
rand   	bad   	success		9803.34   16255.02  9       606442.0 ms cross
rand   	ab
ab6	2
ab7	1
fail		10051.02  16638.82  9       620498.0 ms
fail		9803.34   16399.83  9       625802.0 ms
cross iterater26
bad   	success		10056.93  16490.37  9       625802.0 ms cross
rand   	bad   	success		10193.76  16572.71  9       635333.0 ms cross
rand   	ab
ab6	1
ab7	2
fail		10140.63  16742.40  9       647142.0 ms
fail		10051.02  16638.82  9       652680.0 ms
fail		9972.99   16919.09  9       661650.0 ms
cross iterater27
ab
ab6	5
fail		9803.34   16399.83  9       668810.0 ms
cross iterater28
bad   	success		10103.73  17039.12  9       668826.0 ms cross
rand   	bad   	success		9367.33   16185.46  9       677032.0 ms cross
rand   	ab
ab6	0
cross iterater29
bad   	success		9495.84   16671.41  9       682944.0 ms cross
rand   	bad   	success		9936.31   16575.55  9       692803.0 ms cross
rand   	ab
ab6	0
ab7	3
cross iterater30
bad   	success		10336.73  16644.80  9       697998.0 ms cross
rand   	bad   	success		9982.22   16107.79  9       704378.0 ms cross
rand   	ab
ab6	1
fail		9402.89   16572.30  9       723113.0 ms
cross iterater31
bad   	success		9753.95   16637.49  9       723113.0 ms cross
rand   	bad   	success		10014.14  16690.29  9       733706.0 ms cross
rand   	ab
ab7	3
ab6	5
fail		9753.95   16695.12  9       746887.0 ms
cross iterater32
ab
ab7	2
fail		10543.62  16661.49  9       757573.0 ms
cross iterater33
bad   	success		10053.01  17046.74  9       757573.0 ms cross
rand   	bad   	success		9755.52   16496.82  9       766481.0 ms cross
rand   	ab
ab6	2
fail		9342.44   17096.38  9       778383.0 ms
fail		9755.52   16582.05  9       786152.0 ms
fail		9982.22   16509.48  9       793188.0 ms
cross iterater34
bad   	success		9795.89   16880.43  9       793188.0 ms cross
rand   	bad   	success		9440.31   16092.72  9       800426.0 ms cross
rand   	ab
ab6	0
ab7	2
cross iterater35
ab
ab6	2
cross iterater36
bad   	success		9968.16   16658.52  9       807056.0 ms cross
rand   	bad   	success		10172.80  17236.98  9       815495.0 ms cross
rand   	ab
ab6	0
ab7	5
fail		9921.27   16990.26  9       830736.0 ms
cross iterater37
bad   	success		9393.70   15982.97  9       832733.0 ms cross
rand   	bad   	success		9516.85   16098.33  9       838489.0 ms cross
rand   	ab
ab6	2
fail		9982.22   16509.48  9       850610.0 ms
cross iterater38
bad   	success		9689.46   15989.79  9       850626.0 ms cross
rand   	bad   	success		9890.81   16397.13  9       856804.0 ms cross
rand   	ab
ab6	1
fail		9890.81   16560.76  9       870204.0 ms
fail		9393.70   16301.85  9       874634.0 ms
cross iterater39
bad   	success		9684.02   16085.82  9       875867.0 ms cross
rand   	bad   	success		9905.09   16018.62  9       884353.0 ms cross
rand   	ab
ab6	2
cross iterater40
bad   	success		10204.88  16331.67  9       890484.0 ms cross
rand   	bad   	success		9976.18   17290.37  9       900374.0 ms cross
rand   	ab
ab6	4
ab7	3
fail		9588.09   17061.12  9       915334.0 ms
fail		9689.46   16457.01  9       922869.0 ms
cross iterater41
bad   	success		10448.64  16872.81  9       923259.0 ms cross
rand   	bad   	success		9885.29   15757.53  9       931261.0 ms cross
rand   	ab
ab6	1
fail		10015.25  16870.13  9       946081.0 ms
cross iterater42
bad   	success		9828.74   16042.38  9       946081.0 ms cross
rand   	bad   	success		9352.36   16633.88  9       953772.0 ms cross
rand   	ab
ab6	3
fail		9476.18   16529.08  9       974473.0 ms
fail		9352.36   16697.55  9       981930.0 ms
fail		9828.74   16329.95  9       990104.0 ms
cross iterater43
bad   	success		9579.34   16628.98  9       990104.0 ms cross
rand   	bad   	success		9917.66   16088.87  9       996781.0 ms cross
rand   	ab
ab6	1
cross iterater44
bad   	success		9875.52   15977.78  9       1004269.0 ms cross
rand   	bad   	rand   	success		10155.91  16308.78  9       1019026.0 ms cross
ab
ab6	4
ab7	2
fail		10155.91  16416.93  9       1025531.0 ms
fail		9875.52   16494.99  9       1033549.0 ms
cross iterater45
bad   	success		9522.29   16240.67  9       1033549.0 ms cross
rand   	bad   	success		10363.97  17148.50  9       1041568.0 ms cross
rand   	ab
ab6	1
ab7	5
fail		9476.18   16529.08  9       1055795.0 ms
cross iterater46
ab
ab6	4
ab7	5
fail		9815.54   16460.40  9       1062971.0 ms
fail		9476.18   16529.08  9       1067339.0 ms
fail		10079.73  16760.69  9       1074452.0 ms
cross iterater47
bad   	success		9490.56   16333.38  9       1074452.0 ms cross
rand   	bad   	rand   	ab
ab6	3
ab7	4
fail		10021.39  16763.04  9       1107024.0 ms
cross iterater48
bad   	success		10086.06  16644.29  9       1107024.0 ms cross
rand   	bad   	success		10088.72  16858.65  9       1116681.0 ms cross
rand   	ab
ab7	0
ab6	3
fail		10021.39  16763.04  9       1132468.0 ms
cross iterater49
bad   	success		9655.67   16329.89  9       1133606.0 ms cross
rand   	bad   	success		10018.71  15847.85  9       1138942.0 ms cross
rand   	ab
ab6	3
ab7	1
cross iterater50
bad   	success		10049.60  16605.17  9       1143419.0 ms cross
rand   	bad   	success		9271.00   16400.65  9       1147755.0 ms cross
rand   	ab
ab6	0
ab7	3
fail		10021.46  16465.41  9       1159767.0 ms
fail		10086.71  16587.86  9       1165836.0 ms
cross iterater51
ab
ab6	2
ab7	3
cross iterater52
bad   	success		9769.20   16865.53  9       1165836.0 ms cross
rand   	bad   	success		9434.53   16391.62  9       1170968.0 ms cross
rand   	ab
ab6	4
ab7	2
cross iterater53
bad   	success		9947.70   16275.15  9       1177754.0 ms cross
rand   	bad   	success		10453.98  16613.33  9       1188377.0 ms cross
rand   	ab
ab6	5
ab7	2
fail		9876.69   16848.34  9       1203400.0 ms
fail		10021.46  16465.41  9       1210233.0 ms
fail		9616.45   16903.06  9       1221995.0 ms
cross iterater54
bad   	success		9824.31   16736.33  9       1222011.0 ms cross
rand   	bad   	success		10098.01  16264.23  9       1231776.0 ms cross
rand   	ab
ab6	3
ab7	4
cross iterater55
ab
ab6	2
fail		10103.59  16374.24  9       1244833.0 ms
fail		10320.17  16843.51  9       1251260.0 ms
cross iterater56
bad   	success		10320.68  16605.87  9       1251260.0 ms cross
rand   	bad   	success		9579.00   16785.15  9       1257640.0 ms cross
rand   	ab
ab6	4
ab7	0
fail		10267.19  16983.71  9       1267812.0 ms
cross iterater57
bad   	success		9479.91   16897.21  9       1267874.0 ms cross
rand   	bad   	success		10226.01  17126.76  9       1274457.0 ms cross
rand   	ab
ab6	3
ab7	0
fail		10086.36  16572.87  9       1286157.0 ms
cross iterater58
bad   	success		10059.91  16703.10  9       1286984.0 ms cross
rand   	bad   	success		9916.69   16352.28  9       1292865.0 ms cross
rand   	ab
ab6	3
ab7	2
cross iterater59
bad   	success		10374.10  16715.87  9       1298169.0 ms cross
rand   	bad   	rand   	ab
ab6	5
fail		10262.22  17143.69  9       1326061.0 ms
fail		10330.06  17208.09  9       1332691.0 ms
fail		10124.41  16627.40  9       1338557.0 ms
cross iterater60
ab
ab6	2
fail		10098.93  16933.43  9       1345218.0 ms
cross iterater61
bad   	success		9994.02   16621.92  9       1345218.0 ms cross
rand   	bad   	success		9791.56   16633.83  9       1351224.0 ms cross
rand   	ab
ab6	1
fail		10098.93  16933.43  9       1367011.0 ms
fail		10124.41  16627.40  9       1375060.0 ms
fail		9994.02   16848.60  9       1381284.0 ms
cross iterater62
bad   	success		10231.36  16622.66  9       1381300.0 ms cross
rand   	bad   	success		9989.07   16179.27  9       1388039.0 ms cross
rand   	ab
fail		9602.46   17085.37  9       1401159.0 ms
cross iterater63
bad   	success		9579.87   16312.42  9       1401159.0 ms cross
rand   	bad   	success		9851.93   17027.07  9       1410051.0 ms cross
rand   	ab
fail		9989.07   16566.65  9       1420721.0 ms
cross iterater64
bad   	success		10138.40  15913.73  9       1420721.0 ms cross
rand   	bad   	success		10410.20  16700.64  9       1429098.0 ms cross
rand   	ab
ab6	1
fail		10077.84  17124.44  9       1441625.0 ms
fail		9994.02   16848.60  9       1445758.0 ms
cross iterater65
bad   	success		9606.97   16975.80  9       1446336.0 ms cross
rand   	bad   	success		9129.13   17595.82  9       1453122.0 ms cross
rand   	ab
ab7	1
ab6	4
fail		10164.50  16605.19  9       1464884.0 ms
fail		9994.02   16848.60  9       1469548.0 ms
cross iterater66
ab
ab6	4
fail		10138.40  16381.67  9       1476069.0 ms
cross iterater67
bad   	success		9695.21   16308.38  9       1477067.0 ms cross
rand   	bad   	rand   	success		10068.72  16699.84  9       1493182.0 ms cross
ab
ab6	1
fail		10026.58  16733.63  9       1498845.0 ms
cross iterater68
bad   	success		9895.87   16911.57  9       1498845.0 ms cross
rand   	bad   	success		9562.57   16639.16  9       1508563.0 ms cross
rand   	ab
ab7	5
ab6	4
fail		10068.72  16888.22  9       1534989.0 ms
fail		10026.58  16733.63  9       1541416.0 ms
cross iterater69
ab
ab7	3
fail		9695.21   16492.52  9       1547578.0 ms
fail		10004.72  16950.19  9       1553771.0 ms
cross iterater70
bad   	success		9764.67   16830.71  9       1553771.0 ms cross
rand   	bad   	success		9994.68   16392.26  9       1563038.0 ms cross
rand   	ab
ab7	0
ab6	3
cross iterater71
bad   	success		10071.84  16222.38  9       1570011.0 ms cross
rand   	bad   	success		9884.02   16178.01  9       1575050.0 ms cross
rand   	ab
ab6	3
ab7	4
cross iterater72
bad   	success		9639.39   16594.50  9       1581024.0 ms cross
rand   	bad   	success		10148.76  16891.22  9       1586937.0 ms cross
rand   	ab
ab6	4
fail		9884.02   16260.24  9       1600586.0 ms
fail		10071.84  16390.85  9       1612723.0 ms
cross iterater73
bad   	success		9727.48   17123.97  9       1612723.0 ms cross
rand   	bad   	success		9933.90   16124.34  9       1624641.0 ms cross
rand   	ab
ab6	3
fail		9639.39   16601.15  9       1639726.0 ms
fail		9981.68   16730.00  9       1645982.0 ms
cross iterater74
bad   	success		10241.37  16620.68  9       1645982.0 ms cross
rand   	bad   	rand   	ab
ab6	3
fail		10050.31  16521.05  9       1677415.0 ms
fail		10071.84  16390.85  9       1686697.0 ms
cross iterater75
bad   	success		10178.53  17190.01  9       1686713.0 ms cross
rand   	bad   	success		9651.18   16779.30  9       1696572.0 ms cross
rand   	ab
ab6	0
ab7	4
fail		9535.83   16870.50  9       1715261.0 ms
fail		9639.39   16601.15  9       1726118.0 ms
fail		9938.63   16530.62  9       1736539.0 ms
cross iterater76
bad   	success		9595.17   16802.14  9       1737147.0 ms cross
rand   	bad   	success		9874.58   16649.81  9       1743652.0 ms cross
rand   	ab
ab7	5
fail		9639.39   16601.15  9       1756662.0 ms
fail		10050.31  16521.05  9       1762544.0 ms
cross iterater77
bad   	success		9749.72   16797.10  9       1762559.0 ms cross
rand   	bad   	success		9729.39   16446.65  9       1767941.0 ms cross
rand   	ab
ab7	3
fail		9729.39   16598.32  9       1778362.0 ms
cross iterater78
bad   	success		9589.06   16351.58  9       1778362.0 ms cross
rand   	bad   	success		10181.72  16703.54  9       1787862.0 ms cross
rand   	ab
ab7	2
ab6	1
fail		9729.39   16598.32  9       1799593.0 ms
cross iterater79
ab
fail		10181.65  16793.28  9       1806161.0 ms
fail		10056.44  16494.02  9       1811745.0 ms
cross iterater80
bad   	success		10153.79  16686.97  9       1813508.0 ms cross
rand   	bad   	success		9665.41   16652.82  9       1820481.0 ms cross
rand   	ab
ab6	5
ab7	0
fail		10180.88  17076.67  9       1832665.0 ms
cross iterater81
bad   	success		9454.69   16815.50  9       1832665.0 ms cross
rand   	bad   	success		9956.48   16841.40  9       1838140.0 ms cross
rand   	ab
ab6	3
ab7	1
cross iterater82
bad   	success		9830.76   16450.00  9       1844427.0 ms cross
rand   	bad   	rand   	ab
fail		9745.03   16721.11  9       1868123.0 ms
cross iterater83
bad   	success		9972.68   15934.31  9       1868139.0 ms cross
rand   	bad   	success		9782.30   16233.07  9       1873021.0 ms cross
rand   	ab
ab7	0
cross iterater84
bad   	success		9274.18   17089.68  9       1879448.0 ms cross
rand   	bad   	success		9641.59   16890.65  9       1884347.0 ms cross
rand   	ab
ab6	2
ab7	1
fail		9424.08   16658.15  9       1902645.0 ms
cross iterater85
bad   	success		10172.03  17101.65  9       1902864.0 ms cross
rand   	bad   	success		9560.25   16593.76  9       1911288.0 ms cross
rand   	ab
ab7	0
fail		9560.25   16675.55  9       1931708.0 ms
fail		9972.68   16551.68  9       1942160.0 ms
cross iterater86
bad   	success		9970.44   16294.05  9       1942160.0 ms cross
rand   	bad   	success		10198.70  16138.23  9       1948478.0 ms cross
rand   	ab
ab6	2
fail		9970.44   16459.98  9       1961441.0 ms
cross iterater87
bad   	success		10407.16  16810.23  9       1961987.0 ms cross
rand   	bad   	success		9902.87   17092.88  9       1967400.0 ms cross
rand   	ab
ab6	5
ab7	3
fail		9865.56   16879.84  9       1980270.0 ms
cross iterater88
bad   	success		9445.98   16381.93  9       1980286.0 ms cross
rand   	bad   	success		9515.59   16537.02  9       1985028.0 ms cross
rand   	ab
fail		9515.59   16622.17  9       1994840.0 ms
cross iterater89
ab
ab7	5
fail		9515.59   16622.17  9       2000659.0 ms
cross iterater90
ab
ab7	2
fail		9445.98   16657.18  9       2006556.0 ms
cross iterater91
bad   	success		9445.45   16735.03  9       2006556.0 ms cross
rand   	bad   	success		9750.37   16518.24  9       2012936.0 ms cross
rand   	ab
ab7	5
cross iterater92
bad   	success		9704.66   16352.20  9       2019862.0 ms cross
rand   	bad   	success		9583.83   16490.25  9       2025821.0 ms cross
rand   	ab
ab7	0
fail		9436.97   16448.59  9       2036601.0 ms
cross iterater93
bad   	success		9449.28   16663.54  9       2036601.0 ms cross
rand   	bad   	success		9483.08   16364.74  9       2042716.0 ms cross
rand   	ab
ab7	3
ab6	0
fail		9750.37   16622.33  9       2054572.0 ms
cross iterater94
ab
ab7	4
fail		9497.95   16750.62  9       2060219.0 ms
fail		9324.86   16861.77  9       2065336.0 ms
cross iterater95
bad   	success		10058.20  16639.07  9       2067722.0 ms cross
rand   	bad   	success		8925.10   16917.27  9       2075959.0 ms cross
rand   	ab
ab6	1
fail		9223.45   16813.10  9       2088267.0 ms
cross iterater96
bad   	success		9986.29   16958.43  9       2093556.0 ms cross
rand   	bad   	success		10137.53  16270.26  9       2106238.0 ms cross
rand   	ab
ab6	5
ab7	2
fail		9497.95   16750.62  9       2120528.0 ms
fail		9436.97   16448.59  9       2125894.0 ms
cross iterater97
bad   	success		9298.87   16717.41  9       2125894.0 ms cross
rand   	bad   	success		10309.71  16902.32  9       2133866.0 ms cross
rand   	ab
ab6	4
ab7	5
fail		9525.72   17257.64  9       2146267.0 ms
fail		9663.90   16725.72  9       2151883.0 ms
cross iterater98
bad   	success		9616.68   17114.03  9       2153007.0 ms cross
rand   	bad   	success		9589.03   16596.81  9       2158669.0 ms cross
rand   	ab
ab7	0
fail		9497.95   16750.62  9       2171992.0 ms
cross iterater99
bad   	success		9572.81   16823.83  9       2172007.0 ms cross
rand   	bad   	success		9684.67   16272.32  9       2178372.0 ms cross
rand   	ab
ab6	1
ab7	0
fail		9413.09   16907.71  9       2190259.0 ms
fail		9497.95   16750.62  9       2196468.0 ms

R.size:9

1		23	116	56	47	65	118	92	195	132	200	193	146	27	68	196	145	102	37	125	16	2	155	112	80	
2		62	117	151	21	6	32	15	51	120	172	147	29	107	84	58	189	98	5	136	24	171	202	
3		4	79	177	150	94	90	11	141	166	180	122	138	93	83	127	114	30	25	
4		18	34	183	181	8	60	119	197	48	31	167	184	128	40	78	178	59	3	158	149	113	106	111	82	121	10	153	86	39	140	
5		67	168	77	61	143	137	43	63	104	170	124	144	174	96	55	42	110	108	182	54	190	53	154	148	85	46	
6		131	41	199	152	139	88	103	81	38	9	129	49	185	160	101	22	97	52	1	72	
7		74	26	45	161	73	91	19	57	66	123	157	89	28	76	109	50	126	175	87	201	
8		100	192	36	179	33	35	162	134	135	165	14	133	142	105	176	69	186	159	156	173	12	20	188	115	
9		164	95	71	194	44	191	75	13	130	198	17	70	187	7	64	169	99	163	

data1/pdp200/LR2_2_1.txt
total_cost 8925.100370

