success		1       0       1       16      1       0       66605.01  100     78.0     ms
success		1       1       1       77      1       0       66748.41  99      78.0     ms
success		1       2       1       69      1       0       66742.39  98      78.0     ms
success		1       3       1       89      1       0       65918.64  97      78.0     ms
success		1       4       1       5       1       0       64714.50  96      78.0     ms
success		1       5       1       48      1       0       63581.67  95      78.0     ms
success		1       6       1       8       1       0       63676.07  94      78.0     ms
success		1       7       1       7       1       0       63750.88  93      78.0     ms
success		1       8       1       7       1       0       62903.48  92      78.0     ms
success		1       9       1       36      1       0       62959.65  91      78.0     ms
success		1       10      1       81      1       0       62876.84  90      78.0     ms
success		1       11      1       72      1       0       62689.73  89      78.0     ms
success		1       12      1       74      1       0       61367.33  88      78.0     ms
success		1       13      1       79      1       0       61552.33  87      94.0     ms
success		1       14      1       17      1       0       61543.49  86      94.0     ms
success		1       15      1       67      1       0       61710.74  85      94.0     ms
success		1       16      1       38      1       0       60876.10  84      94.0     ms
success		1       17      2       21      2       0       60922.75  83      94.0     ms
success		1       18      1       65      1       0       60913.32  82      94.0     ms
success		1       19      2       79      2       0       60647.24  81      94.0     ms
success		1       20      1       11      1       0       60390.89  80      94.0     ms
success		1       21      1       79      1       0       60294.99  79      94.0     ms
success		1       22      1       40      1       0       60371.81  78      94.0     ms
success		1       23      2       0       2       0       60851.13  77      94.0     ms
success		1       24      1       50      1       0       61021.11  76      94.0     ms
success		1       25      3       68      3       0       60974.71  75      94.0     ms
success		1       26      1       13      1       0       59162.42  74      94.0     ms
success		1       27      1       37      1       0       59052.36  73      94.0     ms
success		1       28      2       2       2       0       59118.24  72      94.0     ms
success		1       29      1       15      1       0       59154.55  71      94.0     ms
success		1       30      1       58      1       0       59300.68  70      94.0     ms
success		1       31      1       35      1       0       59421.95  69      94.0     ms
success		1       32      1       67      1       0       58866.47  68      94.0     ms
success		1       33      1       56      1       0       57803.65  67      94.0     ms
success		1       34      1       43      1       0       56737.62  66      94.0     ms
success		1       35      1       25      1       0       56614.66  65      94.0     ms
success		1       36      2       6       2       0       58145.93  64      94.0     ms
success		1       37      4       21      4       0       58715.54  63      94.0     ms
success		1       38      1       57      1       0       58793.42  62      94.0     ms
success		1       39      1       21      1       0       57306.39  61      94.0     ms
success		1       40      4       12      4       0       57470.16  60      94.0     ms
success		1       41      3       46      3       0       56284.25  59      94.0     ms
success		1       42      3       22      3       0       54888.25  58      94.0     ms
success		1       43      2       32      2       0       54682.56  57      94.0     ms
success		1       44      2       23      2       0       54177.74  56      109.0    ms
success		1       45      1       9       1       0       53255.63  55      109.0    ms
success		1       46      1       53      1       0       53049.71  54      109.0    ms
success		1       47      2       43      2       0       51726.85  53      109.0    ms
success		1       48      1       0       1       0       51694.70  52      109.0    ms
success		1       49      2       19      2       0       50455.64  51      109.0    ms
success		1       50      2       28      2       0       49013.12  50      109.0    ms
success		1       51      1       31      1       0       48646.69  49      109.0    ms
success		1       52      1       43      1       0       47378.48  48      109.0    ms
success		1       53      3       12      3       0       46887.98  47      109.0    ms
success		1       54      2       41      2       0       46549.45  46      109.0    ms
success		1       55      3       39      3       0       45737.47  45      109.0    ms
success		1       56      2       4       2       0       44848.50  44      109.0    ms
success		1       57      2       28      2       0       44956.32  43      109.0    ms
success		1       58      2       15      2       0       43905.73  42      109.0    ms
success		1       59      1       28      1       0       43285.12  41      109.0    ms
success		1       60      2       33      2       0       42584.50  40      109.0    ms
success		1       61      3       38      3       0       41550.10  39      109.0    ms
success		1       62      2       38      2       0       39691.62  38      125.0    ms
success		1       63      4       7       4       0       39372.24  37      125.0    ms
success		1       64      2       24      2       0       39306.35  36      125.0    ms
success		1       65      9       22      9       0       40123.06  35      125.0    ms
success		1       66      1       11      1       0       40392.12  34      125.0    ms
success		1       67      4       29      4       0       39732.97  33      125.0    ms
success		1       68      4       19      4       0       37921.46  32      125.0    ms
success		1       69      3       19      3       0       36352.04  31      125.0    ms
success		1       70      4       14      4       0       35239.65  30      125.0    ms
success		1       71      5       9       5       0       34390.10  29      125.0    ms
success		1       72      6       17      6       0       34407.96  28      125.0    ms
success		1       73      4       16      4       0       34069.23  27      125.0    ms
success		1       74      2       15      2       0       33470.77  26      125.0    ms
success		1       75      6       24      6       0       33550.85  25      125.0    ms
success		1       76      3       24      3       0       32694.90  24      125.0    ms
success		1       77      4       12      4       0       31138.69  23      125.0    ms
success		1       78      7       0       7       0       30756.14  22      125.0    ms
success		1       79      4       0       4       0       30468.47  21      125.0    ms
success		1       80      4       10      4       0       29376.32  20      125.0    ms
success		1       81      6       14      6       0       27705.40  19      125.0    ms
success		1       82      2       17      2       0       27052.49  18      125.0    ms
success		1       83      9       6       9       0       26520.50  17      141.0    ms
success		1       84      7       0       7       0       24422.76  16      141.0    ms
success		1       85      7       7       7       0       23434.27  15      141.0    ms
success		1       86      9       0       9       0       22413.40  14      141.0    ms
success		1       87      9       6       9       0       20458.89  13      141.0    ms
success		1       88      6       10      6       0       19714.72  12      141.0    ms
success		1       89      7       11      7       0       18357.05  11      141.0    ms
success		1       90      8       8       8       0       17178.18  10      141.0    ms
success		1       91      7       5       7       0       15688.83  9       141.0    ms
success		1       92      15      8       13      0       14592.14  8       156.0    ms
success		1       93      16      2       15      0       13481.07  7       187.0    ms
success		1       94      20      3       17      0       11622.18  6       250.0    ms
success		1       95      27      2       19      0       9907.16   5       390.0    ms
success		1       96      1962    4       20      0       7828.74   4       55192.0  ms
success		1       0       1       87      1       0       82628.05  100     136530.0 ms
success		1       1       1       45      1       0       82401.34  99      136530.0 ms
success		1       2       1       92      1       0       82298.78  98      136530.0 ms
success		1       3       1       65      1       0       81594.66  97      136530.0 ms
success		1       4       1       15      1       0       80817.57  96      136530.0 ms
success		1       5       1       3       1       0       80512.06  95      136530.0 ms
success		1       6       1       38      1       0       80320.79  94      136530.0 ms
success		1       7       1       32      1       0       79925.93  93      136530.0 ms
success		1       8       1       11      1       0       78657.43  92      136530.0 ms
success		1       9       1       72      1       0       77097.31  91      136530.0 ms
success		1       10      1       18      1       0       76851.21  90      136530.0 ms
success		1       11      1       30      1       0       76517.25  89      136530.0 ms
success		1       12      1       40      1       0       75809.01  88      136530.0 ms
success		1       13      1       33      1       0       75586.91  87      136530.0 ms
success		1       14      1       26      1       0       75458.53  86      136530.0 ms
success		1       15      1       65      1       0       75515.81  85      136530.0 ms
success		1       16      1       57      1       0       75304.58  84      136530.0 ms
success		1       17      2       58      2       0       74938.54  83      136530.0 ms
success		1       18      1       40      1       0       73228.71  82      136530.0 ms
success		1       19      1       59      1       0       72510.86  81      136530.0 ms
success		1       20      1       7       1       0       70989.83  80      136530.0 ms
success		1       21      1       25      1       0       70778.76  79      136530.0 ms
success		1       22      1       78      1       0       70620.40  78      136530.0 ms
success		1       23      1       64      1       0       69199.56  77      136530.0 ms
success		1       24      1       34      1       0       69076.52  76      136530.0 ms
success		1       25      1       27      1       0       68719.90  75      136530.0 ms
success		1       26      1       35      1       0       68544.08  74      136530.0 ms
success		1       27      1       68      1       0       67295.32  73      136530.0 ms
success		1       28      3       37      3       0       67843.53  72      136530.0 ms
success		1       29      3       36      3       0       67308.47  71      136530.0 ms
success		1       30      1       10      1       0       66563.39  70      136530.0 ms
success		1       31      2       9       2       0       66055.77  69      136530.0 ms
success		1       32      1       65      1       0       64300.64  68      136530.0 ms
success		1       33      1       55      1       0       63544.95  67      136530.0 ms
success		1       34      2       17      2       0       63062.19  66      136530.0 ms
success		1       35      1       10      1       0       62917.50  65      136530.0 ms
success		1       36      1       42      1       0       62725.38  64      136530.0 ms
success		1       37      1       21      1       0       62069.81  63      136530.0 ms
success		1       38      3       16      3       0       61662.59  62      136530.0 ms
success		1       39      1       27      1       0       61288.99  61      136530.0 ms
success		1       40      1       37      1       0       61246.08  60      136530.0 ms
success		1       41      1       34      1       0       59633.89  59      136530.0 ms
success		1       42      1       16      1       0       59254.70  58      136530.0 ms
success		1       43      3       1       3       0       58235.44  57      136530.0 ms
success		1       44      2       36      2       0       57185.45  56      136530.0 ms
success		1       45      2       55      2       0       56745.00  55      136530.0 ms
success		1       46      1       0       1       0       56199.26  54      136530.0 ms
success		1       47      4       4       4       0       57284.63  53      136530.0 ms
success		1       48      2       5       2       0       56699.38  52      136530.0 ms
success		1       49      2       33      2       0       56625.34  51      136530.0 ms
success		1       50      3       20      3       0       56944.14  50      136530.0 ms
success		1       51      2       38      2       0       56540.44  49      136530.0 ms
success		1       52      1       36      1       0       56760.80  48      136530.0 ms
success		1       53      3       3       3       0       57386.75  47      136530.0 ms
success		1       54      2       44      2       0       56112.77  46      136530.0 ms
success		1       55      1       9       1       0       54898.23  45      136530.0 ms
success		1       56      1       25      1       0       54225.16  44      136530.0 ms
success		1       57      2       10      2       0       53975.00  43      136530.0 ms
success		1       58      3       32      3       0       52620.90  42      136530.0 ms
success		1       59      1       36      1       0       51132.72  41      136530.0 ms
success		1       60      2       6       2       0       49865.63  40      136530.0 ms
success		1       61      2       25      2       0       48684.84  39      136530.0 ms
success		1       62      4       7       4       0       48361.44  38      136530.0 ms
success		1       63      3       17      3       0       47101.58  37      136530.0 ms
success		1       64      4       30      4       0       46363.22  36      136530.0 ms
success		1       65      2       26      2       0       44942.64  35      136530.0 ms
success		1       66      3       31      3       0       43372.20  34      136530.0 ms
success		1       67      3       22      3       0       42267.32  33      136530.0 ms
success		1       68      2       20      2       0       40719.61  32      136530.0 ms
success		1       69      1       9       1       0       38875.85  31      136530.0 ms
success		1       70      3       1       3       0       36776.42  30      136530.0 ms
success		1       71      4       21      4       0       36902.70  29      136530.0 ms
success		1       72      3       25      3       0       35971.32  28      136530.0 ms
success		1       73      3       23      3       0       34477.67  27      136530.0 ms
success		1       74      1       14      1       0       32753.66  26      136530.0 ms
success		1       75      4       11      4       0       32107.13  25      136530.0 ms
success		1       76      2       23      2       0       31522.35  24      136530.0 ms
success		1       77      8       8       8       0       30587.26  23      136530.0 ms
success		1       78      9       11      9       0       29479.87  22      136545.0 ms
success		1       79      7       16      7       0       28628.02  21      136545.0 ms
success		1       80      4       12      4       0       27329.94  20      136545.0 ms
success		1       81      2       14      2       0       26429.08  19      136545.0 ms
success		1       82      4       18      4       0       24871.77  18      136545.0 ms
success		1       83      4       11      4       0       22871.23  17      136545.0 ms
success		1       84      6       14      6       0       21230.69  16      136545.0 ms
success		1       85      13      4       13      0       21073.55  15      136545.0 ms
success		1       86      6       11      6       0       20319.67  14      136545.0 ms
success		1       87      6       8       6       0       19424.56  13      136545.0 ms
success		1       88      6       6       6       0       18559.38  12      136545.0 ms
success		1       89      5       9       5       0       17147.31  11      136545.0 ms
success		1       90      7       7       6       0       17094.37  10      136545.0 ms
success		1       91      9       3       9       0       14845.06  9       136545.0 ms
success		1       92      13      3       13      0       13835.15  8       136545.0 ms
success		1       93      14      0       11      0       13349.14  7       136561.0 ms
success		1       94      16      5       10      0       12193.40  6       136592.0 ms
success		1       95      49      0       17      0       10026.42  5       136951.0 ms
success		1       96      437     2       19      0       7991.49   4       147684.0 ms
success		1       0       1       78      1       0       82598.96  100     213390.0 ms
success		1       1       1       41      1       0       82381.05  99      213390.0 ms
success		1       2       1       59      1       0       82032.49  98      213390.0 ms
success		1       3       1       83      1       0       81163.34  97      213390.0 ms
success		1       4       1       58      1       0       80865.02  96      213390.0 ms
success		1       5       2       21      2       0       80748.96  95      213390.0 ms
success		1       6       1       54      1       0       80608.70  94      213390.0 ms
success		1       7       1       93      1       0       80460.98  93      213390.0 ms
success		1       8       1       20      1       0       80369.56  92      213390.0 ms
success		1       9       1       44      1       0       80249.44  91      213390.0 ms
success		1       10      1       33      1       0       79493.79  90      213390.0 ms
success		1       11      1       66      1       0       78248.79  89      213390.0 ms
success		1       12      1       40      1       0       78071.21  88      213390.0 ms
success		1       13      1       48      1       0       77997.52  87      213390.0 ms
success		1       14      1       69      1       0       77512.67  86      213390.0 ms
success		1       15      1       59      1       0       77463.87  85      213390.0 ms
success		1       16      1       31      1       0       76228.60  84      213390.0 ms
success		1       17      1       51      1       0       75642.95  83      213390.0 ms
success		1       18      1       26      1       0       75615.27  82      213390.0 ms
success		1       19      1       10      1       0       74104.80  81      213390.0 ms
success		1       20      1       17      1       0       72706.31  80      213390.0 ms
success		1       21      1       45      1       0       72271.57  79      213390.0 ms
success		1       22      1       52      1       0       71961.90  78      213390.0 ms
success		1       23      1       50      1       0       71050.33  77      213390.0 ms
success		1       24      1       43      1       0       71006.67  76      213390.0 ms
success		1       25      1       1       1       0       70853.77  75      213390.0 ms
success		1       26      1       63      1       0       69482.40  74      213390.0 ms
success		1       27      1       17      1       0       69004.02  73      213390.0 ms
success		1       28      1       43      1       0       68686.92  72      213390.0 ms
success		1       29      1       32      1       0       68136.38  71      213390.0 ms
success		1       30      2       61      2       0       66606.82  70      213390.0 ms
success		1       31      1       48      1       0       66359.35  69      213390.0 ms
success		1       32      1       55      1       0       65841.77  68      213390.0 ms
success		1       33      1       8       1       0       64710.81  67      213390.0 ms
success		1       34      1       45      1       0       64187.06  66      213390.0 ms
success		1       35      1       1       1       0       63311.84  65      213390.0 ms
success		1       36      2       12      2       0       62709.13  64      213390.0 ms
success		1       37      1       60      1       0       60951.45  63      213390.0 ms
success		1       38      1       28      1       0       60689.53  62      213390.0 ms
success		1       39      1       1       1       0       60108.55  61      213390.0 ms
success		1       40      4       6       4       0       59133.80  60      213390.0 ms
success		1       41      1       13      1       0       58988.14  59      213390.0 ms
success		1       42      1       45      1       0       58973.73  58      213390.0 ms
success		1       43      3       28      3       0       58912.46  57      213390.0 ms
success		1       44      1       23      1       0       58813.79  56      213390.0 ms
success		1       45      1       6       1       0       57411.20  55      213390.0 ms
success		1       46      1       18      1       0       56882.59  54      213390.0 ms
success		1       47      1       9       1       0       56710.53  53      213390.0 ms
success		1       48      1       12      1       0       55687.19  52      213390.0 ms
success		1       49      2       44      2       0       55070.83  51      213390.0 ms
success		1       50      3       48      3       0       55095.54  50      213390.0 ms
success		1       51      3       1       3       0       54653.66  49      213390.0 ms
success		1       52      3       8       3       0       54630.86  48      213390.0 ms
success		1       53      1       27      1       0       54506.96  47      213390.0 ms
success		1       54      1       36      1       0       53025.40  46      213390.0 ms
success		1       55      3       34      3       0       51690.45  45      213390.0 ms
success		1       56      2       30      2       0       51815.68  44      213390.0 ms
success		1       57      3       8       3       0       51706.18  43      213390.0 ms
success		1       58      2       42      2       0       51332.43  42      213390.0 ms
success		1       59      1       32      1       0       50609.58  41      213390.0 ms
success		1       60      2       31      2       0       49688.35  40      213390.0 ms
success		1       61      3       12      3       0       49155.48  39      213390.0 ms
success		1       62      4       34      4       0       47879.30  38      213390.0 ms
success		1       63      1       33      1       0       46418.12  37      213390.0 ms
success		1       64      2       27      2       0       45355.16  36      213390.0 ms
success		1       65      1       5       1       0       43627.78  35      213405.0 ms
success		1       66      2       10      2       0       43649.16  34      213405.0 ms
success		1       67      4       13      4       0       41878.37  33      213405.0 ms
success		1       68      1       25      1       0       40975.62  32      213405.0 ms
success		1       69      2       20      2       0       40873.23  31      213405.0 ms
success		1       70      3       8       3       0       39686.58  30      213405.0 ms
success		1       71      1       21      1       0       38838.81  29      213405.0 ms
success		1       72      1       8       1       0       38616.02  28      213405.0 ms
success		1       73      3       12      3       0       37941.92  27      213405.0 ms
success		1       74      2       1       2       0       36731.80  26      213405.0 ms
success		1       75      3       13      3       0       36774.53  25      213405.0 ms
success		1       76      4       24      4       0       36094.59  24      213405.0 ms
success		1       77      2       13      2       0       34771.80  23      213405.0 ms
success		1       78      6       6       6       0       33948.64  22      213405.0 ms
success		1       79      1       8       1       0       33185.27  21      213405.0 ms
success		1       80      6       1       6       0       32019.05  20      213405.0 ms
success		1       81      7       15      7       0       30209.84  19      213405.0 ms
success		1       82      11      15      11      0       29021.54  18      213405.0 ms
success		1       83      11      13      11      0       28153.93  17      213405.0 ms
success		1       84      5       14      5       0       27098.96  16      213405.0 ms
success		1       85      3       12      3       0       25271.89  15      213405.0 ms
success		1       86      10      3       10      0       23219.19  14      213405.0 ms
success		1       87      9       9       9       0       21950.64  13      213405.0 ms
success		1       88      10      3       10      0       20069.72  12      213405.0 ms
success		1       89      11      10      11      0       18308.34  11      213405.0 ms
success		1       90      8       5       8       0       17192.67  10      213405.0 ms
success		1       91      10      4       10      0       15426.80  9       213405.0 ms
success		1       92      12      1       10      0       14608.12  8       213421.0 ms
success		1       93      11      6       10      0       13673.11  7       213437.0 ms
success		1       94      23      6       17      0       11681.34  6       213515.0 ms
success		1       95      68      0       19      0       10297.98  5       214731.0 ms
success		1       96      180     4       19      0       7860.05   4       218475.0 ms
success		1       0       1       2       1       0       82165.89  100     284931.0 ms
success		1       1       1       74      1       0       81989.49  99      284931.0 ms
success		1       2       1       30      1       0       81860.44  98      284931.0 ms
success		1       3       1       37      1       0       81423.19  97      284931.0 ms
success		1       4       1       7       1       0       79623.70  96      284931.0 ms
success		1       5       1       65      1       0       79412.47  95      284931.0 ms
success		1       6       1       32      1       0       78547.46  94      284931.0 ms
success		1       7       1       46      1       0       77341.51  93      284931.0 ms
success		1       8       1       77      1       0       76753.35  92      284931.0 ms
success		1       9       1       14      1       0       76608.66  91      284931.0 ms
success		1       10      2       76      2       0       76644.86  90      284931.0 ms
success		1       11      1       73      1       0       76465.70  89      284931.0 ms
success		1       12      1       41      1       0       76143.96  88      284931.0 ms
success		1       13      1       5       1       0       75884.50  87      284931.0 ms
success		1       14      1       80      1       0       75396.86  86      284931.0 ms
success		1       15      1       37      1       0       75130.17  85      284931.0 ms
success		1       16      1       36      1       0       74688.70  84      284931.0 ms
success		1       17      1       72      1       0       74562.13  83      284931.0 ms
success		1       18      1       16      1       0       74493.05  82      284931.0 ms
success		1       19      1       1       1       0       74293.41  81      284931.0 ms
success		1       20      1       51      1       0       73679.76  80      284931.0 ms
success		1       21      3       33      3       0       72643.28  79      284931.0 ms
success		1       22      1       9       1       0       72283.55  78      284931.0 ms
success		1       23      1       44      1       0       71559.95  77      284931.0 ms
success		1       24      1       7       1       0       71447.41  76      284931.0 ms
success		1       25      1       13      1       0       71410.32  75      284931.0 ms
success		1       26      1       53      1       0       71280.77  74      284931.0 ms
success		1       27      1       61      1       0       70422.68  73      284931.0 ms
success		1       28      1       8       1       0       70104.74  72      284931.0 ms
success		1       29      1       12      1       0       68966.37  71      284931.0 ms
success		1       30      1       23      1       0       68720.49  70      284931.0 ms
success		1       31      1       60      1       0       68388.20  69      284931.0 ms
success		1       32      2       22      2       0       67916.43  68      284946.0 ms
success		1       33      1       15      1       0       66820.73  67      284946.0 ms
success		1       34      1       62      1       0       64917.24  66      284946.0 ms
success		1       35      2       29      2       0       64565.92  65      284946.0 ms
success		1       36      2       35      2       0       64040.84  64      284946.0 ms
success		1       37      1       20      1       0       62873.31  63      284946.0 ms
success		1       38      2       29      2       0       61718.99  62      284946.0 ms
success		1       39      2       45      2       0       60416.26  61      284946.0 ms
success		1       40      4       58      4       0       59511.59  60      284946.0 ms
success		1       41      1       48      1       0       59200.58  59      284946.0 ms
success		1       42      4       6       4       0       58760.11  58      284946.0 ms
success		1       43      1       37      1       0       57832.26  57      284946.0 ms
success		1       44      2       39      2       0       58754.71  56      284946.0 ms
success		1       45      1       48      1       0       58476.04  55      284946.0 ms
success		1       46      4       11      4       0       58255.28  54      284946.0 ms
success		1       47      1       53      1       0       57872.28  53      284946.0 ms
success		1       48      1       21      1       0       56709.26  52      284946.0 ms
success		1       49      1       34      1       0       56013.66  51      284946.0 ms
success		1       50      3       37      3       0       55671.55  50      284946.0 ms
success		1       51      4       16      4       0       54271.32  49      284946.0 ms
success		1       52      1       33      1       0       53724.05  48      284946.0 ms
success		1       53      2       20      2       0       53099.53  47      284946.0 ms
success		1       54      1       7       1       0       52553.68  46      284946.0 ms
success		1       55      4       21      4       0       51326.95  45      284946.0 ms
success		1       56      1       27      1       0       50948.32  44      284946.0 ms
success		1       57      1       17      1       0       50696.21  43      284946.0 ms
success		1       58      3       7       3       0       49461.08  42      284946.0 ms
success		1       59      3       13      3       0       47518.30  41      284946.0 ms
success		1       60      2       2       2       0       45998.65  40      284946.0 ms
success		1       61      2       12      2       0       44164.99  39      284946.0 ms
success		1       62      3       34      3       0       43343.31  38      284946.0 ms
success		1       63      3       23      3       0       42310.32  37      284946.0 ms
success		1       64      4       21      4       0       42158.22  36      284946.0 ms
success		1       65      5       4       5       0       42079.77  35      284946.0 ms
success		1       66      2       31      2       0       40963.75  34      284946.0 ms
success		1       67      5       10      5       0       40602.54  33      284946.0 ms
success		1       68      4       22      4       0       39333.56  32      284946.0 ms
success		1       69      2       22      2       0       39149.93  31      284946.0 ms
success		1       70      5       30      5       0       37824.09  30      284946.0 ms
success		1       71      7       25      7       0       37114.01  29      284946.0 ms
success		1       72      4       21      4       0       36845.88  28      284946.0 ms
success		1       73      5       2       5       0       36190.15  27      284946.0 ms
success		1       74      8       11      8       0       36558.01  26      284946.0 ms
success		1       75      4       21      4       0       35584.86  25      284946.0 ms
success		1       76      12      2       12      0       34786.69  24      284946.0 ms
success		1       77      5       2       5       0       33437.66  23      284946.0 ms
success		1       78      7       8       7       0       31965.23  22      284946.0 ms
success		1       79      6       10      6       0       31318.72  21      284946.0 ms
success		1       80      3       16      3       0       30046.20  20      284946.0 ms
success		1       81      2       13      2       0       29632.76  19      284946.0 ms
success		1       82      4       11      4       0       28032.19  18      284946.0 ms
success		1       83      6       5       6       0       26745.64  17      284946.0 ms
success		1       84      4       14      4       0       25143.24  16      284946.0 ms
success		1       85      4       15      4       0       23385.96  15      284946.0 ms
success		1       86      5       5       5       0       21692.27  14      284962.0 ms
success		1       87      9       8       9       0       20061.86  13      284962.0 ms
success		1       88      13      10      13      0       18659.65  12      284962.0 ms
success		1       89      9       11      8       0       18370.66  11      284962.0 ms
success		1       90      6       8       6       0       17330.70  10      284962.0 ms
success		1       91      7       0       7       0       15833.77  9       284962.0 ms
success		1       92      11      6       11      0       14069.88  8       284962.0 ms
success		1       93      19      7       15      0       14137.25  7       284993.0 ms
success		1       94      19      4       14      0       11744.03  6       285040.0 ms
success		1       95      34      5       15      0       9916.47   5       285383.0 ms
success		1       96      212     3       23      0       7963.53   4       290936.0 ms
success		1       0       1       13      1       0       81996.93  100     432286.0 ms
success		1       1       1       42      1       0       81702.37  99      432286.0 ms
success		1       2       1       94      1       0       81531.02  98      432286.0 ms
success		1       3       1       89      1       0       81401.92  97      432286.0 ms
success		1       4       1       89      1       0       80180.48  96      432286.0 ms
success		1       5       1       80      1       0       79975.04  95      432286.0 ms
success		1       6       1       81      1       0       79619.96  94      432286.0 ms
success		1       7       1       44      1       0       79529.93  93      432286.0 ms
success		1       8       1       3       1       0       79252.83  92      432286.0 ms
success		1       9       1       2       1       0       77653.54  91      432286.0 ms
success		1       10      1       22      1       0       77253.83  90      432286.0 ms
success		1       11      1       67      1       0       77159.42  89      432286.0 ms
success		1       12      1       72      1       0       75640.15  88      432286.0 ms
success		1       13      1       65      1       0       75512.20  87      432286.0 ms
success		1       14      1       19      1       0       74161.46  86      432286.0 ms
success		1       15      1       38      1       0       73999.99  85      432286.0 ms
success		1       16      1       37      1       0       72817.42  84      432286.0 ms
success		1       17      2       12      2       0       72276.09  83      432286.0 ms
success		1       18      2       80      2       0       70823.96  82      432286.0 ms
success		1       19      1       53      1       0       70624.82  81      432286.0 ms
success		1       20      1       62      1       0       70277.53  80      432286.0 ms
success		1       21      1       34      1       0       69598.62  79      432286.0 ms
success		1       22      1       30      1       0       69421.94  78      432286.0 ms
success		1       23      2       63      2       0       69029.15  77      432286.0 ms
success		1       24      1       43      1       0       68806.93  76      432286.0 ms
success		1       25      2       23      2       0       68185.91  75      432286.0 ms
success		1       26      1       42      1       0       67998.22  74      432286.0 ms
success		1       27      1       12      1       0       67771.92  73      432286.0 ms
success		1       28      1       23      1       0       67462.23  72      432286.0 ms
success		1       29      1       13      1       0       66091.45  71      432286.0 ms
success		1       30      2       20      2       0       65658.26  70      432286.0 ms
success		1       31      1       23      1       0       64857.28  69      432286.0 ms
success		1       32      1       35      1       0       63339.96  68      432286.0 ms
success		1       33      1       22      1       0       63026.12  67      432286.0 ms
success		1       34      1       56      1       0       61179.48  66      432286.0 ms
success		1       35      2       17      2       0       61159.78  65      432286.0 ms
success		1       36      1       34      1       0       61137.42  64      432286.0 ms
success		1       37      2       31      2       0       62816.12  63      432286.0 ms
success		1       38      2       1       2       0       62359.18  62      432286.0 ms
success		1       39      2       28      2       0       61764.37  61      432286.0 ms
success		1       40      1       13      1       0       61460.48  60      432286.0 ms
success		1       41      2       6       2       0       60628.65  59      432302.0 ms
success		1       42      2       5       2       0       61434.80  58      432302.0 ms
success		1       43      3       55      3       0       61251.53  57      432302.0 ms
success		1       44      3       56      3       0       59678.91  56      432302.0 ms
success		1       45      2       38      2       0       59340.24  55      432302.0 ms
success		1       46      1       36      1       0       59143.29  54      432302.0 ms
success		1       47      2       51      2       0       58690.30  53      432302.0 ms
success		1       48      1       20      1       0       58322.79  52      432302.0 ms
success		1       49      1       40      1       0       58155.74  51      432302.0 ms
success		1       50      2       39      2       0       58133.52  50      432302.0 ms
success		1       51      3       34      3       0       58092.53  49      432302.0 ms
success		1       52      2       23      2       0       57678.43  48      432302.0 ms
success		1       53      4       3       4       0       57023.52  47      432302.0 ms
success		1       54      3       16      3       0       56786.89  46      432302.0 ms
success		1       55      2       34      2       0       55874.13  45      432302.0 ms
success		1       56      2       5       2       0       55715.89  44      432302.0 ms
success		1       57      5       21      5       0       54582.38  43      432302.0 ms
success		1       58      2       30      2       0       53022.78  42      432302.0 ms
success		1       59      1       25      1       0       52727.85  41      432302.0 ms
success		1       60      2       16      2       0       51798.82  40      432302.0 ms
success		1       61      1       5       1       0       50321.16  39      432302.0 ms
success		1       62      3       10      3       0       48788.84  38      432302.0 ms
success		1       63      2       15      2       0       47546.78  37      432302.0 ms
success		1       64      1       17      1       0       47441.99  36      432302.0 ms
success		1       65      1       27      1       0       46560.53  35      432302.0 ms
success		1       66      2       20      2       0       46006.34  34      432302.0 ms
success		1       67      3       20      3       0       44170.74  33      432302.0 ms
success		1       68      3       32      3       0       42585.10  32      432302.0 ms
success		1       69      2       12      2       0       41313.42  31      432302.0 ms
success		1       70      2       14      2       0       40347.43  30      432302.0 ms
success		1       71      2       14      2       0       38881.94  29      432302.0 ms
success		1       72      3       8       3       0       38111.32  28      432302.0 ms
success		1       73      1       11      1       0       37566.48  27      432302.0 ms
success		1       74      3       1       3       0       36339.49  26      432302.0 ms
success		1       75      6       14      6       0       35249.48  25      432302.0 ms
success		1       76      5       4       5       0       34331.71  24      432302.0 ms
success		1       77      4       23      4       0       33286.85  23      432302.0 ms
success		1       78      3       16      3       0       32030.21  22      432302.0 ms
success		1       79      2       18      2       0       30729.99  21      432302.0 ms
success		1       80      4       16      4       0       30293.90  20      432302.0 ms
success		1       81      2       17      2       0       28930.08  19      432302.0 ms
success		1       82      5       11      5       0       27838.76  18      432302.0 ms
success		1       83      6       13      6       0       26534.19  17      432302.0 ms
success		1       84      8       12      8       0       25621.02  16      432302.0 ms
success		1       85      9       3       9       0       24063.80  15      432302.0 ms
success		1       86      2       8       2       0       22697.60  14      432302.0 ms
success		1       87      8       8       8       0       21641.05  13      432302.0 ms
success		1       88      13      2       13      0       20056.12  12      432302.0 ms
success		1       89      8       5       8       0       18891.26  11      432302.0 ms
success		1       90      7       5       7       0       17563.83  10      432302.0 ms
success		1       91      14      8       14      0       15898.08  9       432302.0 ms
success		1       92      12      6       12      0       14099.79  8       432302.0 ms
success		1       93      12      4       12      0       12948.63  7       432317.0 ms
success		1       94      19      0       14      0       11744.49  6       432364.0 ms
success		1       95      84      0       17      0       10367.27  5       434049.0 ms
success		1       96      237     0       20      0       7906.62   4       439805.0 ms
success		1       0       1       65      1       0       82437.24  100     524403.0 ms
success		1       1       1       9       1       0       81196.10  99      524403.0 ms
success		1       2       1       96      1       0       80930.70  98      524403.0 ms
success		1       3       1       9       1       0       79313.23  97      524403.0 ms
success		1       4       1       47      1       0       78211.91  96      524403.0 ms
success		1       5       1       34      1       0       77846.78  95      524403.0 ms
success		1       6       1       79      1       0       76153.69  94      524403.0 ms
success		1       7       1       63      1       0       74818.16  93      524403.0 ms
success		1       8       1       19      1       0       74504.13  92      524403.0 ms
success		1       9       1       60      1       0       73644.76  91      524403.0 ms
success		1       10      1       24      1       0       73437.29  90      524403.0 ms
success		1       11      1       16      1       0       72164.81  89      524403.0 ms
success		1       12      1       77      1       0       71147.55  88      524403.0 ms
success		1       13      1       43      1       0       70583.38  87      524403.0 ms
success		1       14      1       75      1       0       70491.87  86      524403.0 ms
success		1       15      1       17      1       0       69733.69  85      524403.0 ms
success		1       16      1       10      1       0       68247.10  84      524403.0 ms
success		1       17      2       51      2       0       67527.36  83      524403.0 ms
success		1       18      1       12      1       0       66930.57  82      524403.0 ms
success		1       19      1       64      1       0       66258.25  81      524403.0 ms
success		1       20      1       7       1       0       66218.51  80      524403.0 ms
success		1       21      1       0       1       0       64583.79  79      524403.0 ms
success		1       22      3       31      3       0       64450.02  78      524403.0 ms
success		1       23      1       68      1       0       64222.21  77      524403.0 ms
success		1       24      2       46      2       0       63011.86  76      524403.0 ms
success		1       25      1       58      1       0       62773.56  75      524403.0 ms
success		1       26      1       29      1       0       62582.29  74      524403.0 ms
success		1       27      1       68      1       0       62403.69  73      524403.0 ms
success		1       28      3       45      3       0       62142.21  72      524403.0 ms
success		1       29      1       12      1       0       61829.26  71      524403.0 ms
success		1       30      1       21      1       0       61378.81  70      524403.0 ms
success		1       31      1       56      1       0       61183.52  69      524403.0 ms
success		1       32      1       52      1       0       60825.06  68      524403.0 ms
success		1       33      2       44      2       0       59029.67  67      524419.0 ms
success		1       34      1       25      1       0       58864.23  66      524419.0 ms
success		1       35      1       18      1       0       58255.92  65      524419.0 ms
success		1       36      2       15      2       0       58148.58  64      524419.0 ms
success		1       37      3       60      3       0       60133.55  63      524419.0 ms
success		1       38      2       25      2       0       60266.33  62      524419.0 ms
success		1       39      1       32      1       0       59822.24  61      524419.0 ms
success		1       40      1       43      1       0       59633.62  60      524419.0 ms
success		1       41      2       36      2       0       58040.76  59      524419.0 ms
success		1       42      3       36      3       0       56334.91  58      524419.0 ms
success		1       43      1       53      1       0       56126.79  57      524419.0 ms
success		1       44      1       39      1       0       54200.33  56      524419.0 ms
success		1       45      1       6       1       0       53954.24  55      524419.0 ms
success		1       46      1       50      1       0       53559.99  54      524419.0 ms
success		1       47      2       52      2       0       52468.24  53      524419.0 ms
success		1       48      4       39      4       0       53209.94  52      524419.0 ms
success		1       49      1       45      1       0       52781.80  51      524419.0 ms
success		1       50      2       9       2       0       52478.87  50      524419.0 ms
success		1       51      3       36      3       0       52009.46  49      524419.0 ms
success		1       52      1       23      1       0       52015.30  48      524419.0 ms
success		1       53      1       5       1       0       51842.04  47      524419.0 ms
success		1       54      2       41      2       0       52126.73  46      524419.0 ms
success		1       55      2       26      2       0       50511.03  45      524419.0 ms
success		1       56      4       5       4       0       49221.72  44      524419.0 ms
success		1       57      3       35      3       0       47509.82  43      524419.0 ms
success		1       58      1       25      1       0       47632.53  42      524419.0 ms
success		1       59      2       20      2       0       47553.05  41      524419.0 ms
success		1       60      4       9       4       0       46224.63  40      524419.0 ms
success		1       61      2       24      2       0       45953.54  39      524419.0 ms
success		1       62      2       36      2       0       45601.57  38      524419.0 ms
success		1       63      5       6       5       0       44418.44  37      524419.0 ms
success		1       64      3       10      3       0       43292.51  36      524419.0 ms
success		1       65      3       29      3       0       41550.07  35      524419.0 ms
success		1       66      6       23      6       0       42588.62  34      524419.0 ms
success		1       67      2       3       2       0       40763.91  33      524419.0 ms
success		1       68      1       23      1       0       40382.93  32      524419.0 ms
success		1       69      2       18      2       0       40146.77  31      524419.0 ms
success		1       70      3       21      3       0       38829.18  30      524419.0 ms
success		1       71      3       18      3       0       37754.85  29      524419.0 ms
success		1       72      1       27      1       0       37099.93  28      524419.0 ms
success		1       73      3       8       3       0       36018.14  27      524419.0 ms
success		1       74      1       26      1       0       35699.97  26      524419.0 ms
success		1       75      4       8       4       0       34580.17  25      524419.0 ms
success		1       76      5       8       5       0       32707.51  24      524419.0 ms
success		1       77      1       3       1       0       31362.85  23      524419.0 ms
success		1       78      5       6       5       0       29661.76  22      524419.0 ms
success		1       79      1       19      1       0       28827.98  21      524419.0 ms
success		1       80      7       14      7       0       27864.40  20      524419.0 ms
success		1       81      10      6       10      0       27211.61  19      524419.0 ms
success		1       82      5       4       5       0       26286.28  18      524419.0 ms
success		1       83      7       0       7       0       24752.07  17      524419.0 ms
success		1       84      6       12      6       0       23635.79  16      524419.0 ms
success		1       85      6       15      6       0       21964.27  15      524419.0 ms
success		1       86      8       2       8       0       21221.48  14      524419.0 ms
success		1       87      6       10      6       0       19885.47  13      524419.0 ms
success		1       88      15      9       15      0       19202.41  12      524419.0 ms
success		1       89      6       11      6       0       18011.96  11      524419.0 ms
success		1       90      12      7       12      0       16963.41  10      524434.0 ms
success		1       91      8       2       7       0       17025.52  9       524434.0 ms
success		1       92      13      0       13      0       15180.72  8       524434.0 ms
success		1       93      13      4       12      0       13161.23  7       524434.0 ms
success		1       94      18      1       13      0       12182.89  6       524481.0 ms
success		1       95      29      2       17      0       9935.09   5       524762.0 ms
success		1       96      641     1       22      0       7994.84   4       540190.0 ms
cross iterater0
ab
ab6	5
ab7	2
fail		7754.50   7962.39   4       736638.0 ms
fail		7700.13   7977.99   4       911933.0 ms
cross iterater1
bad   	success		7641.45   8023.28   4       935317.0 ms cross
rand   	bad   	success		7841.79   7891.72   4       1042020.0 ms cross
rand   	ab
ab6	5
ab7	2
fail		7730.80   7843.83   4       1271009.0 ms
cross iterater2
bad   	success		7540.71   7715.87   4       1277203.0 ms cross
rand   	bad   	success		7840.57   7839.20   4       1420955.0 ms cross
rand   	ab
ab6	2
fail		7700.13   7977.99   4       1627605.0 ms
cross iterater3
bad   	success		7673.31   7858.92   4       1660037.0 ms cross
rand   	bad   	success		7671.32   8083.02   4       1724386.0 ms cross
rand   	ab
ab6	1
cross iterater4
bad   	success		7645.22   7967.96   4       1795256.0 ms cross
rand   	bad   	success		7585.91   7855.97   4       1895563.0 ms cross
rand   	ab
ab6	0
ab7	3
fail		7870.89   8094.93   4       2001345.0 ms
fail		7757.45   7967.01   4       2104522.0 ms
fail		7673.31   7812.22   4       2199837.0 ms
cross iterater5
bad   	success		7861.35   8041.31   4       2206935.0 ms cross
rand   	bad   	success		7791.16   7711.08   4       2277228.0 ms cross
rand   	ab
ab6	1
cross iterater6
bad   	success		7647.61   7651.25   4       2471055.0 ms cross
rand   	bad   	success		7680.42   7925.58   4       2585246.0 ms cross
rand   	ab
ab6	0
ab7	5
fail		7757.45   7967.01   4       2776609.0 ms
cross iterater7
bad   	success		7606.06   7755.26   4       2776655.0 ms cross
rand   	bad   	success		7742.60   7844.64   4       2839164.0 ms cross
rand   	ab
ab6	2
ab7	1
fail		7908.81   8020.73   4       3000154.0 ms
cross iterater8
bad   	rand   	success		7982.30   7910.16   4       3078044.0 ms cross
bad   	success		7580.43   7586.16   4       3102598.0 ms cross
rand   	ab
ab6	4
ab7	5
fail		7591.43   8056.97   4       3201610.0 ms
fail		7606.06   7869.57   4       3322976.0 ms
fail		7829.17   8083.63   4       3421161.0 ms
cross iterater9
bad   	success		7812.83   7888.62   4       3423314.0 ms cross
rand   	bad   	success		7358.18   7383.82   4       3524416.0 ms cross
rand   	ab
ab7	5
cross iterater10

R.size:4

1		56	116	74	33	192	3	100	34	91	96	95	6	40	167	184	186	175	72	191	44	27	114	68	158	18	138	9	160	155	82	63	76	109	121	142	126	166	24	75	168	148	169	171	64	79	53	14	11	42	43	
2		140	47	77	143	92	61	185	129	88	151	194	159	21	32	127	122	200	78	5	146	13	141	123	66	50	124	89	45	16	22	55	23	2	108	188	28	110	54	10	73	46	52	149	94	165	104	
3		144	8	136	26	41	199	117	177	35	162	137	118	103	60	107	180	170	30	135	182	90	17	130	161	84	176	98	198	173	58	93	106	179	4	20	189	105	157	196	85	86	51	49	190	113	70	115	71	
4		80	131	62	119	152	139	65	120	36	111	163	183	174	154	150	193	38	19	172	134	153	133	202	67	195	147	29	37	125	101	69	181	128	156	7	187	145	112	102	48	197	178	132	31	39	201	15	1	59	97	81	12	25	87	164	99	57	83	

data1/pdp200/LR2_2_7.txt
total_cost 7358.175786

