success		1       0       1       87      1       0       94174.26  201     78.0     ms
success		1       1       1       137     1       0       93940.42  200     78.0     ms
success		1       2       1       91      1       0       94072.18  199     78.0     ms
success		1       3       1       110     1       0       94307.35  198     78.0     ms
success		1       4       1       24      1       0       94607.97  197     78.0     ms
success		1       5       1       159     1       0       94730.21  196     78.0     ms
success		1       6       1       158     1       0       95006.26  195     78.0     ms
success		1       7       1       78      1       0       95371.93  194     78.0     ms
success		1       8       1       109     1       0       95515.22  193     78.0     ms
success		1       9       1       32      1       0       95684.04  192     78.0     ms
success		1       10      1       161     1       0       95689.34  191     78.0     ms
success		1       11      1       33      1       0       95847.46  190     78.0     ms
success		1       12      1       62      1       0       95833.42  189     78.0     ms
success		1       13      1       132     1       0       96007.57  188     94.0     ms
success		1       14      1       92      1       0       95688.49  187     94.0     ms
success		1       15      1       60      1       0       95937.40  186     94.0     ms
success		1       16      1       87      1       0       95983.89  185     94.0     ms
success		1       17      1       170     1       0       95993.80  184     94.0     ms
success		1       18      1       71      1       0       96098.76  183     94.0     ms
success		1       19      2       21      2       0       96122.66  182     94.0     ms
success		1       20      1       49      1       0       96297.35  181     94.0     ms
success		1       21      1       115     1       0       96268.91  180     94.0     ms
success		1       22      1       164     1       0       95378.71  179     94.0     ms
success		1       23      1       132     1       0       95376.52  178     94.0     ms
success		1       24      1       117     1       0       93670.80  177     94.0     ms
success		1       25      1       12      1       0       93849.75  176     94.0     ms
success		1       26      1       57      1       0       94076.71  175     94.0     ms
success		1       27      1       70      1       0       94162.27  174     94.0     ms
success		1       28      1       9       1       0       94166.92  173     94.0     ms
success		1       29      1       77      1       0       94391.52  172     94.0     ms
success		1       30      1       38      1       0       94261.40  171     94.0     ms
success		1       31      1       101     1       0       94460.49  170     110.0    ms
success		1       32      1       105     1       0       94511.64  169     110.0    ms
success		1       33      1       139     1       0       94739.84  168     110.0    ms
success		1       34      1       29      1       0       94968.11  167     110.0    ms
success		1       35      1       48      1       0       95003.44  166     110.0    ms
success		1       36      1       116     1       0       95144.26  165     110.0    ms
success		1       37      3       71      3       0       95091.87  164     110.0    ms
success		1       38      1       96      1       0       95324.95  163     110.0    ms
success		1       39      1       126     1       0       95516.41  162     110.0    ms
success		1       40      1       39      1       0       95687.13  161     110.0    ms
success		1       41      1       64      1       0       95852.70  160     110.0    ms
success		1       42      2       123     2       0       95971.15  159     110.0    ms
success		1       43      1       150     1       0       95980.14  158     110.0    ms
success		1       44      1       152     1       0       95973.79  157     110.0    ms
success		1       45      1       49      1       0       96033.26  156     110.0    ms
success		1       46      1       83      1       0       96020.66  155     110.0    ms
success		1       47      1       72      1       0       96258.41  154     110.0    ms
success		1       48      1       133     1       0       96535.10  153     110.0    ms
success		1       49      1       112     1       0       96569.36  152     125.0    ms
success		1       50      1       110     1       0       96790.82  151     125.0    ms
success		1       51      2       22      2       0       96492.98  150     125.0    ms
success		1       52      2       40      2       0       96472.51  149     125.0    ms
success		1       53      1       95      1       0       96624.47  148     125.0    ms
success		1       54      1       104     1       0       96617.92  147     125.0    ms
success		1       55      1       91      1       0       96637.15  146     125.0    ms
success		1       56      1       96      1       0       96860.30  145     125.0    ms
success		1       57      3       74      3       0       95946.54  144     125.0    ms
success		1       58      1       142     1       0       96022.29  143     125.0    ms
success		1       59      3       64      3       0       96592.07  142     125.0    ms
success		1       60      2       76      2       0       96543.99  141     125.0    ms
success		1       61      3       56      3       0       98034.13  140     125.0    ms
success		1       62      3       67      3       0       97460.94  139     125.0    ms
success		1       63      1       111     1       0       97243.37  138     141.0    ms
success		1       64      1       58      1       0       97501.48  137     141.0    ms
success		1       65      1       88      1       0       97438.07  136     141.0    ms
success		1       66      2       7       2       0       97364.90  135     141.0    ms
success		1       67      1       35      1       0       97428.84  134     141.0    ms
success		1       68      1       42      1       0       97491.89  133     141.0    ms
success		1       69      3       39      3       0       96844.34  132     141.0    ms
success		1       70      1       97      1       0       96587.58  131     141.0    ms
success		1       71      2       81      2       0       95708.98  130     141.0    ms
success		1       72      2       49      2       0       94835.19  129     141.0    ms
success		1       73      3       9       3       0       94773.24  128     141.0    ms
success		1       74      1       84      1       0       94806.71  127     141.0    ms
success		1       75      1       117     1       0       94884.45  126     141.0    ms
success		1       76      1       18      1       0       93428.01  125     141.0    ms
success		1       77      2       58      2       0       93626.64  124     141.0    ms
success		1       78      1       30      1       0       92930.17  123     141.0    ms
success		1       79      1       66      1       0       93037.64  122     141.0    ms
success		1       80      2       48      2       0       92698.95  121     141.0    ms
success		1       81      4       75      4       0       92558.59  120     156.0    ms
success		1       82      1       82      1       0       92679.03  119     156.0    ms
success		1       83      1       1       1       0       92587.50  118     156.0    ms
success		1       84      1       106     1       0       92005.06  117     156.0    ms
success		1       85      5       47      5       0       91423.20  116     156.0    ms
success		1       86      2       81      2       0       91595.26  115     156.0    ms
success		1       87      1       41      1       0       90633.40  114     156.0    ms
success		1       88      1       19      1       0       90752.74  113     156.0    ms
success		1       89      1       103     1       0       90877.91  112     156.0    ms
success		1       90      4       82      4       0       92043.61  111     156.0    ms
success		1       91      5       58      5       0       90396.78  110     156.0    ms
success		1       92      1       96      1       0       90243.86  109     156.0    ms
success		1       93      2       89      2       0       89768.46  108     156.0    ms
success		1       94      2       17      2       0       89999.66  107     156.0    ms
success		1       95      1       21      1       0       90052.53  106     188.0    ms
success		1       96      3       58      3       0       87775.04  105     188.0    ms
success		1       97      2       69      2       0       86999.28  104     188.0    ms
success		1       98      2       10      2       0       87295.20  103     188.0    ms
success		1       99      2       98      2       0       87546.35  102     203.0    ms
success		1       100     3       33      3       0       87656.69  101     203.0    ms
success		1       101     1       3       1       0       87801.32  100     203.0    ms
success		1       102     2       42      2       0       87813.34  99      203.0    ms
success		1       103     1       74      1       0       88047.46  98      203.0    ms
success		1       104     3       0       3       0       88732.64  97      203.0    ms
success		1       105     1       34      1       0       87994.91  96      203.0    ms
success		1       106     1       37      1       0       88089.50  95      203.0    ms
success		1       107     2       32      2       0       88278.98  94      203.0    ms
success		1       108     1       31      1       0       88175.77  93      203.0    ms
success		1       109     1       36      1       0       88390.24  92      203.0    ms
success		1       110     3       63      3       0       86982.07  91      203.0    ms
success		1       111     1       35      1       0       86891.69  90      203.0    ms
success		1       112     1       45      1       0       86938.14  89      203.0    ms
success		1       113     4       25      4       0       86869.80  88      219.0    ms
success		1       114     1       20      1       0       86801.91  87      219.0    ms
success		1       115     5       5       5       0       85305.43  86      219.0    ms
success		1       116     1       25      1       0       85538.96  85      219.0    ms
success		1       117     1       58      1       0       85741.42  84      219.0    ms
success		1       118     1       39      1       0       85814.31  83      219.0    ms
success		1       119     2       26      2       0       85135.71  82      219.0    ms
success		1       120     1       8       1       0       85184.32  81      219.0    ms
success		1       121     3       56      3       0       85395.95  80      219.0    ms
success		1       122     1       27      1       0       85685.97  79      219.0    ms
success		1       123     2       78      2       0       85481.46  78      219.0    ms
success		1       124     1       2       1       0       85627.63  77      219.0    ms
success		1       125     2       41      2       0       86075.44  76      219.0    ms
success		1       126     6       51      6       0       86187.67  75      234.0    ms
success		1       127     1       55      1       0       86316.26  74      234.0    ms
success		1       128     1       12      1       0       86402.01  73      234.0    ms
success		1       129     3       46      3       0       86559.09  72      234.0    ms
success		1       130     1       64      1       0       85410.29  71      234.0    ms
success		1       131     7       13      7       0       85896.29  70      234.0    ms
success		1       132     1       0       1       0       85764.98  69      234.0    ms
success		1       133     1       45      1       0       86041.88  68      234.0    ms
success		1       134     2       53      2       0       85274.98  67      234.0    ms
success		1       135     1       35      1       0       85464.16  66      234.0    ms
success		1       136     1       45      1       0       85463.04  65      234.0    ms
success		1       137     1       54      1       0       85538.50  64      234.0    ms
success		1       138     3       33      3       0       84564.37  63      234.0    ms
success		1       139     6       11      6       0       83820.85  62      234.0    ms
success		1       140     5       7       5       0       82651.39  61      234.0    ms
success		1       141     1       58      1       0       82785.54  60      250.0    ms
success		1       142     7       33      7       0       83192.02  59      250.0    ms
success		1       143     1       15      1       0       83378.58  58      250.0    ms
success		1       144     1       7       1       0       81889.59  57      250.0    ms
success		1       145     6       56      6       0       81287.48  56      250.0    ms
success		1       146     2       9       2       0       80408.50  55      250.0    ms
success		1       147     3       12      3       0       78406.14  54      250.0    ms
success		1       148     1       26      1       0       78596.26  53      250.0    ms
success		1       149     3       36      3       0       78045.96  52      250.0    ms
success		1       150     2       26      2       0       76580.91  51      250.0    ms
success		1       151     6       20      6       0       75549.58  50      250.0    ms
success		1       152     1       12      1       0       75513.01  49      250.0    ms
success		1       153     10      32      10      0       73157.53  48      250.0    ms
success		1       154     3       5       3       0       72642.38  47      250.0    ms
success		1       155     12      18      12      0       73460.10  46      266.0    ms
success		1       156     7       9       7       0       71991.14  45      266.0    ms
success		1       157     6       9       6       0       70290.83  44      266.0    ms
success		1       158     2       26      2       0       68730.15  43      266.0    ms
success		1       159     4       6       4       0       68739.38  42      266.0    ms
success		1       160     8       35      8       0       67485.23  41      266.0    ms
success		1       161     3       22      3       0       66305.48  40      266.0    ms
success		1       162     5       38      5       0       64845.42  39      266.0    ms
success		1       163     5       5       5       0       62159.70  38      266.0    ms
success		1       164     2       27      2       0       61515.69  37      266.0    ms
success		1       165     4       6       4       0       61140.95  36      266.0    ms
success		1       166     3       22      3       0       59360.75  35      266.0    ms
success		1       167     10      1       10      0       57597.81  34      266.0    ms
success		1       168     10      19      10      0       57282.18  33      281.0    ms
success		1       169     4       5       4       0       55393.56  32      281.0    ms
success		1       170     11      7       11      0       55833.32  31      281.0    ms
success		1       171     14      9       14      0       57456.21  30      281.0    ms
success		1       172     4       14      4       0       55548.85  29      281.0    ms
success		1       173     6       15      6       0       54441.49  28      281.0    ms
success		1       174     6       14      6       0       52398.26  27      281.0    ms
success		1       175     4       1       4       0       50239.64  26      281.0    ms
success		1       176     7       18      7       0       49346.78  25      281.0    ms
success		1       177     14      21      14      0       49352.54  24      297.0    ms
success		1       178     5       6       5       0       48879.35  23      297.0    ms
success		1       179     11      11      11      0       47584.28  22      297.0    ms
success		1       180     12      15      12      0       45370.27  21      297.0    ms
success		1       181     13      5       13      0       44221.03  20      297.0    ms
success		1       182     15      1       15      0       42145.88  19      297.0    ms
success		1       183     4       14      4       0       41127.78  18      297.0    ms
success		1       184     10      16      10      0       39591.27  17      297.0    ms
success		1       185     17      7       17      0       37983.98  16      312.0    ms
success		1       186     13      14      13      0       36134.24  15      312.0    ms
success		1       187     12      12      12      0       34501.12  14      312.0    ms
success		1       188     16      11      16      0       32239.03  13      312.0    ms
success		1       189     17      4       17      0       30762.77  12      312.0    ms
success		1       190     21      8       18      0       29838.19  11      453.0    ms
success		1       191     18      5       15      0       26659.46  10      624.0    ms
success		1       192     24      4       18      0       24058.18  9       796.0    ms
success		1       193     37      3       20      0       21035.14  8       1654.0   ms
success		1       194     58      4       24      0       18357.04  7       4587.0   ms
success		1       195     266     5       29      0       14875.53  6       36192.0  ms
success		1       196     6440    1       35      0       11942.81  5       820191.0 ms
success		1       0       1       90      1       0       133671.81 201     1884363.0 ms
success		1       1       1       98      1       0       132636.29 200     1884363.0 ms
success		1       2       1       112     1       0       132424.96 199     1884363.0 ms
success		1       3       1       166     1       0       131990.48 198     1884363.0 ms
success		1       4       1       147     1       0       131811.73 197     1884363.0 ms
success		1       5       1       38      1       0       131530.03 196     1884363.0 ms
success		1       6       1       168     1       0       131305.95 195     1884363.0 ms
success		1       7       1       140     1       0       130976.23 194     1884363.0 ms
success		1       8       2       155     2       0       129766.32 193     1884363.0 ms
success		1       9       1       141     1       0       129296.22 192     1884363.0 ms
success		1       10      1       114     1       0       129169.05 191     1884363.0 ms
success		1       11      1       87      1       0       128937.64 190     1884363.0 ms
success		1       12      1       156     1       0       128687.89 189     1884363.0 ms
success		1       13      1       12      1       0       128536.04 188     1884363.0 ms
success		1       14      1       2       1       0       128506.33 187     1884363.0 ms
success		1       15      1       109     1       0       126613.29 186     1884363.0 ms
success		1       16      1       181     1       0       126447.49 185     1884363.0 ms
success		1       17      1       159     1       0       126209.74 184     1884363.0 ms
success		1       18      1       98      1       0       125686.84 183     1884363.0 ms
success		1       19      1       132     1       0       125296.41 182     1884363.0 ms
success		1       20      1       87      1       0       125058.38 181     1884363.0 ms
success		1       21      2       133     2       0       124559.55 180     1884363.0 ms
success		1       22      1       97      1       0       124326.48 179     1884363.0 ms
success		1       23      1       35      1       0       123990.95 178     1884363.0 ms
success		1       24      1       168     1       0       123505.74 177     1884363.0 ms
success		1       25      1       113     1       0       123459.53 176     1884363.0 ms
success		1       26      1       68      1       0       123292.94 175     1884363.0 ms
success		1       27      1       55      1       0       123346.03 174     1884363.0 ms
success		1       28      1       56      1       0       123037.46 173     1884363.0 ms
success		1       29      1       69      1       0       122539.15 172     1884363.0 ms
success		1       30      1       152     1       0       122305.64 171     1884363.0 ms
success		1       31      1       19      1       0       122005.01 170     1884363.0 ms
success		1       32      2       143     2       0       121951.13 169     1884363.0 ms
success		1       33      1       57      1       0       121814.18 168     1884363.0 ms
success		1       34      3       154     3       0       122579.32 167     1884363.0 ms
success		1       35      1       156     1       0       122425.56 166     1884363.0 ms
success		1       36      1       66      1       0       122250.14 165     1884363.0 ms
success		1       37      2       87      2       0       121977.28 164     1884363.0 ms
success		1       38      1       158     1       0       121746.79 163     1884363.0 ms
success		1       39      2       57      2       0       120906.74 162     1884363.0 ms
success		1       40      1       126     1       0       119202.80 161     1884363.0 ms
success		1       41      1       69      1       0       118849.14 160     1884363.0 ms
success		1       42      1       45      1       0       118685.67 159     1884363.0 ms
success		1       43      1       115     1       0       118517.02 158     1884363.0 ms
success		1       44      1       14      1       0       118186.32 157     1884363.0 ms
success		1       45      1       115     1       0       117982.87 156     1884363.0 ms
success		1       46      1       138     1       0       117705.97 155     1884363.0 ms
success		1       47      2       108     2       0       117894.13 154     1884363.0 ms
success		1       48      1       0       1       0       117448.41 153     1884363.0 ms
success		1       49      1       17      1       0       116995.51 152     1884363.0 ms
success		1       50      3       26      3       0       118137.80 151     1884363.0 ms
success		1       51      1       148     1       0       117993.17 150     1884363.0 ms
success		1       52      1       97      1       0       116980.38 149     1884363.0 ms
success		1       53      2       16      2       0       117034.47 148     1884363.0 ms
success		1       54      3       69      3       0       115282.40 147     1884363.0 ms
success		1       55      1       9       1       0       115249.62 146     1884363.0 ms
success		1       56      1       44      1       0       114465.93 145     1884363.0 ms
success		1       57      1       36      1       0       114323.24 144     1884363.0 ms
success		1       58      1       83      1       0       114164.22 143     1884363.0 ms
success		1       59      1       74      1       0       113766.30 142     1884363.0 ms
success		1       60      3       85      3       0       113578.40 141     1884378.0 ms
success		1       61      1       101     1       0       113709.66 140     1884378.0 ms
success		1       62      1       92      1       0       113591.56 139     1884378.0 ms
success		1       63      1       52      1       0       113289.09 138     1884378.0 ms
success		1       64      1       65      1       0       113221.35 137     1884378.0 ms
success		1       65      2       112     2       0       112967.97 136     1884378.0 ms
success		1       66      2       75      2       0       112815.74 135     1884378.0 ms
success		1       67      1       0       1       0       111686.64 134     1884378.0 ms
success		1       68      2       36      2       0       113174.24 133     1884378.0 ms
success		1       69      1       104     1       0       112821.26 132     1884378.0 ms
success		1       70      1       65      1       0       112469.61 131     1884378.0 ms
success		1       71      3       45      3       0       110846.77 130     1884378.0 ms
success		1       72      1       33      1       0       110493.28 129     1884378.0 ms
success		1       73      2       113     2       0       110149.66 128     1884378.0 ms
success		1       74      2       62      2       0       110161.90 127     1884378.0 ms
success		1       75      1       94      1       0       110007.49 126     1884378.0 ms
success		1       76      2       86      2       0       110014.56 125     1884378.0 ms
success		1       77      1       3       1       0       109884.43 124     1884378.0 ms
success		1       78      2       63      2       0       108971.89 123     1884378.0 ms
success		1       79      1       81      1       0       107685.31 122     1884378.0 ms
success		1       80      2       15      2       0       106584.63 121     1884378.0 ms
success		1       81      2       82      2       0       106397.99 120     1884378.0 ms
success		1       82      1       2       1       0       106133.96 119     1884378.0 ms
success		1       83      1       10      1       0       105908.57 118     1884378.0 ms
success		1       84      1       55      1       0       105563.20 117     1884378.0 ms
success		1       85      1       14      1       0       105611.58 116     1884378.0 ms
success		1       86      1       22      1       0       105722.36 115     1884378.0 ms
success		1       87      2       38      2       0       104681.39 114     1884378.0 ms
success		1       88      1       39      1       0       104552.18 113     1884378.0 ms
success		1       89      2       83      2       0       103038.52 112     1884378.0 ms
success		1       90      1       59      1       0       101747.05 111     1884378.0 ms
success		1       91      3       35      3       0       101756.38 110     1884378.0 ms
success		1       92      1       107     1       0       101430.52 109     1884378.0 ms
success		1       93      4       58      4       0       102695.51 108     1884378.0 ms
success		1       94      4       104     4       0       102207.80 107     1884378.0 ms
success		1       95      2       5       2       0       102777.73 106     1884378.0 ms
success		1       96      1       97      1       0       100436.40 105     1884378.0 ms
success		1       97      3       32      3       0       101049.72 104     1884378.0 ms
success		1       98      2       65      2       0       100786.37 103     1884378.0 ms
success		1       99      1       1       1       0       100647.70 102     1884378.0 ms
success		1       100     2       69      2       0       100486.62 101     1884378.0 ms
success		1       101     3       45      3       0       99518.85  100     1884378.0 ms
success		1       102     3       48      3       0       98526.24  99      1884378.0 ms
success		1       103     3       95      3       0       99002.99  98      1884378.0 ms
success		1       104     5       64      5       0       98938.42  97      1884378.0 ms
success		1       105     2       48      2       0       98922.14  96      1884378.0 ms
success		1       106     1       81      1       0       98602.01  95      1884378.0 ms
success		1       107     1       32      1       0       98329.85  94      1884378.0 ms
success		1       108     3       10      3       0       98045.04  93      1884378.0 ms
success		1       109     4       70      4       0       97011.23  92      1884378.0 ms
success		1       110     3       30      3       0       94996.78  91      1884378.0 ms
success		1       111     1       23      1       0       94929.76  90      1884378.0 ms
success		1       112     4       5       4       0       95082.22  89      1884378.0 ms
success		1       113     3       21      3       0       94904.65  88      1884378.0 ms
success		1       114     1       39      1       0       94460.79  87      1884378.0 ms
success		1       115     1       61      1       0       94218.48  86      1884378.0 ms
success		1       116     2       4       2       0       94156.64  85      1884394.0 ms
success		1       117     3       83      3       0       93397.67  84      1884394.0 ms
success		1       118     1       29      1       0       92559.79  83      1884394.0 ms
success		1       119     1       80      1       0       92744.79  82      1884394.0 ms
success		1       120     1       8       1       0       92223.81  81      1884394.0 ms
success		1       121     1       46      1       0       92051.13  80      1884394.0 ms
success		1       122     4       38      4       0       91332.40  79      1884394.0 ms
success		1       123     1       72      1       0       91014.18  78      1884394.0 ms
success		1       124     1       22      1       0       91063.52  77      1884394.0 ms
success		1       125     4       52      4       0       91035.62  76      1884394.0 ms
success		1       126     3       11      3       0       89045.56  75      1884394.0 ms
success		1       127     5       48      5       0       89198.53  74      1884394.0 ms
success		1       128     1       11      1       0       89074.09  73      1884394.0 ms
success		1       129     1       19      1       0       89284.08  72      1884394.0 ms
success		1       130     4       66      4       0       89143.56  71      1884394.0 ms
success		1       131     4       5       4       0       88842.21  70      1884394.0 ms
success		1       132     4       18      4       0       88330.35  69      1884394.0 ms
success		1       133     5       8       5       0       88261.47  68      1884394.0 ms
success		1       134     3       8       3       0       87658.37  67      1884394.0 ms
success		1       135     5       39      5       0       87780.64  66      1884394.0 ms
success		1       136     8       25      8       0       86172.61  65      1884394.0 ms
success		1       137     2       55      2       0       85245.77  64      1884394.0 ms
success		1       138     1       57      1       0       84835.61  63      1884394.0 ms
success		1       139     3       38      3       0       82820.14  62      1884394.0 ms
success		1       140     2       18      2       0       82300.53  61      1884394.0 ms
success		1       141     9       40      9       0       81042.23  60      1884394.0 ms
success		1       142     3       40      3       0       80390.73  59      1884394.0 ms
success		1       143     3       58      3       0       79522.50  58      1884394.0 ms
success		1       144     5       28      5       0       79925.23  57      1884394.0 ms
success		1       145     2       13      2       0       78478.66  56      1884394.0 ms
success		1       146     9       41      9       0       77988.10  55      1884394.0 ms
success		1       147     4       38      4       0       77234.33  54      1884394.0 ms
success		1       148     2       16      2       0       76032.59  53      1884394.0 ms
success		1       149     6       18      6       0       76199.98  52      1884394.0 ms
success		1       150     2       48      2       0       74746.14  51      1884394.0 ms
success		1       151     6       24      6       0       73935.28  50      1884409.0 ms
success		1       152     3       22      3       0       72925.78  49      1884409.0 ms
success		1       153     6       20      6       0       73696.60  48      1884409.0 ms
success		1       154     3       10      3       0       72296.36  47      1884409.0 ms
success		1       155     5       11      5       0       71612.42  46      1884409.0 ms
success		1       156     1       28      1       0       71519.17  45      1884409.0 ms
success		1       157     1       26      1       0       71373.74  44      1884409.0 ms
success		1       158     4       20      4       0       71029.79  43      1884409.0 ms
success		1       159     3       24      3       0       70964.87  42      1884409.0 ms
success		1       160     1       14      1       0       70852.54  41      1884409.0 ms
success		1       161     4       14      4       0       71188.78  40      1884409.0 ms
success		1       162     5       24      5       0       68882.74  39      1884409.0 ms
success		1       163     5       10      5       0       68613.31  38      1884409.0 ms
success		1       164     9       30      9       0       67352.82  37      1884409.0 ms
success		1       165     7       30      7       0       66362.60  36      1884409.0 ms
success		1       166     4       27      4       0       66161.58  35      1884409.0 ms
success		1       167     5       27      5       0       65407.50  34      1884409.0 ms
success		1       168     11      13      11      0       65738.79  33      1884409.0 ms
success		1       169     5       2       5       0       64108.63  32      1884409.0 ms
success		1       170     6       7       6       0       62225.16  31      1884409.0 ms
success		1       171     4       17      4       0       60393.47  30      1884409.0 ms
success		1       172     10      7       10      0       59000.17  29      1884409.0 ms
success		1       173     8       25      8       0       57144.60  28      1884409.0 ms
success		1       174     2       8       2       0       56669.42  27      1884409.0 ms
success		1       175     4       23      4       0       54406.30  26      1884409.0 ms
success		1       176     4       4       4       0       54505.19  25      1884409.0 ms
success		1       177     11      6       11      0       52833.95  24      1884409.0 ms
success		1       178     4       9       4       0       50706.76  23      1884409.0 ms
success		1       179     14      22      14      0       49162.82  22      1884425.0 ms
success		1       180     4       8       4       0       47523.35  21      1884425.0 ms
success		1       181     12      5       12      0       45537.87  20      1884425.0 ms
success		1       182     10      0       10      0       43294.34  19      1884425.0 ms
success		1       183     13      5       13      0       40746.66  18      1884425.0 ms
success		1       184     10      0       10      0       39268.51  17      1884425.0 ms
success		1       185     17      1       17      0       37103.82  16      1884425.0 ms
success		1       186     16      2       16      0       35527.78  15      1884425.0 ms
success		1       187     14      8       14      0       34831.10  14      1884425.0 ms
success		1       188     13      3       13      0       33389.08  13      1884425.0 ms
success		1       189     16      1       15      0       31826.26  12      1884441.0 ms
success		1       190     18      6       16      0       29268.62  11      1884472.0 ms
success		1       191     23      2       22      0       27227.28  10      1884487.0 ms
success		1       192     23      4       19      0       24382.96  9       1884565.0 ms
success		1       193     28      2       21      0       21110.45  8       1884784.0 ms
success		1       194     41      2       23      0       18009.22  7       1885486.0 ms
success		1       195     100     3       30      0       15006.69  6       1891991.0 ms
success		1       196     6845    1       36      0       11836.64  5       2975428.0 ms
success		1       0       1       161     1       0       133695.92 201     3928030.0 ms
success		1       1       1       126     1       0       133419.88 200     3928030.0 ms
success		1       2       1       164     1       0       133170.13 199     3928030.0 ms
success		1       3       1       67      1       0       132723.03 198     3928030.0 ms
success		1       4       1       131     1       0       132444.52 197     3928030.0 ms
success		1       5       1       152     1       0       132214.67 196     3928030.0 ms
success		1       6       1       49      1       0       132025.04 195     3928030.0 ms
success		1       7       1       82      1       0       131796.77 194     3928030.0 ms
success		1       8       1       185     1       0       131422.84 193     3928030.0 ms
success		1       9       1       166     1       0       131198.76 192     3928030.0 ms
success		1       10      1       28      1       0       130846.06 191     3928030.0 ms
success		1       11      1       122     1       0       130733.31 190     3928030.0 ms
success		1       12      2       114     2       0       130622.49 189     3928030.0 ms
success		1       13      2       121     2       0       130467.54 188     3928030.0 ms
success		1       14      1       24      1       0       130287.38 187     3928030.0 ms
success		1       15      1       109     1       0       130076.05 186     3928030.0 ms
success		1       16      2       5       2       0       130006.54 185     3928030.0 ms
success		1       17      1       58      1       0       129594.69 184     3928030.0 ms
success		1       18      1       181     1       0       129600.36 183     3928030.0 ms
success		1       19      1       143     1       0       129434.79 182     3928030.0 ms
success		1       20      1       97      1       0       129208.42 181     3928030.0 ms
success		1       21      1       98      1       0       129037.70 180     3928030.0 ms
success		1       22      1       80      1       0       128937.02 179     3928030.0 ms
success		1       23      1       72      1       0       128700.04 178     3928030.0 ms
success		1       24      1       4       1       0       128332.05 177     3928030.0 ms
success		1       25      1       10      1       0       128135.93 176     3928030.0 ms
success		1       26      1       100     1       0       127945.81 175     3928030.0 ms
success		1       27      2       104     2       0       127541.06 174     3928030.0 ms
success		1       28      1       97      1       0       127664.64 173     3928030.0 ms
success		1       29      1       70      1       0       127456.16 172     3928030.0 ms
success		1       30      1       94      1       0       127086.60 171     3928030.0 ms
success		1       31      1       63      1       0       125734.99 170     3928030.0 ms
success		1       32      2       122     2       0       125525.13 169     3928030.0 ms
success		1       33      1       139     1       0       125260.68 168     3928030.0 ms
success		1       34      1       36      1       0       124809.23 167     3928030.0 ms
success		1       35      1       145     1       0       124532.34 166     3928030.0 ms
success		1       36      1       66      1       0       124173.74 165     3928030.0 ms
success		1       37      1       68      1       0       122749.81 164     3928030.0 ms
success		1       38      1       110     1       0       122199.27 163     3928030.0 ms
success		1       39      2       5       2       0       121909.99 162     3928030.0 ms
success		1       40      1       23      1       0       121933.79 161     3928030.0 ms
success		1       41      1       11      1       0       121593.21 160     3928046.0 ms
success		1       42      1       73      1       0       121345.17 159     3928046.0 ms
success		1       43      1       94      1       0       121164.96 158     3928046.0 ms
success		1       44      1       144     1       0       120828.28 157     3928046.0 ms
success		1       45      1       53      1       0       120466.70 156     3928046.0 ms
success		1       46      1       92      1       0       120315.98 155     3928046.0 ms
success		1       47      1       86      1       0       120035.83 154     3928046.0 ms
success		1       48      1       94      1       0       119675.41 153     3928046.0 ms
success		1       49      1       104     1       0       119430.05 152     3928046.0 ms
success		1       50      1       1       1       0       117904.02 151     3928046.0 ms
success		1       51      2       15      2       0       117391.17 150     3928046.0 ms
success		1       52      1       56      1       0       117136.84 149     3928046.0 ms
success		1       53      1       148     1       0       116912.12 148     3928046.0 ms
success		1       54      1       98      1       0       115007.29 147     3928046.0 ms
success		1       55      1       146     1       0       114992.37 146     3928046.0 ms
success		1       56      1       108     1       0       114879.01 145     3928046.0 ms
success		1       57      1       88      1       0       114680.99 144     3928046.0 ms
success		1       58      1       12      1       0       114455.61 143     3928046.0 ms
success		1       59      1       122     1       0       114564.48 142     3928046.0 ms
success		1       60      2       34      2       0       114280.78 141     3928046.0 ms
success		1       61      1       12      1       0       114065.52 140     3928046.0 ms
success		1       62      1       47      1       0       113791.37 139     3928046.0 ms
success		1       63      2       51      2       0       113186.64 138     3928046.0 ms
success		1       64      1       122     1       0       112954.34 137     3928046.0 ms
success		1       65      1       131     1       0       112758.00 136     3928046.0 ms
success		1       66      1       39      1       0       112663.18 135     3928046.0 ms
success		1       67      2       27      2       0       112481.53 134     3928046.0 ms
success		1       68      1       12      1       0       112212.54 133     3928046.0 ms
success		1       69      1       20      1       0       112179.98 132     3928046.0 ms
success		1       70      1       126     1       0       112080.19 131     3928046.0 ms
success		1       71      1       81      1       0       111818.20 130     3928046.0 ms
success		1       72      1       63      1       0       111772.90 129     3928046.0 ms
success		1       73      2       50      2       0       112180.42 128     3928046.0 ms
success		1       74      2       1       2       0       111990.57 127     3928046.0 ms
success		1       75      2       110     2       0       112008.91 126     3928046.0 ms
success		1       76      2       35      2       0       111904.85 125     3928046.0 ms
success		1       77      1       12      1       0       111620.59 124     3928046.0 ms
success		1       78      1       68      1       0       110597.90 123     3928046.0 ms
success		1       79      2       119     2       0       110386.69 122     3928046.0 ms
success		1       80      2       38      2       0       109931.95 121     3928046.0 ms
success		1       81      1       31      1       0       109844.93 120     3928061.0 ms
success		1       82      1       72      1       0       109401.28 119     3928061.0 ms
success		1       83      1       73      1       0       109159.28 118     3928061.0 ms
success		1       84      4       11      4       0       107681.78 117     3928061.0 ms
success		1       85      2       83      2       0       107542.09 116     3928061.0 ms
success		1       86      2       73      2       0       107239.01 115     3928061.0 ms
success		1       87      3       70      3       0       105049.94 114     3928061.0 ms
success		1       88      4       88      4       0       104849.25 113     3928061.0 ms
success		1       89      1       84      1       0       104632.78 112     3928061.0 ms
success		1       90      2       51      2       0       104587.68 111     3928061.0 ms
success		1       91      3       24      3       0       104505.35 110     3928061.0 ms
success		1       92      1       99      1       0       104096.36 109     3928061.0 ms
success		1       93      1       63      1       0       104072.41 108     3928061.0 ms
success		1       94      1       106     1       0       104097.07 107     3928061.0 ms
success		1       95      3       15      3       0       102560.55 106     3928061.0 ms
success		1       96      3       1       3       0       100165.45 105     3928061.0 ms
success		1       97      4       31      4       0       98319.52  104     3928061.0 ms
success		1       98      1       18      1       0       98351.27  103     3928061.0 ms
success		1       99      2       27      2       0       98390.18  102     3928061.0 ms
success		1       100     1       38      1       0       98347.21  101     3928061.0 ms
success		1       101     1       95      1       0       96662.21  100     3928061.0 ms
success		1       102     2       74      2       0       96665.58  99      3928061.0 ms
success		1       103     1       23      1       0       96522.89  98      3928061.0 ms
success		1       104     3       40      3       0       96389.71  97      3928061.0 ms
success		1       105     1       48      1       0       95525.39  96      3928061.0 ms
success		1       106     1       39      1       0       95108.64  95      3928061.0 ms
success		1       107     3       50      3       0       95859.51  94      3928061.0 ms
success		1       108     1       23      1       0       95532.45  93      3928061.0 ms
success		1       109     4       50      4       0       95656.26  92      3928061.0 ms
success		1       110     4       23      4       0       95049.52  91      3928061.0 ms
success		1       111     1       44      1       0       94451.69  90      3928061.0 ms
success		1       112     3       78      3       0       93384.55  89      3928077.0 ms
success		1       113     1       7       1       0       92864.23  88      3928077.0 ms
success		1       114     4       44      4       0       90692.68  87      3928077.0 ms
success		1       115     3       67      3       0       90584.73  86      3928077.0 ms
success		1       116     6       56      6       0       92585.56  85      3928077.0 ms
success		1       117     2       45      2       0       92611.44  84      3928077.0 ms
success		1       118     6       1       6       0       91039.63  83      3928077.0 ms
success		1       119     2       71      2       0       91227.48  82      3928077.0 ms
success		1       120     1       32      1       0       91216.71  81      3928077.0 ms
success		1       121     2       7       2       0       91234.57  80      3928077.0 ms
success		1       122     5       15      5       0       90103.93  79      3928077.0 ms
success		1       123     1       59      1       0       89257.09  78      3928077.0 ms
success		1       124     1       4       1       0       89119.64  77      3928077.0 ms
success		1       125     2       75      2       0       88742.82  76      3928077.0 ms
success		1       126     5       31      5       0       87557.78  75      3928077.0 ms
success		1       127     2       43      2       0       87582.23  74      3928077.0 ms
success		1       128     1       42      1       0       87331.54  73      3928077.0 ms
success		1       129     3       7       3       0       87274.80  72      3928077.0 ms
success		1       130     2       30      2       0       88545.00  71      3928077.0 ms
success		1       131     3       36      3       0       87399.98  70      3928077.0 ms
success		1       132     5       24      5       0       87016.75  69      3928077.0 ms
success		1       133     2       51      2       0       87770.07  68      3928077.0 ms
success		1       134     5       38      5       0       86918.68  67      3928077.0 ms
success		1       135     3       57      3       0       86874.37  66      3928092.0 ms
success		1       136     3       15      3       0       85833.35  65      3928092.0 ms
success		1       137     2       8       2       0       85122.82  64      3928092.0 ms
success		1       138     2       22      2       0       84855.22  63      3928092.0 ms
success		1       139     2       16      2       0       84636.26  62      3928092.0 ms
success		1       140     6       57      6       0       82916.08  61      3928092.0 ms
success		1       141     3       10      3       0       82573.10  60      3928092.0 ms
success		1       142     2       19      2       0       81602.74  59      3928092.0 ms
success		1       143     3       37      3       0       81547.00  58      3928092.0 ms
success		1       144     5       19      5       0       81149.50  57      3928092.0 ms
success		1       145     1       18      1       0       80381.17  56      3928092.0 ms
success		1       146     13      11      13      0       82182.33  55      3928092.0 ms
success		1       147     6       38      6       0       83353.24  54      3928092.0 ms
success		1       148     1       36      1       0       82338.58  53      3928092.0 ms
success		1       149     2       4       2       0       81705.16  52      3928092.0 ms
success		1       150     4       21      4       0       80823.87  51      3928092.0 ms
success		1       151     1       25      1       0       78925.51  50      3928092.0 ms
success		1       152     5       45      5       0       78828.29  49      3928092.0 ms
success		1       153     11      4       11      0       76627.02  48      3928108.0 ms
success		1       154     2       36      2       0       76403.00  47      3928108.0 ms
success		1       155     4       10      4       0       75195.42  46      3928108.0 ms
success		1       156     3       25      3       0       73657.64  45      3928108.0 ms
success		1       157     1       9       1       0       72038.15  44      3928108.0 ms
success		1       158     2       17      2       0       71955.43  43      3928108.0 ms
success		1       159     1       21      1       0       71425.56  42      3928108.0 ms
success		1       160     2       10      2       0       70216.83  41      3928108.0 ms
success		1       161     4       7       4       0       69400.08  40      3928108.0 ms
success		1       162     4       8       4       0       68306.27  39      3928108.0 ms
success		1       163     4       1       4       0       67630.07  38      3928108.0 ms
success		1       164     3       7       3       0       66167.03  37      3928108.0 ms
success		1       165     3       30      3       0       64920.03  36      3928108.0 ms
success		1       166     3       21      3       0       64928.78  35      3928108.0 ms
success		1       167     12      18      12      0       63647.25  34      3928108.0 ms
success		1       168     5       13      5       0       62450.31  33      3928108.0 ms
success		1       169     10      12      10      0       62154.26  32      3928108.0 ms
success		1       170     5       20      5       0       59944.02  31      3928124.0 ms
success		1       171     3       16      3       0       58985.66  30      3928124.0 ms
success		1       172     3       14      3       0       57086.16  29      3928124.0 ms
success		1       173     8       12      8       0       55481.77  28      3928124.0 ms
success		1       174     7       3       7       0       54194.67  27      3928124.0 ms
success		1       175     6       18      6       0       53051.91  26      3928124.0 ms
success		1       176     9       12      9       0       52730.98  25      3928124.0 ms
success		1       177     10      23      10      0       51214.48  24      3928124.0 ms
success		1       178     7       19      7       0       50152.89  23      3928124.0 ms
success		1       179     15      2       15      0       50074.73  22      3928124.0 ms
success		1       180     11      8       11      0       47276.64  21      3928124.0 ms
success		1       181     14      6       14      0       46509.95  20      3928139.0 ms
success		1       182     7       6       7       0       44671.99  19      3928139.0 ms
success		1       183     16      2       16      0       43780.27  18      3928139.0 ms
success		1       184     10      3       10      0       40532.42  17      3928139.0 ms
success		1       185     15      0       15      0       39303.66  16      3928139.0 ms
success		1       186     13      13      13      0       37897.11  15      3928139.0 ms
success		1       187     18      6       17      0       35427.23  14      3928155.0 ms
success		1       188     15      1       15      0       32743.27  13      3928155.0 ms
success		1       189     15      3       15      0       30869.90  12      3928155.0 ms
success		1       190     18      10      18      0       29617.63  11      3928155.0 ms
success		1       191     20      1       18      0       26359.63  10      3928186.0 ms
success		1       192     28      2       22      0       23607.46  9       3928529.0 ms
success		1       193     31      2       25      0       21147.46  8       3928763.0 ms
success		1       194     47      5       24      0       18085.84  7       3930136.0 ms
success		1       195     154     5       28      0       15073.34  6       3954378.0 ms
success		1       196     6270    4       32      0       11773.62  5       4692498.0 ms
success		1       0       1       44      1       0       133609.50 201     5566992.0 ms
success		1       1       1       7       1       0       133457.05 200     5566992.0 ms
success		1       2       1       83      1       0       133366.95 199     5566992.0 ms
success		1       3       1       134     1       0       133208.71 198     5566992.0 ms
success		1       4       1       139     1       0       132806.56 197     5566992.0 ms
success		1       5       1       61      1       0       132396.39 196     5566992.0 ms
success		1       6       1       170     1       0       132199.33 195     5566992.0 ms
success		1       7       1       76      1       0       131990.85 194     5566992.0 ms
success		1       8       1       23      1       0       131810.69 193     5566992.0 ms
success		1       9       1       31      1       0       131646.17 192     5566992.0 ms
success		1       10      2       65      2       0       129484.28 191     5566992.0 ms
success		1       11      1       99      1       0       129259.02 190     5566992.0 ms
success		1       12      1       163     1       0       129034.94 189     5566992.0 ms
success		1       13      1       169     1       0       128929.98 188     5566992.0 ms
success		1       14      1       57      1       0       128401.72 187     5566992.0 ms
success		1       15      2       90      2       0       127457.74 186     5566992.0 ms
success		1       16      1       57      1       0       125761.16 185     5566992.0 ms
success		1       17      1       102     1       0       125465.16 184     5566992.0 ms
success		1       18      1       55      1       0       125202.05 183     5566992.0 ms
success		1       19      1       168     1       0       124998.03 182     5566992.0 ms
success		1       20      1       132     1       0       124739.93 181     5566992.0 ms
success		1       21      1       7       1       0       124242.25 180     5566992.0 ms
success		1       22      1       71      1       0       123889.00 179     5566992.0 ms
success		1       23      1       144     1       0       123659.77 178     5566992.0 ms
success		1       24      1       131     1       0       123424.97 177     5566992.0 ms
success		1       25      1       128     1       0       123103.45 176     5566992.0 ms
success		1       26      1       0       1       0       122920.46 175     5566992.0 ms
success		1       27      1       106     1       0       122760.28 174     5566992.0 ms
success		1       28      1       141     1       0       122482.15 173     5566992.0 ms
success		1       29      1       157     1       0       122081.92 172     5566992.0 ms
success		1       30      1       134     1       0       122084.22 171     5566992.0 ms
success		1       31      1       62      1       0       121855.15 170     5566992.0 ms
success		1       32      1       131     1       0       121443.95 169     5566992.0 ms
success		1       33      1       56      1       0       121209.27 168     5566992.0 ms
success		1       34      1       112     1       0       120967.27 167     5566992.0 ms
success		1       35      1       56      1       0       120748.99 166     5566992.0 ms
success		1       36      1       138     1       0       120409.59 165     5566992.0 ms
success		1       37      1       77      1       0       120182.63 164     5566992.0 ms
success		1       38      1       1       1       0       119961.67 163     5566992.0 ms
success		1       39      1       19      1       0       118258.07 162     5566992.0 ms
success		1       40      1       108     1       0       117845.97 161     5566992.0 ms
success		1       41      2       3       2       0       117566.43 160     5566992.0 ms
success		1       42      1       22      1       0       117337.87 159     5567007.0 ms
success		1       43      3       20      3       0       116920.16 158     5567007.0 ms
success		1       44      2       11      2       0       116817.12 157     5567007.0 ms
success		1       45      1       7       1       0       116977.27 156     5567007.0 ms
success		1       46      1       149     1       0       116928.86 155     5567007.0 ms
success		1       47      1       89      1       0       116337.52 154     5567007.0 ms
success		1       48      2       40      2       0       116415.26 153     5567007.0 ms
success		1       49      1       147     1       0       116322.40 152     5567007.0 ms
success		1       50      2       74      2       0       115892.94 151     5567007.0 ms
success		1       51      2       96      2       0       116182.72 150     5567007.0 ms
success		1       52      1       60      1       0       115957.76 149     5567007.0 ms
success		1       53      1       82      1       0       115790.74 148     5567007.0 ms
success		1       54      2       146     2       0       115227.05 147     5567007.0 ms
success		1       55      1       98      1       0       115162.93 146     5567007.0 ms
success		1       56      1       46      1       0       114489.10 145     5567007.0 ms
success		1       57      1       91      1       0       114213.05 144     5567007.0 ms
success		1       58      1       70      1       0       113113.41 143     5567007.0 ms
success		1       59      1       116     1       0       112690.41 142     5567007.0 ms
success		1       60      1       125     1       0       112467.59 141     5567007.0 ms
success		1       61      1       97      1       0       111310.86 140     5567007.0 ms
success		1       62      1       117     1       0       110953.72 139     5567007.0 ms
success		1       63      1       7       1       0       110556.68 138     5567007.0 ms
success		1       64      3       127     3       0       110647.39 137     5567007.0 ms
success		1       65      2       62      2       0       110063.43 136     5567007.0 ms
success		1       66      1       110     1       0       110068.07 135     5567007.0 ms
success		1       67      2       124     2       0       108613.65 134     5567007.0 ms
success		1       68      4       13      4       0       108150.54 133     5567007.0 ms
success		1       69      1       52      1       0       108326.79 132     5567007.0 ms
success		1       70      1       16      1       0       108155.12 131     5567007.0 ms
success		1       71      1       92      1       0       107436.93 130     5567007.0 ms
success		1       72      2       76      2       0       107469.41 129     5567007.0 ms
success		1       73      1       91      1       0       107630.52 128     5567007.0 ms
success		1       74      2       44      2       0       107591.86 127     5567007.0 ms
success		1       75      2       70      2       0       107998.91 126     5567007.0 ms
success		1       76      3       75      3       0       107972.30 125     5567007.0 ms
success		1       77      2       72      2       0       107370.38 124     5567007.0 ms
success		1       78      3       64      3       0       107050.53 123     5567007.0 ms
success		1       79      1       53      1       0       107150.83 122     5567007.0 ms
success		1       80      1       97      1       0       106968.28 121     5567023.0 ms
success		1       81      1       108     1       0       105580.99 120     5567023.0 ms
success		1       82      3       24      3       0       105621.30 119     5567023.0 ms
success		1       83      3       24      3       0       105761.50 118     5567023.0 ms
success		1       84      2       99      2       0       105585.65 117     5567023.0 ms
success		1       85      1       75      1       0       105360.11 116     5567023.0 ms
success		1       86      1       9       1       0       105301.07 115     5567023.0 ms
success		1       87      1       33      1       0       105295.58 114     5567023.0 ms
success		1       88      2       103     2       0       104427.29 113     5567023.0 ms
success		1       89      1       86      1       0       104147.97 112     5567023.0 ms
success		1       90      1       76      1       0       103834.91 111     5567023.0 ms
success		1       91      1       49      1       0       103744.78 110     5567023.0 ms
success		1       92      1       8       1       0       103414.65 109     5567023.0 ms
success		1       93      1       98      1       0       101169.20 108     5567023.0 ms
success		1       94      1       70      1       0       100822.61 107     5567023.0 ms
success		1       95      1       29      1       0       100175.42 106     5567023.0 ms
success		1       96      1       53      1       0       100079.34 105     5567023.0 ms
success		1       97      2       30      2       0       99901.20  104     5567023.0 ms
success		1       98      1       42      1       0       99573.96  103     5567023.0 ms
success		1       99      1       76      1       0       99391.81  102     5567023.0 ms
success		1       100     2       27      2       0       99274.52  101     5567023.0 ms
success		1       101     2       32      2       0       99405.30  100     5567023.0 ms
success		1       102     2       5       2       0       98706.49  99      5567023.0 ms
success		1       103     1       46      1       0       98383.69  98      5567023.0 ms
success		1       104     2       14      2       0       96292.66  97      5567023.0 ms
success		1       105     1       88      1       0       96204.78  96      5567023.0 ms
success		1       106     1       71      1       0       96050.38  95      5567023.0 ms
success		1       107     1       27      1       0       95890.36  94      5567023.0 ms
success		1       108     1       8       1       0       95441.90  93      5567023.0 ms
success		1       109     3       79      3       0       92978.02  92      5567023.0 ms
success		1       110     4       52      4       0       93085.72  91      5567023.0 ms
success		1       111     2       71      2       0       93298.41  90      5567023.0 ms
success		1       112     3       10      3       0       92852.52  89      5567023.0 ms
success		1       113     1       12      1       0       92624.43  88      5567023.0 ms
success		1       114     2       86      2       0       92742.01  87      5567023.0 ms
success		1       115     3       29      3       0       92672.12  86      5567023.0 ms
success		1       116     3       0       3       0       92008.25  85      5567039.0 ms
success		1       117     3       78      3       0       92042.61  84      5567039.0 ms
success		1       118     2       34      2       0       91711.60  83      5567039.0 ms
success		1       119     5       15      5       0       91379.24  82      5567039.0 ms
success		1       120     2       75      2       0       91277.48  81      5567039.0 ms
success		1       121     3       28      3       0       90783.63  80      5567039.0 ms
success		1       122     3       10      3       0       90315.39  79      5567039.0 ms
success		1       123     1       38      1       0       90093.11  78      5567039.0 ms
success		1       124     4       13      4       0       90034.70  77      5567039.0 ms
success		1       125     3       53      3       0       91492.67  76      5567039.0 ms
success		1       126     1       32      1       0       90103.90  75      5567039.0 ms
success		1       127     2       33      2       0       89360.63  74      5567039.0 ms
success		1       128     4       40      4       0       89189.16  73      5567039.0 ms
success		1       129     4       66      4       0       87525.62  72      5567039.0 ms
success		1       130     2       58      2       0       87570.71  71      5567039.0 ms
success		1       131     1       65      1       0       87759.90  70      5567039.0 ms
success		1       132     2       61      2       0       87447.61  69      5567039.0 ms
success		1       133     3       10      3       0       87218.43  68      5567039.0 ms
success		1       134     1       50      1       0       86574.75  67      5567039.0 ms
success		1       135     3       25      3       0       85893.97  66      5567039.0 ms
success		1       136     1       9       1       0       85275.84  65      5567039.0 ms
success		1       137     2       34      2       0       84473.40  64      5567039.0 ms
success		1       138     6       45      6       0       82644.04  63      5567039.0 ms
success		1       139     3       8       3       0       81669.45  62      5567039.0 ms
success		1       140     3       6       3       0       79853.92  61      5567039.0 ms
success		1       141     2       7       2       0       78882.65  60      5567039.0 ms
success		1       142     1       1       1       0       78878.67  59      5567039.0 ms
success		1       143     4       23      4       0       78627.63  58      5567054.0 ms
success		1       144     2       27      2       0       78052.25  57      5567054.0 ms
success		1       145     1       22      1       0       77672.41  56      5567054.0 ms
success		1       146     3       24      3       0       77652.77  55      5567054.0 ms
success		1       147     2       20      2       0       77734.44  54      5567054.0 ms
success		1       148     1       3       1       0       77371.72  53      5567054.0 ms
success		1       149     2       21      2       0       77328.61  52      5567054.0 ms
success		1       150     2       7       2       0       76090.63  51      5567054.0 ms
success		1       151     1       49      1       0       75664.93  50      5567054.0 ms
success		1       152     8       8       8       0       73873.20  49      5567054.0 ms
success		1       153     3       34      3       0       72952.39  48      5567054.0 ms
success		1       154     9       35      9       0       71881.76  47      5567054.0 ms
success		1       155     1       11      1       0       71592.09  46      5567054.0 ms
success		1       156     1       40      1       0       69956.29  45      5567054.0 ms
success		1       157     3       26      3       0       70209.39  44      5567054.0 ms
success		1       158     2       16      2       0       70326.98  43      5567054.0 ms
success		1       159     2       17      2       0       69295.69  42      5567054.0 ms
success		1       160     4       32      4       0       68528.03  41      5567054.0 ms
success		1       161     8       39      8       0       67635.88  40      5567054.0 ms
success		1       162     6       8       6       0       68129.71  39      5567054.0 ms
success		1       163     5       13      5       0       68114.28  38      5567070.0 ms
success		1       164     2       13      2       0       67612.38  37      5567070.0 ms
success		1       165     8       35      8       0       66406.02  36      5567070.0 ms
success		1       166     3       7       3       0       64864.62  35      5567070.0 ms
success		1       167     3       3       3       0       64236.50  34      5567070.0 ms
success		1       168     2       6       2       0       63901.80  33      5567070.0 ms
success		1       169     5       8       5       0       64071.50  32      5567070.0 ms
success		1       170     5       7       5       0       62807.18  31      5567070.0 ms
success		1       171     1       25      1       0       62818.32  30      5567070.0 ms
success		1       172     6       18      6       0       62030.81  29      5567070.0 ms
success		1       173     3       19      3       0       60997.67  28      5567070.0 ms
success		1       174     5       27      5       0       59028.79  27      5567070.0 ms
success		1       175     8       5       8       0       58262.15  26      5567070.0 ms
success		1       176     3       4       3       0       57632.19  25      5567070.0 ms
success		1       177     6       16      6       0       56020.96  24      5567070.0 ms
success		1       178     8       16      8       0       54277.49  23      5567070.0 ms
success		1       179     5       2       5       0       52709.31  22      5567070.0 ms
success		1       180     6       10      6       0       50206.20  21      5567070.0 ms
success		1       181     9       7       9       0       47664.37  20      5567085.0 ms
success		1       182     14      9       14      0       45439.28  19      5567085.0 ms
success		1       183     10      6       10      0       43364.46  18      5567085.0 ms
success		1       184     15      2       15      0       42484.77  17      5567085.0 ms
success		1       185     9       1       9       0       39832.44  16      5567085.0 ms
success		1       186     11      13      11      0       37514.60  15      5567085.0 ms
success		1       187     16      14      16      0       35789.52  14      5567085.0 ms
success		1       188     16      2       16      0       33686.66  13      5567085.0 ms
success		1       189     15      12      14      0       31598.63  12      5567117.0 ms
success		1       190     18      5       18      0       29800.41  11      5567117.0 ms
success		1       191     19      8       18      0       26346.29  10      5567163.0 ms
success		1       192     23      4       16      0       23548.47  9       5567335.0 ms
success		1       193     74      4       21      0       21188.46  8       5571469.0 ms
success		1       194     135     0       23      0       18264.59  7       5583512.0 ms
success		1       195     386     5       28      0       15088.33  6       5631045.0 ms
success		1       196     5822    1       32      0       11842.95  5       6386481.0 ms
success		1       0       1       132     1       0       133628.90 201     7133227.0 ms
success		1       1       1       62      1       0       133110.03 200     7133227.0 ms
success		1       2       1       173     1       0       132872.28 199     7133227.0 ms
success		1       3       1       102     1       0       132672.76 198     7133227.0 ms
success		1       4       1       74      1       0       132497.34 197     7133227.0 ms
success		1       5       1       65      1       0       130991.00 196     7133227.0 ms
success		1       6       1       71      1       0       129787.88 195     7133227.0 ms
success		1       7       1       124     1       0       129360.38 194     7133227.0 ms
success		1       8       1       176     1       0       129072.23 193     7133227.0 ms
success		1       9       1       116     1       0       128921.50 192     7133227.0 ms
success		1       10      1       49      1       0       128451.28 191     7133227.0 ms
success		1       11      1       99      1       0       128218.21 190     7133227.0 ms
success		1       12      1       29      1       0       128013.95 189     7133227.0 ms
success		1       13      2       99      2       0       127850.56 188     7133227.0 ms
success		1       14      2       26      2       0       127483.12 187     7133227.0 ms
success		1       15      1       122     1       0       127185.56 186     7133227.0 ms
success		1       16      2       157     2       0       127869.60 185     7133243.0 ms
success		1       17      1       150     1       0       127624.58 184     7133243.0 ms
success		1       18      1       7       1       0       127637.99 183     7133243.0 ms
success		1       19      2       25      2       0       127099.92 182     7133243.0 ms
success		1       20      1       84      1       0       126945.87 181     7133243.0 ms
success		1       21      1       163     1       0       126753.66 180     7133243.0 ms
success		1       22      1       152     1       0       125903.19 179     7133243.0 ms
success		1       23      1       32      1       0       125673.60 178     7133243.0 ms
success		1       24      1       148     1       0       125559.94 177     7133243.0 ms
success		1       25      1       28      1       0       125318.16 176     7133243.0 ms
success		1       26      1       147     1       0       124989.01 175     7133243.0 ms
success		1       27      1       142     1       0       124787.12 174     7133243.0 ms
success		1       28      1       135     1       0       124505.08 173     7133243.0 ms
success		1       29      1       23      1       0       124499.48 172     7133243.0 ms
success		1       30      1       155     1       0       124381.00 171     7133243.0 ms
success		1       31      1       136     1       0       124309.74 170     7133243.0 ms
success		1       32      1       46      1       0       124214.91 169     7133243.0 ms
success		1       33      1       129     1       0       124036.16 168     7133243.0 ms
success		1       34      1       84      1       0       123677.60 167     7133243.0 ms
success		1       35      1       87      1       0       123454.31 166     7133243.0 ms
success		1       36      1       32      1       0       123338.91 165     7133243.0 ms
success		1       37      1       101     1       0       123071.91 164     7133243.0 ms
success		1       38      1       93      1       0       123104.84 163     7133243.0 ms
success		1       39      2       43      2       0       122747.03 162     7133243.0 ms
success		1       40      1       97      1       0       122276.32 161     7133243.0 ms
success		1       41      1       150     1       0       121874.44 160     7133243.0 ms
success		1       42      2       11      2       0       121516.17 159     7133243.0 ms
success		1       43      2       82      2       0       121006.14 158     7133243.0 ms
success		1       44      1       121     1       0       120892.77 157     7133243.0 ms
success		1       45      1       113     1       0       120689.32 156     7133243.0 ms
success		1       46      4       23      4       0       120912.41 155     7133243.0 ms
success		1       47      1       53      1       0       120783.20 154     7133243.0 ms
success		1       48      2       35      2       0       120532.81 153     7133243.0 ms
success		1       49      2       103     2       0       120416.28 152     7133243.0 ms
success		1       50      2       85      2       0       120193.86 151     7133243.0 ms
success		1       51      1       8       1       0       119857.62 150     7133243.0 ms
success		1       52      3       12      3       0       119276.26 149     7133243.0 ms
success		1       53      1       3       1       0       118927.95 148     7133243.0 ms
success		1       54      1       67      1       0       118549.33 147     7133243.0 ms
success		1       55      1       101     1       0       116827.96 146     7133243.0 ms
success		1       56      2       141     2       0       116695.27 145     7133259.0 ms
success		1       57      1       67      1       0       116538.71 144     7133259.0 ms
success		1       58      3       85      3       0       116480.58 143     7133259.0 ms
success		1       59      1       17      1       0       116428.51 142     7133259.0 ms
success		1       60      1       86      1       0       115012.40 141     7133259.0 ms
success		1       61      1       53      1       0       114529.15 140     7133259.0 ms
success		1       62      3       60      3       0       113883.66 139     7133259.0 ms
success		1       63      1       90      1       0       113622.16 138     7133259.0 ms
success		1       64      2       31      2       0       113545.16 137     7133259.0 ms
success		1       65      3       105     3       0       113040.75 136     7133259.0 ms
success		1       66      5       31      5       0       113279.16 135     7133259.0 ms
success		1       67      1       108     1       0       112869.79 134     7133259.0 ms
success		1       68      2       51      2       0       110987.59 133     7133259.0 ms
success		1       69      1       124     1       0       110815.96 132     7133259.0 ms
success		1       70      1       46      1       0       110575.29 131     7133259.0 ms
success		1       71      1       77      1       0       110192.21 130     7133259.0 ms
success		1       72      2       15      2       0       109989.12 129     7133259.0 ms
success		1       73      1       68      1       0       110107.54 128     7133259.0 ms
success		1       74      3       37      3       0       109461.31 127     7133259.0 ms
success		1       75      2       104     2       0       109759.34 126     7133259.0 ms
success		1       76      2       45      2       0       109480.63 125     7133259.0 ms
success		1       77      1       33      1       0       109382.50 124     7133259.0 ms
success		1       78      4       48      4       0       109489.43 123     7133259.0 ms
success		1       79      2       57      2       0       109535.79 122     7133259.0 ms
success		1       80      1       35      1       0       109470.11 121     7133259.0 ms
success		1       81      1       30      1       0       109141.11 120     7133259.0 ms
success		1       82      1       5       1       0       108984.50 119     7133259.0 ms
success		1       83      1       72      1       0       108833.69 118     7133259.0 ms
success		1       84      1       41      1       0       108668.48 117     7133259.0 ms
success		1       85      1       87      1       0       107930.01 116     7133259.0 ms
success		1       86      2       57      2       0       107633.23 115     7133259.0 ms
success		1       87      1       42      1       0       107644.71 114     7133259.0 ms
success		1       88      1       90      1       0       106115.13 113     7133259.0 ms
success		1       89      1       37      1       0       106091.27 112     7133259.0 ms
success		1       90      1       7       1       0       105853.31 111     7133259.0 ms
success		1       91      1       79      1       0       105798.72 110     7133259.0 ms
success		1       92      1       4       1       0       105585.83 109     7133259.0 ms
success		1       93      1       49      1       0       105515.04 108     7133259.0 ms
success		1       94      2       72      2       0       105309.59 107     7133259.0 ms
success		1       95      1       78      1       0       105176.92 106     7133259.0 ms
success		1       96      1       14      1       0       104567.42 105     7133274.0 ms
success		1       97      3       93      3       0       104150.95 104     7133274.0 ms
success		1       98      2       8       2       0       104109.45 103     7133274.0 ms
success		1       99      3       102     3       0       104466.06 102     7133274.0 ms
success		1       100     2       69      2       0       104422.11 101     7133274.0 ms
success		1       101     2       59      2       0       104371.32 100     7133274.0 ms
success		1       102     3       16      3       0       104043.46 99      7133274.0 ms
success		1       103     4       1       4       0       103113.39 98      7133274.0 ms
success		1       104     1       20      1       0       101740.41 97      7133274.0 ms
success		1       105     1       47      1       0       99472.30  96      7133274.0 ms
success		1       106     1       51      1       0       99316.45  95      7133274.0 ms
success		1       107     6       23      6       0       99513.43  94      7133274.0 ms
success		1       108     1       92      1       0       99430.79  93      7133274.0 ms
success		1       109     6       71      6       0       98816.49  92      7133274.0 ms
success		1       110     1       9       1       0       96481.69  91      7133274.0 ms
success		1       111     1       45      1       0       95096.32  90      7133274.0 ms
success		1       112     2       27      2       0       95015.58  89      7133274.0 ms
success		1       113     2       78      2       0       94676.67  88      7133274.0 ms
success		1       114     1       46      1       0       94697.92  87      7133274.0 ms
success		1       115     1       18      1       0       94401.19  86      7133274.0 ms
success		1       116     5       45      5       0       94252.44  85      7133274.0 ms
success		1       117     2       39      2       0       94130.96  84      7133274.0 ms
success		1       118     1       31      1       0       93853.14  83      7133274.0 ms
success		1       119     1       3       1       0       93605.29  82      7133274.0 ms
success		1       120     1       78      1       0       93605.10  81      7133274.0 ms
success		1       121     1       23      1       0       93340.88  80      7133274.0 ms
success		1       122     2       41      2       0       92120.52  79      7133274.0 ms
success		1       123     2       48      2       0       92061.09  78      7133274.0 ms
success		1       124     1       63      1       0       92171.70  77      7133274.0 ms
success		1       125     3       1       3       0       92051.66  76      7133274.0 ms
success		1       126     3       26      3       0       91676.70  75      7133274.0 ms
success		1       127     1       62      1       0       91278.55  74      7133290.0 ms
success		1       128     1       43      1       0       91226.86  73      7133290.0 ms
success		1       129     1       22      1       0       90963.71  72      7133290.0 ms
success		1       130     9       62      9       0       89250.23  71      7133290.0 ms
success		1       131     2       9       2       0       89008.37  70      7133290.0 ms
success		1       132     2       24      2       0       87946.08  69      7133290.0 ms
success		1       133     2       38      2       0       86166.40  68      7133290.0 ms
success		1       134     1       66      1       0       85557.13  67      7133290.0 ms
success		1       135     3       45      3       0       85153.72  66      7133290.0 ms
success		1       136     3       0       3       0       83643.95  65      7133290.0 ms
success		1       137     1       2       1       0       83003.50  64      7133290.0 ms
success		1       138     1       0       1       0       83004.45  63      7133290.0 ms
success		1       139     1       4       1       0       82643.87  62      7133290.0 ms
success		1       140     3       27      3       0       81177.57  61      7133290.0 ms
success		1       141     3       39      3       0       80463.81  60      7133290.0 ms
success		1       142     2       44      2       0       79468.08  59      7133290.0 ms
success		1       143     1       17      1       0       79244.51  58      7133290.0 ms
success		1       144     2       57      2       0       78999.57  57      7133290.0 ms
success		1       145     3       39      3       0       78720.38  56      7133290.0 ms
success		1       146     3       3       3       0       77746.42  55      7133290.0 ms
success		1       147     1       44      1       0       77611.01  54      7133290.0 ms
success		1       148     11      16      11      0       76233.94  53      7133290.0 ms
success		1       149     5       40      5       0       74013.13  52      7133290.0 ms
success		1       150     3       5       3       0       73827.80  51      7133290.0 ms
success		1       151     5       6       5       0       74075.82  50      7133290.0 ms
success		1       152     8       23      8       0       73229.60  49      7133305.0 ms
success		1       153     4       3       4       0       71440.91  48      7133305.0 ms
success		1       154     3       43      3       0       71387.85  47      7133305.0 ms
success		1       155     5       2       5       0       70335.28  46      7133305.0 ms
success		1       156     6       29      6       0       70115.42  45      7133305.0 ms
success		1       157     3       22      3       0       70008.95  44      7133305.0 ms
success		1       158     2       35      2       0       68831.60  43      7133305.0 ms
success		1       159     7       37      7       0       68638.38  42      7133305.0 ms
success		1       160     8       6       8       0       67289.77  41      7133305.0 ms
success		1       161     1       18      1       0       67409.01  40      7133305.0 ms
success		1       162     4       36      4       0       67091.37  39      7133305.0 ms
success		1       163     6       16      6       0       65752.59  38      7133305.0 ms
success		1       164     8       2       8       0       65282.32  37      7133305.0 ms
success		1       165     7       18      7       0       63887.49  36      7133305.0 ms
success		1       166     11      34      11      0       62940.97  35      7133305.0 ms
success		1       167     3       16      3       0       60946.38  34      7133321.0 ms
success		1       168     4       30      4       0       59216.93  33      7133321.0 ms
success		1       169     6       2       6       0       57001.93  32      7133321.0 ms
success		1       170     1       20      1       0       57069.55  31      7133321.0 ms
success		1       171     3       5       3       0       56840.47  30      7133321.0 ms
success		1       172     6       2       6       0       55531.25  29      7133321.0 ms
success		1       173     2       1       2       0       54917.01  28      7133321.0 ms
success		1       174     8       3       8       0       54656.68  27      7133321.0 ms
success		1       175     8       14      8       0       52756.47  26      7133321.0 ms
success		1       176     11      10      11      0       51355.68  25      7133321.0 ms
success		1       177     4       10      4       0       49720.56  24      7133321.0 ms
success		1       178     8       12      8       0       49417.72  23      7133321.0 ms
success		1       179     7       11      7       0       47844.17  22      7133321.0 ms
success		1       180     13      7       13      0       46983.39  21      7133321.0 ms
success		1       181     8       17      8       0       44878.48  20      7133321.0 ms
success		1       182     6       17      6       0       42866.38  19      7133337.0 ms
success		1       183     8       10      8       0       40922.75  18      7133337.0 ms
success		1       184     11      2       11      0       39150.49  17      7133337.0 ms
success		1       185     9       3       9       0       37550.17  16      7133337.0 ms
success		1       186     13      8       13      0       36863.09  15      7133337.0 ms
success		1       187     14      0       13      0       37241.49  14      7133352.0 ms
success		1       188     15      2       14      0       34086.97  13      7133368.0 ms
success		1       189     17      4       15      0       31705.92  12      7133399.0 ms
success		1       190     22      8       19      0       29725.52  11      7133477.0 ms
success		1       191     23      1       18      0       27251.16  10      7133649.0 ms
success		1       192     22      6       17      0       23980.34  9       7133914.0 ms
success		1       193     37      4       25      0       21037.80  8       7134288.0 ms
success		1       194     37      2       27      0       18119.04  7       7134975.0 ms
success		1       195     107     0       27      0       15037.25  6       7148749.0 ms
cross iterater0

R.size:5

1		106	355	105	39	13	65	350	316	5	150	112	279	178	305	115	359	184	215	274	111	285	187	125	207	96	235	30	145	352	221	146	343	174	301	163	323	388	318	200	226	10	197	320	313	48	42	328	3	312	399	303	366	227	329	103	259	338	339	213	243	132	298	275	46	8	66	189	152	330	136	309	385	156	85	228	169	88	223	109	278	
2		119	162	238	127	237	265	389	98	344	157	362	290	276	45	41	244	15	50	40	266	319	86	347	283	306	263	16	299	73	310	375	203	379	153	89	214	87	240	242	194	317	348	336	121	104	356	314	231	271	4	29	22	179	64	335	248	149	333	80	36	107	398	277	401	192	269	1	270	287	273	11	296	268	147	272	75	51	349	101	293	302	171	
3		291	60	37	397	183	144	195	246	201	395	63	21	102	222	38	370	353	311	19	47	364	20	139	135	374	308	167	110	67	78	206	322	82	161	6	358	31	363	79	172	262	394	151	159	239	55	59	52	247	357	257	351	342	369	17	373	404	229	219	391	7	260	367	241	70	129	255	286	58	403	170	99	123	315	193	383	181	258	199	100	393	140	
4		251	390	148	281	381	400	188	92	378	292	12	76	91	232	155	35	24	118	249	288	230	74	324	142	205	26	384	190	402	72	134	225	143	116	264	252	173	90	211	202	175	337	117	377	198	44	120	368	108	361	81	220	97	297	280	326	209	261	176	186	191	49	158	289	84	182	325	376	69	166	284	124	62	360	14	25	236	212	138	56	
5		71	165	27	233	68	331	141	386	217	95	334	122	327	23	245	131	256	177	396	168	392	304	267	93	234	253	180	300	282	294	2	307	250	126	295	61	332	218	354	34	128	380	371	365	340	43	9	77	341	185	54	216	154	32	210	114	387	164	321	130	133	94	57	196	160	28	137	254	224	18	382	83	345	33	208	204	113	53	372	346	

data1/pdp400/LR2_4_8.txt
total_cost 11865.517072

